2019 deficit (MW),2019 generation (MW),2019 storage (MW),2020 deficit (MW),2020 generation (MW),2020 storage (MW),2021 deficit (MW),2021 generation (MW),2021 storage (MW),2022 deficit (MW),2022 generation (MW),2022 storage (MW),2023 deficit (MW),2023 generation (MW),2023 storage (MW),2024 deficit (MW),2024 generation (MW),2024 storage (MW)
0.0,260.01878033063105,455.18029724042856,0.0,264.2217910549764,458.5427058199048,0.0,281.32543874098417,472.22562396871103,0.0,252.20278157728433,448.92749823775114,0.0,255.9574248172841,451.93121282975096,0.0,255.0326076269724,451.1913590775016
0.0,280.43727454834516,599.5301168791048,0.0,281.9049552733296,604.0666700385685,0.0,317.37125009512164,635.8082604566729,0.0,262.23986220389486,578.7193880008671,0.0,274.6960220869938,591.688030499346,0.0,272.78183021606225,589.4168232503514
0.0,286.9083485776403,654.3305459518474,0.0,284.9423171757675,654.3305459518474,0.0,303.493067767281,654.3305459518474,0.0,263.92293864174104,654.3305459518474,0.0,279.37080214703514,654.3305459518474,0.0,274.9462144591297,654.3305459518474
0.0,280.45599602942553,654.3305459518474,0.0,271.91035343712014,654.3305459518474,0.0,263.3905812700667,654.3305459518474,0.0,253.92515731568975,654.3305459518474,0.0,270.7965441461539,654.3305459518474,0.0,261.3244057541234,654.3305459518474
0.0,258.28668839371534,654.3305459518474,0.0,246.2569950240398,654.3305459518474,0.0,211.5239580375663,654.3305459518474,0.0,235.65514989183436,654.3305459518474,0.0,243.82970044946947,654.3305459518474,0.0,232.3316535355281,654.3305459518474
0.0,219.76024205363802,654.3305459518474,0.0,205.48438634993477,654.3305459518474,0.0,162.9463899600682,654.3305459518474,0.0,196.62849653647027,654.3305459518474,0.0,207.5069376530188,654.3305459518474,0.0,187.17993772477527,654.3305459518474
0.0,165.82673238925418,654.3305459518474,0.0,148.82808691657206,654.3305459518474,0.0,122.77784509211732,654.3305459518474,0.0,134.81610923784493,654.3305459518474,0.0,145.10620626846298,654.3305459518474,0.0,129.18507254704448,654.3305459518474
0.0,99.63523795398106,654.3305459518474,0.0,82.5594947606088,654.3305459518474,0.0,88.57866635774653,654.3305459518474,0.0,77.3089108450189,654.3305459518474,0.0,78.47270332852783,654.3305459518474,0.0,64.2503657651792,654.3305459518474
0.0,42.71638364708552,654.3305459518474,0.0,27.83328464738637,654.3305459518474,0.0,61.49710424922609,654.3305459518474,0.0,31.66652648850463,654.3305459518474,0.0,43.22127103264237,654.3305459518474,0.0,21.521086429741615,654.3305459518474
0.0,15.829994889918037,654.3305459518474,0.0,7.042019785588539,654.3305459518474,0.0,51.331086370984224,654.3305459518474,0.0,9.544555742450582,654.3305459518474,0.0,22.75561765425718,654.3305459518474,0.0,2.3279404249879465,654.3305459518474
0.0,9.95194531682347,654.3305459518474,0.0,3.317315105607824,654.3305459518474,0.0,52.553255094102894,654.3305459518474,0.0,5.179667445598181,654.3305459518474,0.0,22.464625101133684,654.3305459518474,0.0,0.8147791487457813,654.3305459518474
0.0,8.904372125578895,654.3305459518474,0.0,0.6401836168716852,654.3305459518474,0.0,52.90244615785109,654.3305459518474,0.0,1.8041538293656585,654.3305459518474,0.0,23.86138935612645,654.3305459518474,0.0,0.4655880849975893,654.3305459518474
0.0,8.787975104329497,654.3305459518474,0.0,0.05819851062469866,654.3305459518474,0.0,52.49505658347819,654.3305459518474,0.0,0.23279404249879465,654.3305459518474,0.0,24.38517595174874,654.3305459518474,0.0,0.698382127496384,654.3305459518474
0.0,9.13716616807769,654.3305459518474,0.0,0.0,654.3305459518474,0.0,51.44748339223362,654.3305459518474,0.0,0.0,654.3305459518474,0.0,24.152381909249943,654.3305459518474,0.0,1.1057717018692748,654.3305459518474
0.0,8.962570636203594,654.3305459518474,0.0,0.349191063748192,654.3305459518474,0.0,50.51630722223844,654.3305459518474,0.0,0.05819851062469866,654.3305459518474,0.0,24.443374462373438,654.3305459518474,0.0,0.174595531874096,654.3305459518474
0.0,8.32238701933191,654.3305459518474,0.0,1.222168723118672,654.3305459518474,0.0,49.23593998849507,654.3305459518474,0.0,0.05819851062469866,654.3305459518474,0.0,23.86138935612645,654.3305459518474,0.0,0.0,654.3305459518474
0.0,7.565806381210827,654.3305459518474,0.0,2.0951463824891516,654.3305459518474,0.0,47.7809772228776,654.3305459518474,0.0,0.0,654.3305459518474,0.0,22.930213186131272,654.3305459518474,0.0,0.0,654.3305459518474
0.0,6.809225743089744,654.3305459518474,0.0,2.036947871864453,654.3305459518474,0.0,46.67520552100833,654.3305459518474,0.0,0.05819851062469866,654.3305459518474,0.0,23.279404249879466,654.3305459518474,0.0,0.11639702124939733,654.3305459518474
0.0,6.867424253714441,654.3305459518474,0.0,1.222168723118672,654.3305459518474,0.0,45.860426372262545,654.3305459518474,0.0,1.1057717018692748,654.3305459518474,0.0,23.51219829237826,654.3305459518474,0.0,0.5237865956222879,654.3305459518474
0.0,16.199763773145083,654.3305459518474,0.0,9.848266254941079,654.3305459518474,0.0,54.01307595897551,654.3305459518474,0.0,11.043675907882452,654.3305459518474,0.0,39.172455749677354,654.3305459518474,0.0,6.493152729202353,654.3305459518474
0.0,48.777244070136156,654.3305459518474,0.0,42.724598965167495,654.3305459518474,0.0,88.2390137635236,654.3305459518474,0.0,43.78789187663577,654.3305459518474,0.0,76.06448569300798,654.3305459518474,0.0,32.767795549088866,654.3305459518474
0.0,107.64508690723743,654.3305459518474,0.0,105.36280476249223,654.3305459518474,0.0,135.65579111836954,654.3305459518474,0.0,92.79960859868412,654.3305459518474,0.0,120.43436267589072,654.3305459518474,0.0,84.99146970544925,654.3305459518474
0.0,168.16924711200755,654.3305459518474,0.0,169.0989224015744,654.3305459518474,0.0,181.36909194487552,654.3305459518474,0.0,149.73586123521673,654.3305459518474,0.0,171.59006355051272,654.3305459518474,0.0,149.73586123521673,654.3305459518474
0.0,213.55057747541738,654.3305459518474,0.0,221.67178762168297,654.3305459518474,0.0,222.61832805393172,654.3305459518474,0.0,205.53958309970278,654.3305459518474,0.0,207.63905439449195,654.3305459518474,0.0,182.06164827964355,654.3305459518474
0.0,249.15755981473455,654.3305459518474,0.0,256.3711733713405,654.3305459518474,0.0,216.2101329055314,654.3305459518474,0.0,227.326581621804,654.3305459518474,0.0,242.05848694097952,654.3305459518474,0.0,236.53934463014352,654.3305459518474
0.0,268.35388530933,654.3305459518474,0.0,275.55963900582407,654.3305459518474,0.0,200.70707265046929,654.3305459518474,0.0,222.2648120778836,654.3305459518474,0.0,243.5654669665233,654.3305459518474,0.0,252.97826142547086,654.3305459518474
0.0,276.3837788951101,654.3305459518474,0.0,279.4699785676325,654.3305459518474,0.0,213.17427188352184,654.3305459518474,0.0,202.5997190084488,654.3305459518474,0.0,179.43935808270533,654.3305459518474,0.0,231.45231689647412,654.3305459518474
0.0,269.11982668799124,654.3305459518474,0.0,265.1812271755772,654.3305459518474,0.0,221.1774063991246,654.3305459518474,0.0,195.76991544588017,654.3305459518474,0.0,108.45836517555486,654.3305459518474,0.0,183.21440141319889,654.3305459518474
0.0,246.47239073690153,654.3305459518474,0.0,240.20267130965777,654.3305459518474,0.0,225.0342278205784,654.3305459518474,0.0,201.4765489769424,654.3305459518474,0.0,92.52901613605444,646.8595620879018,0.0,148.31684055133172,654.3305459518474
0.0,205.74544034303926,654.3305459518474,0.0,199.4835807759073,654.3305459518474,0.0,209.93537765004743,654.3305459518474,0.0,185.77999397994077,654.3305459518474,0.0,87.15567621953164,634.0152383074335,0.0,138.99403950142633,654.3305459518474
0.0,147.16390968879134,654.3305459518474,0.0,138.84620303972955,654.3305459518474,0.0,161.35463008270753,654.3305459518474,0.0,137.30778357373842,654.3305459518474,0.0,61.635935428352795,595.6511737357863,0.0,104.48814849370835,654.3305459518474
0.0,78.59413617801744,654.3305459518474,0.0,71.82420973548693,654.3305459518474,0.0,107.85526906287384,654.3305459518474,0.0,79.19652137475822,654.3305459518474,0.0,46.5402647476636,632.8833855339171,0.0,49.71159972997309,654.3305459518474
0.0,22.63003762145264,654.3305459518474,0.0,21.201833926012476,654.3305459518474,0.0,64.22307350804672,654.3305459518474,0.0,34.52929285906847,654.3305459518474,0.0,47.98718992418416,654.3305459518474,0.0,11.718478455043286,654.3305459518474
0.0,1.5713597868668638,654.3305459518474,0.0,0.5237865956222879,654.3305459518474,0.0,45.27844126601556,654.3305459518474,0.0,19.438302548649354,654.3305459518474,0.0,42.193920202906526,654.3305459518474,0.0,2.61893297811144,654.3305459518474
0.0,0.349191063748192,654.3305459518474,0.0,0.174595531874096,654.3305459518474,0.0,44.92925020226737,654.3305459518474,0.0,23.51219829237826,654.3305459518474,0.0,39.400391692921,654.3305459518474,0.0,1.6877568081162613,654.3305459518474
0.0,0.0,654.3305459518474,0.0,0.05819851062469866,654.3305459518474,0.0,44.69645615976857,654.3305459518474,0.0,25.083558079245122,654.3305459518474,0.0,28.924659780475235,654.3305459518474,0.0,0.23279404249879465,654.3305459518474
0.0,0.0,654.3305459518474,0.0,0.11639702124939733,654.3305459518474,0.0,43.00869935165231,654.3305459518474,0.0,23.803190845501753,654.3305459518474,0.0,25.665543185492112,654.3305459518474,0.0,1.74595531874096,654.3305459518474
0.0,0.0,654.3305459518474,0.0,0.6401836168716852,654.3305459518474,0.0,40.971751479787855,654.3305459518474,0.0,22.75561765425718,654.3305459518474,0.0,25.898337227990908,654.3305459518474,0.0,6.110843615593359,654.3305459518474
0.0,0.0,654.3305459518474,0.0,1.9787493612397546,654.3305459518474,0.0,40.15697233104208,654.3305459518474,0.0,21.7662429736373,654.3305459518474,0.0,28.808262759225837,654.3305459518474,0.0,7.100218296213236,654.3305459518474
0.0,0.0,654.3305459518474,0.0,3.1427195737337277,654.3305459518474,0.0,39.80778126729388,654.3305459518474,0.0,19.61289808052345,654.3305459518474,0.0,27.17870446173428,654.3305459518474,0.0,5.121468934973482,654.3305459518474
0.0,0.0,654.3305459518474,0.0,3.317315105607824,654.3305459518474,0.0,38.35281850167642,654.3305459518474,0.0,16.411979996165023,654.3305459518474,0.0,26.014734249240302,654.3305459518474,0.0,2.15334489311385,654.3305459518474
0.0,0.0,654.3305459518474,0.0,2.9681240418596317,654.3305459518474,0.0,37.07245126793305,654.3305459518474,0.0,12.803672337433706,654.3305459518474,0.0,23.919587866751147,654.3305459518474,0.0,0.8147791487457813,654.3305459518474
0.0,0.349191063748192,654.3305459518474,0.0,3.1427195737337277,654.3305459518474,0.0,35.09370190669329,654.3305459518474,0.0,10.533930423070458,654.3305459518474,0.0,21.126059356765616,654.3305459518474,0.0,0.5819851062469866,654.3305459518474
0.0,11.49354427265634,654.3305459518474,0.0,7.289032667882685,654.3305459518474,0.0,33.58372012029288,654.3305459518474,0.0,18.628381499158728,654.3305459518474,0.0,22.71949784353968,654.3305459518474,0.0,10.472730151589065,654.3305459518474
0.0,47.85392776025282,654.3305459518474,0.0,30.77482734805376,654.3305459518474,0.0,51.12222736679109,654.3305459518474,0.0,49.93335442251827,654.3305459518474,0.0,59.35515416403596,654.3305459518474,0.0,45.39705008363354,654.3305459518474
0.0,104.79486076705554,654.3305459518474,0.0,67.42938287861548,654.3305459518474,0.0,82.76535200394522,654.3305459518474,0.0,113.36593927809501,654.3305459518474,0.0,93.02268644267261,654.3305459518474,0.0,100.35137386908465,654.3305459518474
0.0,163.14359737880463,654.3305459518474,0.0,110.9609011324169,654.3305459518474,0.0,130.87415250660405,654.3305459518474,0.0,174.1999912460541,654.3305459518474,0.0,125.58762650928173,654.3305459518474,0.0,150.8683920072633,654.3305459518474
0.0,208.51388839226087,654.3305459518474,0.0,154.49241938621833,654.3305459518474,0.0,187.69400812188726,654.3305459518474,0.0,222.9442949953145,654.3305459518474,0.0,164.7621163263426,654.3305459518474,0.0,192.16946764726075,654.3305459518474
0.0,242.7634057771445,654.3305459518474,0.0,199.90518919007556,654.3305459518474,0.0,219.84519963444004,654.3305459518474,0.0,256.72822429520056,654.3305459518474,0.0,206.74903386345443,654.3305459518474,0.0,163.15631533817165,654.3305459518474
0.0,261.9204319711807,654.3305459518474,0.0,224.64777152365448,654.3305459518474,0.0,223.92695523828075,654.3305459518474,0.0,275.7420943978101,654.3305459518474,0.0,232.50774994783058,654.3305459518474,0.0,98.64471785090292,652.9752638027503
0.0,263.0529627432272,654.3305459518474,0.0,232.38985204615278,654.3305459518474,0.0,205.69474623455625,654.3305459518474,0.0,281.54940522989796,654.3305459518474,0.0,242.66272847611882,654.3305459518474,0.0,84.6501385018129,637.6254023045632
0.0,262.2350041046397,654.3305459518474,0.0,188.94479225358174,654.3305459518474,0.0,185.06067857499542,654.3305459518474,0.0,272.47811970357174,654.3305459518474,0.0,231.6944716795131,654.3305459518474,0.0,108.88465395999322,644.7331254725577
0.0,245.29738117445396,654.3305459518474,0.0,169.30009927464076,654.3305459518474,0.0,166.57059506800823,654.3305459518474,0.0,244.48578151554992,654.3305459518474,0.0,206.82913334500128,654.3305459518474,0.0,140.62845589817303,654.3305459518474
0.0,198.65608366779455,654.3305459518474,0.0,140.98214960320627,654.3305459518474,0.0,137.23501076534825,654.3305459518474,0.0,202.9519118330537,654.3305459518474,0.0,177.61612731428914,654.3305459518474,0.0,136.8738126581733,654.3305459518474
0.0,142.15080018597035,654.3305459518474,0.0,108.6264239987604,654.3305459518474,0.0,91.89147882206933,646.2220247739167,0.0,143.97085146454475,654.3305459518474,0.0,142.13808222660336,654.3305459518474,0.0,95.34780283578891,649.6783487876363
0.0,84.90783527609054,654.3305459518474,0.0,68.90456800574168,654.3305459518474,0.0,63.307794787260306,654.3305459518474,0.0,77.41444624529976,654.3305459518474,0.0,94.38633264780458,654.3305459518474,0.0,44.5633717248223,654.3305459518474
0.0,34.95240215366506,654.3305459518474,0.0,30.08880772195426,654.3305459518474,0.0,37.349402710246245,654.3305459518474,0.0,24.519149031620298,654.3305459518474,0.0,45.838703130325456,654.3305459518474,0.0,10.694484844134259,654.3305459518474
0.0,12.047091699312622,654.3305459518474,0.0,11.639702124939733,654.3305459518474,0.0,21.533448931138505,654.3305459518474,0.0,3.550109148106618,654.3305459518474,0.0,18.79811893177767,654.3305459518474,0.0,2.9099255312349332,654.3305459518474
0.0,8.438784040581305,654.3305459518474,0.0,8.787975104329497,654.3305459518474,0.0,12.745473826809006,654.3305459518474,0.0,2.61893297811144,654.3305459518474,0.0,14.840620209298159,654.3305459518474,0.0,3.259116594983125,654.3305459518474
0.0,6.460034679341552,654.3305459518474,0.0,8.147791487457813,654.3305459518474,0.0,5.354262977472277,654.3305459518474,0.0,2.2115434037385495,654.3305459518474,0.0,14.491429145549967,654.3305459518474,0.0,3.608307658731317,654.3305459518474
0.0,6.51823318996625,654.3305459518474,0.0,9.60275425307528,654.3305459518474,0.0,0.8147791487457813,654.3305459518474,0.0,1.4549627656174666,654.3305459518474,0.0,16.470178506789722,654.3305459518474,0.0,4.888674892474688,654.3305459518474
0.0,7.100218296213236,654.3305459518474,0.0,13.211061911806597,654.3305459518474,0.0,0.05819851062469866,654.3305459518474,0.0,0.87297765937048,654.3305459518474,0.0,18.099736804281285,654.3305459518474,0.0,5.470659998721674,654.3305459518474
0.0,8.147791487457813,654.3305459518474,0.0,15.946391911167435,654.3305459518474,0.0,0.9893746806198773,654.3305459518474,0.0,0.87297765937048,654.3305459518474,0.0,17.459553187409597,654.3305459518474,0.0,6.92562276433914,654.3305459518474
0.0,9.020769146828293,654.3305459518474,0.0,16.004590421792134,654.3305459518474,0.0,4.539483828726496,654.3305459518474,0.0,1.4549627656174666,654.3305459518474,0.0,16.17918595366623,654.3305459518474,0.0,8.438784040581305,654.3305459518474
0.0,9.195364678702388,654.3305459518474,0.0,15.655399358043942,654.3305459518474,0.0,8.380585529956607,654.3305459518474,0.0,1.6295582974915626,654.3305459518474,0.0,15.655399358043942,654.3305459518474,0.0,8.26418850870721,654.3305459518474
0.0,9.369960210576485,654.3305459518474,0.0,17.2267591449108,654.3305459518474,0.0,9.60275425307528,654.3305459518474,0.0,1.6295582974915626,654.3305459518474,0.0,14.78242169867346,654.3305459518474,0.0,6.92562276433914,654.3305459518474
0.0,10.650327444319855,654.3305459518474,0.0,22.75561765425718,654.3305459518474,0.0,9.369960210576485,654.3305459518474,0.0,1.6877568081162613,654.3305459518474,0.0,14.084039571177078,654.3305459518474,0.0,5.9362480837192635,654.3305459518474
0.0,21.620085121353906,654.3305459518474,0.0,34.34665973809747,654.3305459518474,0.0,18.853315681545673,654.3305459518474,0.0,5.616995579990123,654.3305459518474,0.0,19.99520719413244,654.3305459518474,0.0,16.33506000445993,654.3305459518474
0.0,50.7449540814223,654.3305459518474,0.0,68.48295959157345,654.3305459518474,0.0,50.806332081888755,654.3305459518474,0.0,32.34936662476237,654.3305459518474,0.0,47.36776185577638,654.3305459518474,0.0,50.370682556910225,654.3305459518474
0.0,118.65414388483075,654.3305459518474,0.0,123.19980896425567,654.3305459518474,0.0,89.88950533846412,654.3305459518474,0.0,67.85567166305383,654.3305459518474,0.0,75.39153948424561,654.3305459518474,0.0,107.0395222206549,654.3305459518474
0.0,184.66000343827614,654.3305459518474,0.0,186.218645265776,654.3305459518474,0.0,156.71332353049706,654.3305459518474,0.0,104.31991194151776,654.3305459518474,0.0,101.67722165408573,654.3305459518474,0.0,160.34220900870721,654.3305459518474
0.0,240.9008757081691,654.3305459518474,0.0,258.07561759315365,654.3305459518474,0.0,174.71574025257948,654.3305459518474,0.0,141.06728491299333,654.3305459518474,0.0,123.45953980591685,654.3305459518474,0.0,195.15949266004256,654.3305459518474
0.0,271.36899078287564,654.3305459518474,0.0,286.8935965508898,654.3305459518474,0.0,182.39794365503968,654.3305459518474,0.0,168.61443510651137,654.3305459518474,0.0,151.4015393434258,654.3305459518474,0.0,221.4324568705156,654.3305459518474
0.0,270.0257446682375,654.3305459518474,0.0,308.3785631699139,654.3305459518474,0.0,189.0671927965445,654.3305459518474,0.0,187.24449521508353,654.3305459518474,0.0,157.64617830990565,654.3305459518474,0.0,235.98376313610368,654.3305459518474
0.0,239.3925725311821,654.3305459518474,0.0,307.1878338872426,654.3305459518474,0.0,168.72561857053552,654.3305459518474,0.0,207.83758496467166,654.3305459518474,0.0,153.56592358649326,654.3305459518474,0.0,245.04233070306293,654.3305459518474
0.0,198.4659461446818,654.3305459518474,0.0,303.4835292977557,654.3305459518474,0.0,143.11941931812632,654.3305459518474,0.0,210.19696483010702,654.3305459518474,0.0,153.62880246738806,654.3305459518474,0.0,241.96399089065227,654.3305459518474
0.0,155.65956908855406,654.3305459518474,0.0,270.70001402844315,654.3305459518474,0.0,132.96912116010813,654.3305459518474,0.0,201.0910603734917,654.3305459518474,0.0,146.09743728748134,654.3305459518474,0.0,225.02636796046653,654.3305459518474
0.0,115.57280231156346,654.3305459518474,0.0,225.46969961657183,654.3305459518474,0.0,137.58888219936654,654.3305459518474,0.0,169.14740471368881,654.3305459518474,0.0,135.26915709246055,654.3305459518474,0.0,194.05486638063147,654.3305459518474
0.0,117.32193712014616,654.3305459518474,0.0,168.83229939327458,654.3305459518474,0.0,122.73704491112971,654.3305459518474,0.0,133.29808986234758,654.3305459518474,0.0,104.35267453340845,654.3305459518474,0.0,151.27992876495114,654.3305459518474
0.0,84.56800495288253,654.3305459518474,0.0,119.5060105377672,654.3305459518474,0.0,78.72421885210701,654.3305459518474,0.0,90.04802569214442,654.3305459518474,0.0,74.12989373158263,654.3305459518474,0.0,102.16285437160698,654.3305459518474
0.0,71.41610924517383,654.3305459518474,0.0,75.01973653363504,654.3305459518474,0.0,47.06069412445908,654.3305459518474,0.0,52.88690416661244,654.3305459518474,0.0,37.1261471372727,654.3305459518474,0.0,57.92509413019733,654.3305459518474
0.0,55.46318062533782,654.3305459518474,0.0,51.09829232848543,654.3305459518474,0.0,35.326495949192086,654.3305459518474,0.0,42.48491275603003,654.3305459518474,0.0,19.90389063364694,654.3305459518474,0.0,34.4535182898216,654.3305459518474
0.0,55.637776157211924,654.3305459518474,0.0,49.81792509474205,654.3305459518474,0.0,33.46414360920173,654.3305459518474,0.0,47.37358764850471,654.3305459518474,0.0,20.485875739893928,654.3305459518474,0.0,31.42719573733728,654.3305459518474
0.0,55.28858509346373,654.3305459518474,0.0,47.95557275475169,654.3305459518474,0.0,28.168079142354156,654.3305459518474,0.0,50.690902754112535,654.3305459518474,0.0,20.25308169739513,654.3305459518474,0.0,30.787012120465597,654.3305459518474
0.0,54.41560743409325,654.3305459518474,0.0,44.98744871289207,654.3305459518474,0.0,22.930213186131272,654.3305459518474,0.0,52.029468498480604,654.3305459518474,0.0,20.893265314266817,654.3305459518474,0.0,29.332049354848124,654.3305459518474
0.0,52.0876670091053,654.3305459518474,0.0,40.85535445853846,654.3305459518474,0.0,22.98841169675597,654.3305459518474,0.0,52.3786595622288,654.3305459518474,0.0,20.835066803642118,654.3305459518474,0.0,26.945910419235485,654.3305459518474
0.0,47.19899211663062,654.3305459518474,0.0,36.37406914043667,654.3305459518474,0.0,23.51219829237826,654.3305459518474,0.0,53.01884317910048,654.3305459518474,0.0,19.321905527399956,654.3305459518474,0.0,23.744992334877054,654.3305459518474
0.0,41.32094254353605,654.3305459518474,0.0,32.940357013579444,654.3305459518474,0.0,26.247528291739094,654.3305459518474,0.0,53.30983573222398,654.3305459518474,0.0,16.237384464290926,654.3305459518474,0.0,21.009662335516218,654.3305459518474
0.0,37.30524531043184,654.3305459518474,0.0,25.549146164242714,654.3305459518474,0.0,30.437821056717404,654.3305459518474,0.0,53.600828285347475,654.3305459518474,0.0,14.142238081801773,654.3305459518474,0.0,19.147309995525863,654.3305459518474
0.0,33.638739141075824,654.3305459518474,0.0,15.480803826169845,654.3305459518474,0.0,33.23134956670293,654.3305459518474,0.0,53.95001934909566,654.3305459518474,0.0,14.31683361367587,654.3305459518474,0.0,18.157935314905984,654.3305459518474
0.0,30.03043148234451,654.3305459518474,0.0,9.020769146828293,654.3305459518474,0.0,36.95605424668366,654.3305459518474,0.0,54.06641637034505,654.3305459518474,0.0,16.295582974915625,654.3305459518474,0.0,16.87756808116261,654.3305459518474
0.0,31.93376173230752,654.3305459518474,0.0,17.4030332861983,654.3305459518474,0.0,43.620623017918355,654.3305459518474,0.0,58.220589324605875,654.3305459518474,0.0,25.627922494346265,654.3305459518474,0.0,23.43209881083142,654.3305459518474
0.0,66.3704148794472,654.3305459518474,0.0,54.59541652319261,654.3305459518474,0.0,69.36829975234082,654.3305459518474,0.0,83.7700909468187,654.3305459518474,0.0,60.68753865770559,654.3305459518474,0.0,58.00722767912769,654.3305459518474
0.0,98.46808825164533,654.3305459518474,0.0,91.86021711060697,654.3305459518474,0.0,102.41604850459959,654.3305459518474,0.0,117.12773146226638,654.3305459518474,0.0,123.57425821775283,654.3305459518474,0.0,121.00248440031247,654.3305459518474
0.0,142.94968188550737,654.3305459518474,0.0,121.05582481168202,654.3305459518474,0.0,127.75633566464916,654.3305459518474,0.0,134.2100113643072,654.3305459518474,0.0,187.56206910939926,654.3305459518474,0.0,182.0347114804812,654.3305459518474
0.0,189.94803031602683,654.3305459518474,0.0,122.37716995539805,654.3305459518474,0.0,146.75448604703493,654.3305459518474,0.0,155.21367017811002,654.3305459518474,0.0,233.0676563541703,654.3305459518474,0.0,231.0118092722404,654.3305459518474
0.0,219.62344494189477,654.3305459518474,0.0,107.84794238971716,654.3305459518474,0.0,161.5245452443115,654.3305459518474,0.0,182.92755604339033,654.3305459518474,0.0,265.0945909853618,654.3305459518474,0.0,266.2931801281449,654.3305459518474
0.0,221.45435784143774,654.3305459518474,0.0,118.94681504736764,654.3305459518474,0.0,151.09429388312344,654.3305459518474,0.0,187.59765573316156,654.3305459518474,0.0,285.3573888812673,654.3305459518474,0.0,282.250789118251,654.3305459518474
0.0,207.89074764705617,654.3305459518474,0.0,127.32439881646755,654.3305459518474,0.0,146.16782057051785,654.3305459518474,0.0,185.89099971497984,654.3305459518474,0.0,290.4773569358124,654.3305459518474,0.0,284.8618622362506,654.3305459518474
0.0,180.24927913219597,654.3305459518474,0.0,121.34717282277562,654.3305459518474,0.0,142.93228355587027,654.3305459518474,0.0,176.73325572742328,654.3305459518474,0.0,277.9644994225171,654.3305459518474,0.0,280.90268490435767,654.3305459518474
0.0,143.65142123183057,654.3305459518474,0.0,98.31910636749029,652.6496523193377,0.0,141.93504901513853,654.3305459518474,0.0,124.7423756135617,654.3305459518474,0.0,246.16249897371262,654.3305459518474,0.0,255.69601536620956,654.3305459518474
0.0,107.08650365234094,654.3305459518474,0.0,70.91979263566905,623.5694449550068,0.0,130.69787836531657,654.3305459518474,0.0,118.77300947998165,654.3305459518474,0.0,203.2475847564473,654.3305459518474,0.0,218.4027770992045,654.3305459518474
0.0,96.28180303765572,650.6123489895031,0.0,41.96483883720465,565.5342837922115,0.0,97.87506379544473,652.2056097472921,0.0,104.32070190600588,654.3305459518474,0.0,147.4202833116257,654.3305459518474,0.0,164.59352431618188,654.3305459518474
0.0,80.79914287308742,654.3305459518474,0.0,18.005596211924146,579.9387607617508,0.0,65.8198692136476,654.3305459518474,0.0,86.34654513452914,654.3305459518474,0.0,81.69437696135016,654.3305459518474,0.0,103.9922663907216,654.3305459518474
0.0,53.07889802812364,654.3305459518474,0.0,3.1380392034636295,582.4491921245217,0.0,34.9743031245872,654.3305459518474,0.0,58.01605523271272,654.3305459518474,0.0,29.09007230079419,654.3305459518474,0.0,53.49096797276663,654.3305459518474
0.0,35.21009892794269,654.3305459518474,0.0,0.0,582.4491921245217,0.0,21.242456378015014,654.3305459518474,0.0,57.67472402907638,654.3305459518474,0.0,9.020769146828293,654.3305459518474,0.0,34.4535182898216,654.3305459518474
0.0,33.92973169419932,654.3305459518474,0.0,0.05819851062469866,582.4957509330214,0.0,19.321905527399956,654.3305459518474,0.0,57.616525518451674,654.3305459518474,0.0,8.904372125578895,654.3305459518474,0.0,34.162525736698115,654.3305459518474
0.0,29.85583595047041,654.3305459518474,0.0,0.7565806381210826,583.1010154435183,0.0,17.459553187409597,654.3305459518474,0.0,57.67472402907638,654.3305459518474,0.0,10.301136380571663,654.3305459518474,0.0,33.81333467294992,654.3305459518474
0.0,27.17870446173428,654.3305459518474,0.0,2.269741914363248,584.916808975009,0.0,15.18981127304635,654.3305459518474,0.0,57.67472402907638,654.3305459518474,0.0,12.279885741811418,654.3305459518474,0.0,33.40594509857703,654.3305459518474
0.0,25.374550632368617,654.3305459518474,0.0,3.550109148106618,587.7568962934943,0.0,12.62907680555961,654.3305459518474,0.0,57.67472402907638,654.3305459518474,0.0,14.491429145549967,654.3305459518474,0.0,32.125577864833666,654.3305459518474
0.0,23.337602760504165,654.3305459518474,0.0,3.550109148106618,590.5969836119796,0.0,9.544555742450582,654.3305459518474,0.0,57.500128497202276,654.3305459518474,0.0,16.819369570537912,654.3305459518474,0.0,29.09925531234933,654.3305459518474
0.0,20.07848616552104,654.3305459518474,0.0,3.841101701230112,593.6698649729636,0.0,7.9731959555837175,654.3305459518474,0.0,56.918143390955294,654.3305459518474,0.0,19.089111484901164,654.3305459518474,0.0,27.41149850423307,654.3305459518474
0.0,17.052163613036708,654.3305459518474,0.0,5.9944465943439615,598.4654222484388,0.0,8.031394466208416,654.3305459518474,0.0,56.859944880330595,654.3305459518474,0.0,21.591647441763204,654.3305459518474,0.0,26.596719355487288,654.3305459518474
0.0,15.073414251796954,654.3305459518474,0.0,8.496982551206004,605.2630082894036,0.0,9.020769146828293,654.3305459518474,0.0,56.2779597740836,654.3305459518474,0.0,22.17363254801019,654.3305459518474,0.0,26.014734249240302,654.3305459518474
0.0,14.666024677424062,654.3305459518474,0.0,9.719151274324677,613.0383293088634,0.0,9.719151274324677,654.3305459518474,0.0,56.0451657315848,654.3305459518474,0.0,23.221205739254767,654.3305459518474,0.0,23.279404249879466,654.3305459518474
0.0,24.847762275889636,654.3305459518474,0.0,13.618451486179488,623.9330904978069,0.0,20.416815608300688,654.3305459518474,0.0,56.2779597740836,654.3305459518474,0.0,33.077331854307694,654.3305459518474,0.0,29.01129597069064,654.3305459518474
0.0,59.32221384316021,654.3305459518474,0.0,16.17918595366623,636.8764392607399,0.0,57.40484248238691,654.3305459518474,0.0,79.08895190709384,654.3305459518474,0.0,69.68622910462668,654.3305459518474,0.0,61.11214883273051,654.3305459518474
0.0,127.28324317750985,654.3305459518474,0.0,17.634148719283694,629.5105879800235,0.0,121.05600254066708,654.3305459518474,0.0,88.1884973840257,654.3305459518474,0.0,133.98075226962027,654.3305459518474,0.0,131.02366757771426,654.3305459518474
0.0,189.63045642171107,654.3305459518474,0.0,16.411979996165023,620.9225679761885,0.0,177.23567453907862,654.3305459518474,0.0,90.0115504234568,654.3305459518474,0.0,194.00002508883358,654.3305459518474,0.0,190.6276909624428,654.3305459518474
0.0,238.35118059063595,654.3305459518474,0.0,22.963331235992072,543.8858992121806,0.0,223.36890517033945,654.3305459518474,0.0,96.04697492777342,650.3775208796208,0.0,243.5890465468588,654.3305459518474,0.0,235.8643643539976,654.3305459518474
0.0,272.06905151978543,654.3305459518474,0.0,53.722438863822134,497.6083380760027,0.0,254.20043014858953,654.3305459518474,0.0,108.28455960816889,654.3305459518474,0.0,268.8932138961909,654.3305459518474,0.0,265.78829274258806,654.3305459518474
0.0,290.3923993550104,654.3305459518474,0.0,57.33242513196686,454.94076320796955,0.0,272.6008757045047,654.3305459518474,0.0,121.65467506061094,654.3305459518474,0.0,292.87921559164874,654.3305459518474,0.0,284.9421394467825,654.3305459518474
0.0,292.0801561631267,654.3305459518474,0.0,48.44845309688176,403.3892163048513,0.0,275.4400624947329,654.3305459518474,0.0,127.96537239782734,654.3305459518474,0.0,300.86195001675765,654.3305459518474,0.0,288.93425709955113,654.3305459518474
0.0,283.76077090465145,654.3305459518474,0.0,50.28572497610823,353.6749412809595,0.0,260.47968804535856,654.3305459518474,0.0,135.23400497521624,654.3305459518474,0.0,292.23267299509354,654.3305459518474,0.0,278.1327359747077,654.3305459518474
0.0,253.28947634010314,654.3305459518474,0.0,37.6282104909579,291.3031517719174,0.0,233.42170551717365,654.3305459518474,0.0,113.82295658704052,654.3305459518474,0.0,267.4758718217193,654.3305459518474,0.0,251.41290516031742,654.3305459518474
0.0,205.2545940682927,654.3305459518474,0.0,27.597488844030885,218.90064061594828,0.0,190.68606720205258,654.3305459518474,0.0,107.37228264823918,654.3305459518474,0.0,225.9702620898287,654.3305459518474,0.0,213.72799703916317,654.3305459518474
0.0,146.0910783077978,654.3305459518474,0.0,16.10076508153279,135.00140569748106,0.0,133.2653272704569,654.3305459518474,0.0,91.88812160324251,646.21866755509,0.0,170.66356775078765,654.3305459518474,0.0,160.07762006779095,654.3305459518474
0.0,81.84221342304696,654.3305459518474,0.0,7.16795527636319,140.7357699185716,0.0,75.51429548517851,654.3305459518474,0.0,70.45817400500134,654.3305459518474,0.0,105.73354133919246,654.3305459518474,0.0,97.2648187385921,654.3305459518474
0.0,30.230462932952616,654.3305459518474,0.0,0.11639702124939733,140.8288875355711,0.0,25.807376125475518,654.3305459518474,0.0,58.6515584793143,654.3305459518474,0.0,54.565300234188506,654.3305459518474,0.0,45.60272959798491,654.3305459518474
0.0,8.496982551206004,654.3305459518474,0.0,0.23279404249879465,141.01512276957016,0.0,5.063270424348783,654.3305459518474,0.0,54.93939402971553,654.3305459518474,0.0,35.38469445981679,654.3305459518474,0.0,21.009662335516218,654.3305459518474
0.0,6.692828721840346,654.3305459518474,0.0,0.11639702124939733,141.10824038656966,0.0,4.132094254353605,654.3305459518474,0.0,53.83362232784627,654.3305459518474,0.0,34.569915311071,654.3305459518474,0.0,17.168560634286106,654.3305459518474
0.0,4.481285318101797,654.3305459518474,0.0,0.05819851062469866,141.15479919506942,0.0,3.550109148106618,654.3305459518474,0.0,54.29921041284385,654.3305459518474,0.0,34.162525736698115,654.3305459518474,0.0,17.75054574053309,654.3305459518474
0.0,2.444337446237344,654.3305459518474,0.0,0.0,141.15479919506942,0.0,3.841101701230112,654.3305459518474,0.0,52.029468498480604,654.3305459518474,0.0,33.40594509857703,654.3305459518474,0.0,23.686793824252355,654.3305459518474
0.0,1.0475731912445758,654.3305459518474,0.0,0.0,141.15479919506942,0.0,5.063270424348783,654.3305459518474,0.0,46.55880849975893,654.3305459518474,0.0,32.00918084358427,654.3305459518474,0.0,25.31635212174392,654.3305459518474
0.0,0.40738957437289064,654.3305459518474,0.0,0.05819851062469866,141.20135800356917,0.0,7.158416806837935,654.3305459518474,0.0,34.104327226073416,654.3305459518474,0.0,31.136203184213784,654.3305459518474,0.0,18.099736804281285,654.3305459518474
0.0,0.174595531874096,654.3305459518474,0.0,0.23279404249879465,141.3875932375682,0.0,10.301136380571663,654.3305459518474,0.0,36.141275097937864,654.3305459518474,0.0,31.60179126921138,654.3305459518474,0.0,11.639702124939733,654.3305459518474
0.0,0.11639702124939733,654.3305459518474,0.0,0.349191063748192,141.66694608856676,0.0,14.142238081801773,654.3305459518474,0.0,46.907999563507126,654.3305459518474,0.0,32.70756297108065,654.3305459518474,0.0,10.88312148681865,654.3305459518474
0.0,0.05819851062469866,654.3305459518474,0.0,0.23279404249879465,141.8531813225658,0.0,17.983339783031887,654.3305459518474,0.0,50.39991020098904,654.3305459518474,0.0,33.40594509857703,654.3305459518474,0.0,13.0946648905572,654.3305459518474
0.0,0.0,654.3305459518474,0.0,0.174595531874096,141.9928577480651,0.0,19.96208914427164,654.3305459518474,0.0,47.48998466975411,654.3305459518474,0.0,33.17315105607824,654.3305459518474,0.0,17.3431561661602,654.3305459518474
0.0,7.16795527636319,654.3305459518474,0.0,0.349191063748192,142.27221059906364,0.0,28.28615477301695,654.3305459518474,0.0,44.23086807477098,654.3305459518474,0.0,38.044605347900884,654.3305459518474,0.0,20.706129552010776,654.3305459518474
0.0,40.27708202908839,654.3305459518474,0.0,14.910035798861514,154.20023923815285,0.0,63.8663780421568,654.3305459518474,0.0,51.15030958841168,654.3305459518474,0.0,69.62167161431847,654.3305459518474,0.0,38.00398289589834,654.3305459518474
0.0,92.84208738908512,654.3305459518474,0.0,41.35927415062213,167.28765855865055,0.0,118.85214126805532,654.3305459518474,0.0,65.6971132127147,654.3305459518474,0.0,112.92357531546287,654.3305459518474,0.0,58.510614184256184,654.3305459518474
0.0,143.01777432362744,654.3305459518474,0.0,65.99331932306347,200.08231401710134,0.0,169.81434740073777,654.3305459518474,0.0,125.29645622717317,654.3305459518474,0.0,156.52751091968432,654.3305459518474,0.0,93.28391816476208,654.3305459518474
0.0,181.58820033453415,654.3305459518474,0.0,86.24825735885706,186.3305713759584,0.0,212.44462804456307,654.3305459518474,0.0,185.48096383772037,654.3305459518474,0.0,193.45265891287576,654.3305459518474,0.0,141.81900745185925,654.3305459518474
0.0,229.3745688436221,654.3305459518474,0.0,127.44079583771695,208.28320804613196,0.0,263.17404013474675,654.3305459518474,0.0,174.87611694465818,654.3305459518474,0.0,227.77927401844948,654.3305459518474,0.0,176.31235822919527,654.3305459518474
0.0,253.26775309816603,654.3305459518474,0.0,164.16926959912706,259.6186237254336,0.0,283.6649517028809,654.3305459518474,0.0,183.80742586939948,654.3305459518474,0.0,252.38973961055535,654.3305459518474,0.0,200.37227815550153,654.3305459518474
0.0,267.60366365089243,654.3305459518474,0.0,198.8622963691011,338.7084608207145,0.0,286.08888905862443,654.3305459518474,0.0,204.77814436232654,654.3305459518474,0.0,271.3296914823164,654.3305459518474,0.0,189.2986636876,654.3305459518474
0.0,265.97878572367097,654.3305459518474,0.0,203.0415497841258,421.14170064801516,0.0,278.5449836483358,654.3305459518474,0.0,195.9020321873533,654.3305459518474,0.0,288.10993948128015,654.3305459518474,0.0,136.26021038249382,654.3305459518474
0.0,240.6399994440497,654.3305459518474,0.0,192.85027371613495,495.4219196209231,0.0,254.75715706508757,654.3305459518474,0.0,155.00366575145867,654.3305459518474,0.0,269.806991736549,654.3305459518474,0.0,96.73502862125642,651.0655745731038
0.0,199.52605956630833,654.3305459518474,0.0,158.7233346031992,542.4005873034824,0.0,212.4210484642275,654.3305459518474,0.0,104.8783174674292,654.3305459518474,0.0,229.25145738471906,654.3305459518474,0.0,71.92956740678274,622.9951419798866
0.0,143.73805742204596,654.3305459518474,0.0,123.85403369193767,561.4838142570326,0.0,154.94211002200717,654.3305459518474,0.0,63.33658792482112,617.6671338766685,0.0,171.6136431308483,654.3305459518474,0.0,43.16810835025788,566.1632503301445
0.0,77.38768717512247,654.3305459518474,0.0,77.97567580308284,623.8643548994988,0.0,88.91417176865454,654.3305459518474,0.0,36.413901627951084,646.7982551790293,0.0,104.74416665857257,654.3305459518474,0.0,20.981580113895628,582.9485144212609
0.0,26.323302860985955,654.3305459518474,0.0,33.87171091255968,650.9617236295466,0.0,35.44942967911005,654.3305459518474,0.0,14.076357440050284,654.3305459518474,0.0,50.1468937969815,654.3305459518474,0.0,7.968515585313618,589.3233268895118
0.0,4.248491275603002,654.3305459518474,0.0,13.56025297555479,654.3305459518474,0.0,16.93576659178731,654.3305459518474,0.0,12.978267869307802,654.3305459518474,0.0,32.940357013579444,654.3305459518474,0.0,9.428158721201184,596.8658538664728
0.0,2.444337446237344,654.3305459518474,0.0,8.26418850870721,654.3305459518474,0.0,15.71359786866864,654.3305459518474,0.0,27.41149850423307,654.3305459518474,0.0,33.05675403482884,654.3305459518474,0.0,15.18981127304635,609.0177028849099
0.0,2.15334489311385,654.3305459518474,0.0,6.343637658092154,654.3305459518474,0.0,14.258635103051171,654.3305459518474,0.0,24.035984888000545,654.3305459518474,0.0,33.638739141075824,654.3305459518474,0.0,18.914515953027067,624.1493156473316
0.0,1.2803672337433705,654.3305459518474,0.0,6.110843615593359,654.3305459518474,0.0,12.279885741811418,654.3305459518474,0.0,17.75054574053309,654.3305459518474,0.0,33.40594509857703,654.3305459518474,0.0,22.17363254801019,641.8882216857397
0.0,0.5819851062469866,654.3305459518474,0.0,6.692828721840346,654.3305459518474,0.0,10.417533401821059,654.3305459518474,0.0,19.61289808052345,654.3305459518474,0.0,33.05675403482884,654.3305459518474,0.0,22.11543403738549,654.3305459518474
0.0,0.40738957437289064,654.3305459518474,0.0,6.867424253714441,654.3305459518474,0.0,8.438784040581305,654.3305459518474,0.0,18.099736804281285,654.3305459518474,0.0,32.125577864833666,654.3305459518474,0.0,20.77686829301742,654.3305459518474
0.0,0.698382127496384,654.3305459518474,0.0,8.089592976833115,654.3305459518474,0.0,7.333012338712031,654.3305459518474,0.0,19.030912974276465,654.3305459518474,0.0,29.73943892922102,654.3305459518474,0.0,15.364406804920447,654.3305459518474
0.0,2.0951463824891516,654.3305459518474,0.0,8.904372125578895,654.3305459518474,0.0,6.867424253714441,654.3305459518474,0.0,19.089111484901164,654.3305459518474,0.0,27.41149850423307,654.3305459518474,0.0,10.359334891196362,654.3305459518474
0.0,3.3755136162325226,654.3305459518474,0.0,7.158416806837935,654.3305459518474,0.0,7.158416806837935,654.3305459518474,0.0,19.438302548649354,654.3305459518474,0.0,27.062307440484883,654.3305459518474,0.0,7.624004891835525,654.3305459518474
0.0,3.259116594983125,654.3305459518474,0.0,7.9731959555837175,654.3305459518474,0.0,7.914997444959019,654.3305459518474,0.0,19.845692123022243,654.3305459518474,0.0,28.400873184852944,654.3305459518474,0.0,5.645255530595771,654.3305459518474
0.0,5.500598558740726,654.3305459518474,0.0,8.275227858660811,654.3305459518474,0.0,15.940210660468988,654.3305459518474,0.0,28.813120858480993,654.3305459518474,0.0,38.571571433364916,654.3305459518474,0.0,6.110843615593359,654.3305459518474
0.0,24.5255080113038,654.3305459518474,0.0,26.334342210939553,654.3305459518474,0.0,46.99349033126429,654.3305459518474,0.0,62.538851647742334,654.3305459518474,0.0,69.05858571813694,654.3305459518474,0.0,13.623309585434642,654.3305459518474
0.0,70.65555915272286,654.3305459518474,0.0,64.83084999099785,654.3305459518474,0.0,90.19471673138297,654.3305459518474,0.0,132.66108573531767,654.3305459518474,0.0,141.89424883415094,654.3305459518474,0.0,14.134555950674983,643.4651019025224
0.0,140.96978710180937,654.3305459518474,0.0,114.47489046980603,654.3305459518474,0.0,139.74125939900725,654.3305459518474,0.0,196.09985184159282,654.3305459518474,0.0,203.10743042587728,654.3305459518474,0.0,30.10320429073467,647.5476653351102
0.0,164.35490448095476,654.3305459518474,0.0,162.37765600014336,654.3305459518474,0.0,196.0294685585563,654.3305459518474,0.0,245.98922659328178,654.3305459518474,0.0,248.30480451687282,654.3305459518474,0.0,63.60214455921061,611.1498098943208
0.0,121.51858886480797,654.3305459518474,0.0,195.45216382257942,654.3305459518474,0.0,238.52127348122497,654.3305459518474,0.0,274.05548301215197,654.3305459518474,0.0,278.2319123953051,654.3305459518474,0.0,95.81903898452977,606.9688488788506
0.0,163.3795709111452,654.3305459518474,0.0,218.46919092791114,654.3305459518474,0.0,265.7852909817314,654.3305459518474,0.0,283.801571085639,654.3305459518474,0.0,294.2194599454302,654.3305459518474,0.0,113.12775394938588,617.4710520383593
0.0,205.97355401526792,654.3305459518474,0.0,234.6092553100032,654.3305459518474,0.0,277.930058221213,654.3305459518474,0.0,285.704901335602,654.3305459518474,0.0,297.34963928878193,654.3305459518474,0.0,139.45273541978526,649.0332403741875
0.0,231.1643261042073,654.3305459518474,0.0,217.53165577823248,654.3305459518474,0.0,273.14038202035067,654.3305459518474,0.0,274.41271166499706,654.3305459518474,0.0,286.8737296473512,654.3305459518474,0.0,145.28848393146387,654.3305459518474
0.0,217.4669205589392,654.3305459518474,0.0,208.4053512311233,654.3305459518474,0.0,247.13783254352214,654.3305459518474,0.0,248.99850627409916,654.3305459518474,0.0,260.52984896688633,654.3305459518474,0.0,125.75250584264549,654.3305459518474
0.0,183.94086576231584,654.3305459518474,0.0,177.30959276992704,654.3305459518474,0.0,204.85206259317494,654.3305459518474,0.0,205.41664936978486,654.3305459518474,0.0,216.51384341802185,654.3305459518474,0.0,93.69581038042004,648.0263563322675
0.0,156.445555099739,654.3305459518474,0.0,130.85393014509532,654.3305459518474,0.0,148.28072074061424,654.3305459518474,0.0,148.86420672728957,654.3305459518474,0.0,156.4316917179138,654.3305459518474,0.0,69.42517511152224,617.4515314437897
0.0,104.29579917422704,654.3305459518474,0.0,78.53743854782108,654.3305459518474,0.0,82.48557652976038,654.3305459518474,0.0,84.14657426769935,654.3305459518474,0.0,86.8347451063891,654.3305459518474,0.0,55.00430697799385,654.3305459518474
0.0,56.48585108480356,654.3305459518474,0.0,33.1639680445231,654.3305459518474,0.0,29.60281954646288,654.3305459518474,0.0,31.576888537432534,654.3305459518474,0.0,29.98345005065847,654.3305459518474,0.0,36.26253021844242,654.3305459518474
0.0,34.104327226073416,654.3305459518474,0.0,14.840620209298159,654.3305459518474,0.0,13.618451486179488,654.3305459518474,0.0,9.544555742450582,654.3305459518474,0.0,15.364406804920447,654.3305459518474,0.0,30.5542180779668,654.3305459518474
0.0,31.36899722671258,654.3305459518474,0.0,14.840620209298159,654.3305459518474,0.0,13.443855954305391,654.3305459518474,0.0,6.692828721840346,654.3305459518474,0.0,15.829994889918037,654.3305459518474,0.0,35.966679566063775,654.3305459518474
0.0,28.517270206102342,654.3305459518474,0.0,16.411979996165023,654.3305459518474,0.0,12.338084252436117,654.3305459518474,0.0,4.364888296852399,654.3305459518474,0.0,16.702972549288514,654.3305459518474,0.0,37.47984084230594,654.3305459518474
0.0,28.400873184852944,654.3305459518474,0.0,18.68172191052827,654.3305459518474,0.0,10.592128933695157,654.3305459518474,0.0,2.9681240418596317,654.3305459518474,0.0,17.3431561661602,654.3305459518474,0.0,37.30524531043184,654.3305459518474
0.0,31.136203184213784,654.3305459518474,0.0,20.660471271768024,654.3305459518474,0.0,8.904372125578895,654.3305459518474,0.0,2.5025359568620424,654.3305459518474,0.0,16.819369570537912,654.3305459518474,0.0,35.09370190669329,654.3305459518474
0.0,32.125577864833666,654.3305459518474,0.0,21.30065488863971,654.3305459518474,0.0,6.51823318996625,654.3305459518474,0.0,2.6771314887361384,654.3305459518474,0.0,15.073414251796954,654.3305459518474,0.0,32.35837190733246,654.3305459518474
0.0,32.125577864833666,654.3305459518474,0.0,21.417051909889107,654.3305459518474,0.0,5.063270424348783,654.3305459518474,0.0,3.899300211854811,654.3305459518474,0.0,11.872496167438527,654.3305459518474,0.0,27.93528509985536,654.3305459518474
0.0,32.940357013579444,654.3305459518474,0.0,22.75561765425718,654.3305459518474,0.0,4.539483828726496,654.3305459518474,0.0,6.169042126218058,654.3305459518474,0.0,6.634630211215648,654.3305459518474,0.0,22.69741914363248,654.3305459518474
0.0,32.53296743920656,654.3305459518474,0.0,25.14175658986982,654.3305459518474,0.0,4.364888296852399,654.3305459518474,0.0,9.020769146828293,654.3305459518474,0.0,2.3861389356126455,654.3305459518474,0.0,18.216133825530683,654.3305459518474
0.0,33.23134956670293,654.3305459518474,0.0,25.78194020674151,654.3305459518474,0.0,4.3066897862277,654.3305459518474,0.0,12.221687231186719,654.3305459518474,0.0,0.7565806381210826,654.3305459518474,0.0,14.142238081801773,654.3305459518474
0.0,41.6325129161384,654.3305459518474,0.0,33.008093993729396,654.3305459518474,0.0,11.808116406115383,654.3305459518474,0.0,22.124972506910748,654.3305459518474,0.0,8.382264139370012,654.3305459518474,0.0,20.498593699260933,654.3305459518474
0.0,77.11205888425255,654.3305459518474,0.0,67.51398500144737,654.3305459518474,0.0,40.60737388277114,654.3305459518474,0.0,58.55927422535562,654.3305459518474,0.0,39.866512964873756,654.3305459518474,0.0,53.288467948257,654.3305459518474
0.0,142.91974332548835,654.3305459518474,0.0,122.91649854225898,654.3305459518474,0.0,108.84217516959221,654.3305459518474,0.0,113.97282711612084,654.3305459518474,0.0,111.11191708395546,654.3305459518474,0.0,113.61445304081751,654.3305459518474
0.0,199.96771261300023,654.3305459518474,0.0,177.1032023396354,654.3305459518474,0.0,173.11311875425028,654.3305459518474,0.0,164.5212846947469,654.3305459518474,0.0,175.98842535519603,654.3305459518474,0.0,175.69743280207254,654.3305459518474
0.0,245.2547246550679,654.3305459518474,0.0,232.4381566292821,654.3305459518474,0.0,223.2306071781679,654.3305459518474,0.0,200.48063758765403,654.3305459518474,0.0,228.72016638695504,654.3305459518474,0.0,223.79369307434945,654.3305459518474
0.0,262.46762041815344,654.3305459518474,0.0,274.38409625642134,654.3305459518474,0.0,257.0223963381658,654.3305459518474,0.0,223.9224525969957,654.3305459518474,0.0,261.01451399093446,654.3305459518474,0.0,257.85289520713525,654.3305459518474
0.0,290.0179501015133,654.3305459518474,0.0,300.977991580037,654.3305459518474,0.0,274.43028772361924,654.3305459518474,0.0,237.10543228718177,654.3305459518474,0.0,277.96467715150214,654.3305459518474,0.0,277.3009139542949,654.3305459518474
0.0,302.7982205875964,654.3305459518474,0.0,309.857283244852,654.3305459518474,0.0,276.5946719666867,654.3305459518474,0.0,239.35159462120944,654.3305459518474,0.0,279.81916963138065,654.3305459518474,0.0,281.1719542155441,654.3305459518474
0.0,292.4969064780397,654.3305459518474,0.0,305.69207094063756,654.3305459518474,0.0,266.37045557782017,654.3305459518474,0.0,237.73457655409982,654.3305459518474,0.0,263.6066878988686,654.3305459518474,0.0,270.881679455941,654.3305459518474
0.0,272.01853514028755,654.3305459518474,0.0,276.77641644273245,654.3305459518474,0.0,239.65380425327155,654.3305459518474,0.0,220.94328920518248,654.3305459518474,0.0,218.43139250778026,654.3305459518474,0.0,243.12531480025964,654.3305459518474
0.0,234.71425752332885,654.3305459518474,0.0,227.67038139934186,654.3305459518474,0.0,196.50291650366572,654.3305459518474,0.0,178.5789206537168,654.3305459518474,0.0,155.63431089880507,654.3305459518474,0.0,198.86865534878459,654.3305459518474
0.0,178.48106738456272,654.3305459518474,0.0,159.53475653311818,654.3305459518474,0.0,140.25718613451767,654.3305459518474,0.0,124.10122430321685,654.3305459518474,0.0,105.01979494944248,654.3305459518474,0.0,140.63313626844314,654.3305459518474
0.0,111.02960580604002,654.3305459518474,0.0,99.85999440738294,654.3305459518474,0.0,72.54149107304877,654.3305459518474,0.0,74.65853842646007,654.3305459518474,0.0,68.2834613279205,654.3305459518474,0.0,73.86433709719313,654.3305459518474
0.0,53.522407413214026,654.3305459518474,0.0,57.58526380698934,654.3305459518474,0.0,16.814866929252872,654.3305459518474,0.0,30.9602845008964,654.3305459518474,0.0,23.312700028725324,654.3305459518474,0.0,19.825469761513503,654.3305459518474
0.0,32.823959992330046,654.3305459518474,0.0,45.27844126601556,654.3305459518474,0.0,0.5237865956222879,654.3305459518474,0.0,11.872496167438527,654.3305459518474,0.0,3.608307658731317,654.3305459518474,0.0,3.841101701230112,654.3305459518474
0.0,28.982858291099934,654.3305459518474,0.0,48.53755786099868,654.3305459518474,0.0,0.174595531874096,654.3305459518474,0.0,9.893746806198772,654.3305459518474,0.0,2.61893297811144,654.3305459518474,0.0,4.539483828726496,654.3305459518474
0.0,27.00410892986018,654.3305459518474,0.0,44.40546360664508,654.3305459518474,0.0,0.05819851062469866,654.3305459518474,0.0,7.740401913084923,654.3305459518474,0.0,1.5713597868668638,654.3305459518474,0.0,5.121468934973482,654.3305459518474
0.0,22.98841169675597,654.3305459518474,0.0,39.400391692921,654.3305459518474,0.0,0.05819851062469866,654.3305459518474,0.0,5.9944465943439615,654.3305459518474,0.0,0.9311761699951786,654.3305459518474,0.0,5.645255530595771,654.3305459518474
0.0,18.099736804281285,654.3305459518474,0.0,39.92417828854328,654.3305459518474,0.0,0.2909925531234933,654.3305459518474,0.0,4.830476381849989,654.3305459518474,0.0,0.5819851062469866,654.3305459518474,0.0,6.460034679341552,654.3305459518474
0.0,14.78242169867346,654.3305459518474,0.0,37.47984084230594,654.3305459518474,0.0,0.4655880849975893,654.3305459518474,0.0,2.5025359568620424,654.3305459518474,0.0,0.40738957437289064,654.3305459518474,0.0,7.274813828087333,654.3305459518474
0.0,13.443855954305391,654.3305459518474,0.0,32.940357013579444,654.3305459518474,0.0,0.40738957437289064,654.3305459518474,0.0,0.87297765937048,654.3305459518474,0.0,0.349191063748192,654.3305459518474,0.0,6.0526451049686605,654.3305459518474
0.0,11.232312550566842,654.3305459518474,0.0,29.797637439845715,654.3305459518474,0.0,0.5819851062469866,654.3305459518474,0.0,0.174595531874096,654.3305459518474,0.0,0.5819851062469866,654.3305459518474,0.0,4.830476381849989,654.3305459518474
0.0,8.26418850870721,654.3305459518474,0.0,26.1893297811144,654.3305459518474,0.0,0.9893746806198773,654.3305459518474,0.0,0.0,654.3305459518474,0.0,0.7565806381210826,654.3305459518474,0.0,4.888674892474688,654.3305459518474
0.0,5.9944465943439615,654.3305459518474,0.0,25.49094765361801,654.3305459518474,0.0,1.1057717018692748,654.3305459518474,0.0,0.0,654.3305459518474,0.0,0.9893746806198773,654.3305459518474,0.0,6.460034679341552,654.3305459518474
0.0,12.847829737248109,654.3305459518474,0.0,34.8201076832069,654.3305459518474,0.0,8.723595343006354,654.3305459518474,0.0,8.8746112945449,654.3305459518474,0.0,7.5989244310716275,654.3305459518474,0.0,16.81318831983947,654.3305459518474
0.0,43.75327294634662,654.3305459518474,0.0,66.55755064170324,654.3305459518474,0.0,38.062359135508096,654.3305459518474,0.0,40.959744436361085,654.3305459518474,0.0,39.24990892833762,654.3305459518474,0.0,44.890484088663285,654.3305459518474
0.0,102.4465202515738,654.3305459518474,0.0,117.12172794055301,654.3305459518474,0.0,108.54332275635687,654.3305459518474,0.0,107.17799794181148,654.3305459518474,0.0,88.44090155253016,654.3305459518474,0.0,106.99236305998379,654.3305459518474
0.0,161.13190769668913,654.3305459518474,0.0,187.24714151797008,654.3305459518474,0.0,173.73758265089828,654.3305459518474,0.0,170.3824691251595,654.3305459518474,0.0,147.27094596950053,654.3305459518474,0.0,170.9644542314065,654.3305459518474
0.0,207.82036436401964,654.3305459518474,0.0,160.3087355008763,654.3305459518474,0.0,224.25460078907693,654.3305459518474,0.0,220.2168248560655,654.3305459518474,0.0,208.10649881788797,654.3305459518474,0.0,219.9997505337904,654.3305459518474
0.0,235.91806022333722,654.3305459518474,0.0,108.21735581497411,654.3305459518474,0.0,258.0463899490748,654.3305459518474,0.0,250.19577226543893,654.3305459518474,0.0,257.8369977579265,654.3305459518474,0.0,253.33381146890255,654.3305459518474
0.0,247.18198994333653,654.3305459518474,0.0,153.51858669683713,654.3305459518474,0.0,275.4542813345283,654.3305459518474,0.0,263.16635800361996,654.3305459518474,0.0,279.5468985593376,654.3305459518474,0.0,270.2839746294703,654.3305459518474
0.0,263.1160193531071,654.3305459518474,0.0,224.7750301658724,654.3305459518474,0.0,278.18493096361897,654.3305459518474,0.0,264.58988132879006,654.3305459518474,0.0,287.20402150103394,654.3305459518474,0.0,272.21556483003894,654.3305459518474
0.0,232.98605599219513,654.3305459518474,0.0,186.4057810280321,654.3305459518474,0.0,264.7141382101513,654.3305459518474,0.0,260.4750076750885,654.3305459518474,0.0,283.62865416317834,654.3305459518474,0.0,264.7156390905796,654.3305459518474
0.0,198.1010353607099,654.3305459518474,0.0,206.39144975263923,654.3305459518474,0.0,232.1256185632066,654.3305459518474,0.0,245.3383590844266,654.3305459518474,0.0,257.6889835672447,654.3305459518474,0.0,247.17227374482624,654.3305459518474
0.0,94.15857443354601,648.4891203853934,0.0,187.50801778208947,654.3305459518474,0.0,168.69303370762984,654.3305459518474,0.0,209.03131600819964,654.3305459518474,0.0,219.92697772540026,654.3305459518474,0.0,211.89858502004853,654.3305459518474
0.0,58.10172372945494,606.5908441148484,0.0,131.11127146140285,654.3305459518474,0.0,111.99743497370788,654.3305459518474,0.0,150.34124819281422,654.3305459518474,0.0,162.62731518532408,654.3305459518474,0.0,162.08462937963634,654.3305459518474
0.0,34.71978584015132,634.3666727869695,0.0,74.06966115357442,654.3305459518474,0.0,58.940082458536274,654.3305459518474,0.0,79.89340262182625,654.3305459518474,0.0,102.63162194644633,654.3305459518474,0.0,100.37291938203668,654.3305459518474
0.0,8.906050734992299,641.4915133749633,0.0,58.799394941011094,654.3305459518474,0.0,19.535978088818354,654.3305459518474,0.0,23.07204612611468,654.3305459518474,0.0,58.247526123768225,654.3305459518474,0.0,48.5362347095554,654.3305459518474
0.0,1.3385657443680692,642.5623659704578,0.0,57.500128497202276,654.3305459518474,0.0,8.904372125578895,654.3305459518474,0.0,1.0475731912445758,654.3305459518474,0.0,38.23642148042702,654.3305459518474,0.0,28.051682121104758,654.3305459518474
0.0,2.0951463824891516,644.2384830764491,0.0,54.64840147659204,654.3305459518474,0.0,8.6133795724554,654.3305459518474,0.0,0.11639702124939733,654.3305459518474,0.0,36.83965722543426,654.3305459518474,0.0,25.84013871736621,654.3305459518474
0.0,3.1427195737337277,646.7526587354362,0.0,50.98189530723602,654.3305459518474,0.0,8.496982551206004,654.3305459518474,0.0,0.0,654.3305459518474,0.0,37.712634884804736,654.3305459518474,0.0,19.96208914427164,654.3305459518474
0.0,4.073895743728906,650.0117753304193,0.0,49.99252062661615,654.3305459518474,0.0,8.32238701933191,654.3305459518474,0.0,0.0,654.3305459518474,0.0,39.1093991397975,654.3305459518474,0.0,14.78242169867346,654.3305459518474
0.0,4.946873403099386,653.9692740528988,0.0,47.7809772228776,654.3305459518474,0.0,7.682203402460224,654.3305459518474,0.0,0.05819851062469866,654.3305459518474,0.0,39.691384246044485,654.3305459518474,0.0,11.34870957181624,654.3305459518474
0.0,5.7034540412204695,654.3305459518474,0.0,46.79160254225773,654.3305459518474,0.0,7.100218296213236,654.3305459518474,0.0,0.9311761699951786,654.3305459518474,0.0,38.993002118548105,654.3305459518474,0.0,9.544555742450582,654.3305459518474
0.0,6.169042126218058,654.3305459518474,0.0,47.664580201628205,654.3305459518474,0.0,6.460034679341552,654.3305459518474,0.0,3.9574987224795093,654.3305459518474,0.0,37.30524531043184,654.3305459518474,0.0,8.904372125578895,654.3305459518474
0.0,8.26418850870721,654.3305459518474,0.0,49.41053552036916,654.3305459518474,0.0,6.51823318996625,654.3305459518474,0.0,7.740401913084923,654.3305459518474,0.0,37.01425275730835,654.3305459518474,0.0,9.719151274324677,654.3305459518474
0.0,12.978267869307802,654.3305459518474,0.0,50.39991020098904,654.3305459518474,0.0,7.85679893433432,654.3305459518474,0.0,11.174114039942143,654.3305459518474,0.0,37.36344382105654,654.3305459518474,0.0,9.777349784949376,654.3305459518474
0.0,18.565324889278873,654.3305459518474,0.0,51.68027743473242,654.3305459518474,0.0,10.01014382744817,654.3305459518474,0.0,9.835548295574075,654.3305459518474,0.0,38.23642148042702,654.3305459518474,0.0,9.195364678702388,654.3305459518474
0.0,30.76511114954345,654.3305459518474,0.0,61.160453415859855,654.3305459518474,0.0,16.60079436783447,654.3305459518474,0.0,9.17178509836684,654.3305459518474,0.0,46.0288406534382,654.3305459518474,0.0,16.106946332231235,654.3305459518474
0.0,63.567525628921466,654.3305459518474,0.0,88.30021403500498,654.3305459518474,0.0,48.17786063425206,654.3305459518474,0.0,20.76918616189063,654.3305459518474,0.0,80.84144393450336,654.3305459518474,0.0,46.44612415530645,654.3305459518474
0.0,122.16477600339303,654.3305459518474,0.0,114.96652670904069,654.3305459518474,0.0,99.24542443823032,654.3305459518474,0.0,36.435802598873224,654.3305459518474,0.0,147.59920375579975,654.3305459518474,0.0,107.08986087116774,654.3305459518474
0.0,183.04916662186497,654.3305459518474,0.0,142.40831923126294,654.3305459518474,0.0,160.87535634486974,654.3305459518474,0.0,50.49644031869982,654.3305459518474,0.0,212.22719826431785,654.3305459518474,0.0,167.4504648940174,654.3305459518474
0.0,232.7624449612515,654.3305459518474,0.0,211.19366618388358,654.3305459518474,0.0,222.5603072722921,654.3305459518474,0.0,70.49500473165905,624.8255506835064,0.0,262.67815803176,654.3305459518474,0.0,214.87192261913344,654.3305459518474
0.0,263.9542003532034,654.3305459518474,0.0,288.7686668502471,654.3305459518474,0.0,255.35486189155824,654.3305459518474,0.0,90.77670183762996,615.6022525211364,0.0,297.086551228294,654.3305459518474,0.0,253.60908430180234,654.3305459518474
0.0,278.4789252775992,654.3305459518474,0.0,325.33826480000687,654.3305459518474,0.0,262.1060668530084,654.3305459518474,0.0,115.35254849944661,627.8842913206937,0.0,314.245928851025,654.3305459518474,0.0,271.35830689089215,654.3305459518474
0.0,278.8894943418138,654.3305459518474,0.0,335.45862439800595,654.3305459518474,0.0,258.9083282584917,654.3305459518474,0.0,163.38743077125704,654.3305459518474,0.0,315.98720379949583,654.3305459518474,0.0,276.36973778429973,654.3305459518474
0.0,265.9189086036328,654.3305459518474,0.0,319.16436457453364,654.3305459518474,0.0,251.6821744715038,654.3305459518474,0.0,225.7975228963531,654.3305459518474,0.0,303.64108195796285,654.3305459518474,0.0,267.1191763558294,654.3305459518474
0.0,239.26045578970897,654.3305459518474,0.0,286.703281298792,654.3305459518474,0.0,229.76456008835785,654.3305459518474,0.0,239.0984004882168,654.3305459518474,0.0,275.65192325978273,654.3305459518474,0.0,240.29398787014324,654.3305459518474
0.0,197.38525490357642,654.3305459518474,0.0,227.14491619430618,654.3305459518474,0.0,168.14548980268697,654.3305459518474,0.0,202.78199667144972,654.3305459518474,0.0,230.5883445196737,654.3305459518474,0.0,196.27798232127878,654.3305459518474
0.0,141.4336965773936,654.3305459518474,0.0,145.39216299334626,654.3305459518474,0.0,100.80874663600028,654.3305459518474,0.0,148.2507821805952,654.3305459518474,0.0,172.09645181649793,654.3305459518474,0.0,137.6854123170773,654.3305459518474
0.0,75.8745258988803,654.3305459518474,0.0,120.30038959601919,654.3305459518474,0.0,57.53510288546154,654.3305459518474,0.0,86.4430752522399,654.3305459518474,0.0,105.44722915633906,654.3305459518474,0.0,71.8006301551514,654.3305459518474
0.0,22.428683019401248,654.3305459518474,0.0,71.80777909932301,654.3305459518474,0.0,46.72722278093458,654.3305459518474,0.0,36.86509314416826,654.3305459518474,0.0,51.512218611526876,654.3305459518474,0.0,18.936772381919326,654.3305459518474
0.0,3.1427195737337277,654.3305459518474,0.0,52.3786595622288,654.3305459518474,0.0,45.97682339351194,654.3305459518474,0.0,19.030912974276465,654.3305459518474,0.0,29.15745382297403,654.3305459518474,0.0,1.9787493612397546,654.3305459518474
0.0,1.4549627656174666,654.3305459518474,0.0,50.39991020098904,654.3305459518474,0.0,48.82855041412218,654.3305459518474,0.0,20.893265314266817,654.3305459518474,0.0,25.14175658986982,654.3305459518474,0.0,2.61893297811144,654.3305459518474
0.0,0.5819851062469866,654.3305459518474,0.0,48.24656530787519,654.3305459518474,0.0,49.93432211599145,654.3305459518474,0.0,23.221205739254767,654.3305459518474,0.0,22.75561765425718,654.3305459518474,0.0,3.4337121268572206,654.3305459518474
0.0,1.2803672337433705,654.3305459518474,0.0,47.48998466975411,654.3305459518474,0.0,52.61145360472759,654.3305459518474,0.0,24.210580419874642,654.3305459518474,0.0,21.067860846140917,654.3305459518474,0.0,4.132094254353605,654.3305459518474
0.0,5.296064466847579,654.3305459518474,0.0,43.4160889260252,654.3305459518474,0.0,52.727850625976984,654.3305459518474,0.0,24.152381909249943,654.3305459518474,0.0,21.009662335516218,654.3305459518474,0.0,4.248491275603002,654.3305459518474
0.0,10.184739359322265,654.3305459518474,0.0,36.024878076688466,654.3305459518474,0.0,48.362962329124585,654.3305459518474,0.0,24.734367015496932,654.3305459518474,0.0,21.7662429736373,654.3305459518474,0.0,4.714079360600592,654.3305459518474
0.0,14.200436592426472,654.3305459518474,0.0,29.73943892922102,654.3305459518474,0.0,49.41053552036916,654.3305459518474,0.0,26.829513397986084,654.3305459518474,0.0,22.17363254801019,654.3305459518474,0.0,5.063270424348783,654.3305459518474
0.0,20.485875739893928,654.3305459518474,0.0,26.422123823613195,654.3305459518474,0.0,49.93432211599145,654.3305459518474,0.0,29.15745382297403,654.3305459518474,0.0,20.95146382489152,654.3305459518474,0.0,4.481285318101797,654.3305459518474
0.0,27.12050595110958,654.3305459518474,0.0,24.38517595174874,654.3305459518474,0.0,38.76020807604931,654.3305459518474,0.0,33.23134956670293,654.3305459518474,0.0,18.27433233615538,654.3305459518474,0.0,4.423086807477099,654.3305459518474
0.0,26.596719355487288,654.3305459518474,0.0,21.649845952387903,654.3305459518474,0.0,30.5542180779668,654.3305459518474,0.0,34.97730488544389,654.3305459518474,0.0,14.840620209298159,654.3305459518474,0.0,5.005071913724085,654.3305459518474
0.0,27.51853478494227,654.3305459518474,0.0,26.349884202178202,654.3305459518474,0.0,34.8137487035234,654.3305459518474,0.0,41.377640173732395,654.3305459518474,0.0,19.664915340449703,654.3305459518474,0.0,12.506498533611767,654.3305459518474
0.0,55.05632423792011,654.3305459518474,0.0,55.218379539412254,654.3305459518474,0.0,82.05575279751018,654.3305459518474,0.0,75.34084537576263,654.3305459518474,0.0,47.874327850746624,654.3305459518474,0.0,40.615233742882985,654.3305459518474
0.0,109.57499849839267,654.3305459518474,0.0,115.80073825480709,654.3305459518474,0.0,149.19096363316044,654.3305459518474,0.0,128.8763262063138,654.3305459518474,0.0,110.33325774592716,654.3305459518474,0.0,106.18544377134987,654.3305459518474
0.0,171.87805434277954,654.3305459518474,0.0,166.27059723231466,654.3305459518474,0.0,209.57982760661574,654.3305459518474,0.0,168.3543488068801,654.3305459518474,0.0,173.5644879994525,654.3305459518474,0.0,167.66753921629248,654.3305459518474
0.0,235.75865122473166,654.3305459518474,0.0,225.52542955329506,654.3305459518474,0.0,254.4562705844687,654.3305459518474,0.0,209.83787983886347,654.3305459518474,0.0,223.6741165632583,654.3305459518474,0.0,216.30330580441534,654.3305459518474
0.0,270.1118476714977,654.3305459518474,0.0,257.8968748779646,654.3305459518474,0.0,289.5772647482945,654.3305459518474,0.0,236.2682189805586,654.3305459518474,0.0,257.41556707274333,654.3305459518474,0.0,249.81196227140163,654.3305459518474
0.0,289.2389353055148,654.3305459518474,0.0,275.03267292036,654.3305459518474,0.0,312.1586423286477,654.3305459518474,0.0,256.66313361793715,654.3305459518474,0.0,274.6645826465464,654.3305459518474,0.0,267.045258124981,654.3305459518474
0.0,296.7057429951134,654.3305459518474,0.0,278.31386821525035,654.3305459518474,0.0,316.7391040673468,654.3305459518474,0.0,273.56295812799203,654.3305459518474,0.0,275.5375603059169,654.3305459518474,0.0,268.80225279367556,654.3305459518474
0.0,299.3199956029547,654.3305459518474,0.0,270.47111039172637,654.3305459518474,0.0,301.94078491946465,654.3305459518474,0.0,281.1965014893528,654.3305459518474,0.0,259.11904360108326,654.3305459518474,0.0,253.04281891577904,654.3305459518474
0.0,264.45387418153496,654.3305459518474,0.0,244.49531998507518,654.3305459518474,0.0,267.9807592072761,654.3305459518474,0.0,254.41379179406772,654.3305459518474,0.0,223.41138396074044,654.3305459518474,0.0,224.06110604713737,654.3305459518474
0.0,221.08909159949576,654.3305459518474,0.0,200.88670401058357,654.3305459518474,0.0,215.93335919220323,654.3305459518474,0.0,210.95619177111467,654.3305459518474,0.0,179.2286427401137,654.3305459518474,0.0,170.59318446775112,654.3305459518474
0.0,168.86073707286528,654.3305459518474,0.0,140.32006501541247,654.3305459518474,0.0,149.40221216270723,654.3305459518474,0.0,155.50166097037686,654.3305459518474,0.0,127.15280504545015,654.3305459518474,0.0,126.72501538058344,654.3305459518474
0.0,108.57572989027744,654.3305459518474,0.0,77.86431461007365,654.3305459518474,0.0,77.03063625126242,654.3305459518474,0.0,102.67710249770403,654.3305459518474,0.0,74.9102316790243,654.3305459518474,0.0,68.75690927302996,654.3305459518474
0.0,52.14454236828671,654.3305459518474,0.0,23.251322028258876,654.3305459518474,0.0,21.455028059005066,654.3305459518474,0.0,63.61432933162244,654.3305459518474,0.0,29.74597563788958,654.3305459518474,0.0,22.188029116790602,654.3305459518474
0.0,23.86138935612645,654.3305459518474,0.0,7.274813828087333,654.3305459518474,0.0,4.714079360600592,654.3305459518474,0.0,48.304763818499886,654.3305459518474,0.0,10.592128933695157,654.3305459518474,0.0,2.61893297811144,654.3305459518474
0.0,17.3431561661602,654.3305459518474,0.0,9.253563189327087,654.3305459518474,0.0,4.830476381849989,654.3305459518474,0.0,49.17774147787037,654.3305459518474,0.0,8.6133795724554,654.3305459518474,0.0,2.2115434037385495,654.3305459518474
0.0,14.142238081801773,654.3305459518474,0.0,12.396282763060816,654.3305459518474,0.0,5.412461488096976,654.3305459518474,0.0,49.58513105224326,654.3305459518474,0.0,6.92562276433914,654.3305459518474,0.0,2.793528509985536,654.3305459518474
0.0,10.941319997443347,654.3305459518474,0.0,15.597200847419243,654.3305459518474,0.0,6.285439147467455,654.3305459518474,0.0,49.58513105224326,654.3305459518474,0.0,5.587057019971072,654.3305459518474,0.0,2.61893297811144,654.3305459518474
0.0,8.031394466208416,654.3305459518474,0.0,19.321905527399956,654.3305459518474,0.0,9.078967657452992,654.3305459518474,0.0,49.58513105224326,654.3305459518474,0.0,4.714079360600592,654.3305459518474,0.0,7.682203402460224,654.3305459518474
0.0,5.470659998721674,654.3305459518474,0.0,22.29002956925959,654.3305459518474,0.0,13.96764254992768,654.3305459518474,0.0,49.35233700974447,654.3305459518474,0.0,4.248491275603002,654.3305459518474,0.0,15.24800978367105,654.3305459518474
0.0,2.9099255312349332,654.3305459518474,0.0,23.51219829237826,654.3305459518474,0.0,19.67109659114815,654.3305459518474,0.0,48.71215339287278,654.3305459518474,0.0,3.6665061693560155,654.3305459518474,0.0,14.375032124300569,654.3305459518474
0.0,0.8147791487457813,654.3305459518474,0.0,24.559771483622836,654.3305459518474,0.0,23.395801271128864,654.3305459518474,0.0,48.53755786099868,654.3305459518474,0.0,3.3755136162325226,654.3305459518474,0.0,15.073414251796954,654.3305459518474
0.0,0.7565806381210826,654.3305459518474,0.0,26.363925312988492,654.3305459518474,0.0,26.247528291739094,654.3305459518474,0.0,48.59575637162338,654.3305459518474,0.0,3.0263225524843302,654.3305459518474,0.0,20.31128020801983,654.3305459518474
0.0,4.3066897862277,654.3305459518474,0.0,28.866461269850536,654.3305459518474,0.0,23.86138935612645,654.3305459518474,0.0,48.71215339287278,654.3305459518474,0.0,2.6771314887361384,654.3305459518474,0.0,24.559771483622836,654.3305459518474
0.0,18.38136861686458,654.3305459518474,0.0,36.07371584677298,654.3305459518474,0.0,25.796159046536857,654.3305459518474,0.0,54.681519526452846,654.3305459518474,0.0,7.905636704418821,654.3305459518474,0.0,30.121748042830006,654.3305459518474
0.0,59.36619351398956,654.3305459518474,0.0,67.02163784627248,654.3305459518474,0.0,54.781051405020314,654.3305459518474,0.0,90.54487548860435,654.3305459518474,0.0,40.94084522629563,654.3305459518474,0.0,60.429486425457824,654.3305459518474
0.0,118.30627597252584,654.3305459518474,0.0,119.89653496945814,654.3305459518474,0.0,117.91796333720345,654.3305459518474,0.0,147.07841892103417,654.3305459518474,0.0,104.47092789305631,654.3305459518474,0.0,102.4542023827006,654.3305459518474
0.0,168.23177053493225,654.3305459518474,0.0,171.7113186710173,654.3305459518474,0.0,178.8637319561418,654.3305459518474,0.0,200.32608668830358,654.3305459518474,0.0,167.26800950203145,654.3305459518474,0.0,148.84698612663752,654.3305459518474
0.0,193.04977197978786,654.3305459518474,0.0,213.7281747681482,654.3305459518474,0.0,225.25651570007875,654.3305459518474,0.0,243.49269415813308,654.3305459518474,0.0,217.90142466145952,654.3305459518474,0.0,185.15235059345105,654.3305459518474
0.0,201.61131202130213,654.3305459518474,0.0,208.86307945600905,654.3305459518474,0.0,256.60396741383926,654.3305459518474,0.0,288.43987587699274,654.3305459518474,0.0,252.68258850207727,654.3305459518474,0.0,230.69405764893963,654.3305459518474
0.0,195.27385561390838,654.3305459518474,0.0,216.83009416089433,654.3305459518474,0.0,272.92966667775903,654.3305459518474,0.0,319.06686676334976,654.3305459518474,0.0,272.3523619417822,654.3305459518474,0.0,256.79560581738036,654.3305459518474
0.0,183.4011817174848,654.3305459518474,0.0,211.68336703617186,654.3305459518474,0.0,273.49275257394055,654.3305459518474,0.0,325.40900354101353,654.3305459518474,0.0,278.6913192296042,654.3305459518474,0.0,254.7019603153196,654.3305459518474
0.0,171.2532349881614,654.3305459518474,0.0,209.25156982031646,654.3305459518474,0.0,245.59791219710266,654.3305459518474,0.0,315.0762499910094,654.3305459518474,0.0,271.29207079117054,654.3305459518474,0.0,234.97398836499005,654.3305459518474
0.0,167.76282523110785,654.3305459518474,0.0,175.13416917690594,654.3305459518474,0.0,176.52625306162864,654.3305459518474,0.0,285.9624203808946,654.3305459518474,0.0,247.3689479766076,654.3305459518474,0.0,171.8922731825749,654.3305459518474
0.0,164.78048234945288,654.3305459518474,0.0,132.3592315612256,654.3305459518474,0.0,111.20455679588424,654.3305459518474,0.0,244.61100609038436,654.3305459518474,0.0,206.5806195822788,654.3305459518474,0.0,127.0064694641817,654.3305459518474
0.0,153.947521784162,654.3305459518474,0.0,86.60513055373204,640.9356765055794,0.0,78.80803101045078,633.1385769622982,0.0,187.32556239010353,654.3305459518474,0.0,151.74737318834718,654.3305459518474,0.0,87.17139593975534,641.5019418916028
0.0,119.61304681847639,654.3305459518474,0.0,45.148358591925984,654.3305459518474,0.0,63.676240519044065,654.3305459518474,0.0,124.46242241039182,654.3305459518474,0.0,90.06392314135317,654.3305459518474,0.0,52.72052395282031,654.3305459518474
0.0,71.32647129410172,654.3305459518474,0.0,16.13838577267863,654.3305459518474,0.0,27.023185868910687,654.3305459518474,0.0,72.63041810818063,654.3305459518474,0.0,39.240192729827314,654.3305459518474,0.0,25.321210220999074,654.3305459518474
0.0,52.2622625409794,654.3305459518474,0.0,6.460034679341552,654.3305459518474,0.0,9.719151274324677,654.3305459518474,0.0,54.64840147659204,654.3305459518474,0.0,18.79811893177767,654.3305459518474,0.0,13.96764254992768,654.3305459518474
0.0,52.3204610516041,654.3305459518474,0.0,4.946873403099386,654.3305459518474,0.0,1.74595531874096,654.3305459518474,0.0,55.754173178461315,654.3305459518474,0.0,16.64477403866382,654.3305459518474,0.0,10.88312148681865,654.3305459518474
0.0,52.96064466847578,654.3305459518474,0.0,4.423086807477099,654.3305459518474,0.0,0.698382127496384,654.3305459518474,0.0,56.80174636970589,654.3305459518474,0.0,15.422605315545146,654.3305459518474,0.0,8.205989998082512,654.3305459518474
0.0,53.193438710974576,654.3305459518474,0.0,4.539483828726496,654.3305459518474,0.0,9.311761699951786,654.3305459518474,0.0,56.80174636970589,654.3305459518474,0.0,15.131612762421653,654.3305459518474,0.0,5.761652551845168,654.3305459518474
0.0,53.36803424284868,654.3305459518474,0.0,4.481285318101797,654.3305459518474,0.0,22.348228079884287,654.3305459518474,0.0,54.706599987216734,654.3305459518474,0.0,16.470178506789722,654.3305459518474,0.0,4.3066897862277,654.3305459518474
0.0,53.077041689725185,654.3305459518474,0.0,3.6665061693560155,654.3305459518474,0.0,32.30017339670776,654.3305459518474,0.0,50.10891764786555,654.3305459518474,0.0,19.321905527399956,654.3305459518474,0.0,4.539483828726496,654.3305459518474
0.0,52.2040640303547,654.3305459518474,0.0,2.0951463824891516,654.3305459518474,0.0,40.91355296916316,654.3305459518474,0.0,49.81792509474205,654.3305459518474,0.0,21.417051909889107,654.3305459518474,0.0,7.740401913084923,654.3305459518474
0.0,51.15649083911013,654.3305459518474,0.0,0.9311761699951786,654.3305459518474,0.0,46.966198074131825,654.3305459518474,0.0,50.690902754112535,654.3305459518474,0.0,21.067860846140917,654.3305459518474,0.0,8.6715780830801,654.3305459518474
0.0,49.52693254161856,654.3305459518474,0.0,0.4655880849975893,654.3305459518474,0.0,48.944947435371574,654.3305459518474,0.0,50.57450573286314,654.3305459518474,0.0,19.61289808052345,654.3305459518474,0.0,8.205989998082512,654.3305459518474
0.0,46.55880849975893,654.3305459518474,0.0,0.2909925531234933,654.3305459518474,0.0,48.82855041412218,654.3305459518474,0.0,49.11954296724567,654.3305459518474,0.0,18.79811893177767,654.3305459518474,0.0,6.110843615593359,654.3305459518474
0.0,46.42519087785748,654.3305459518474,0.0,2.22258275369215,654.3305459518474,0.0,53.59146754480727,654.3305459518474,0.0,51.011833867255085,654.3305459518474,0.0,23.859888475698106,654.3305459518474,0.0,9.868666345434875,654.3305459518474
0.0,74.70702073857446,654.3305459518474,0.0,25.658038783350374,654.3305459518474,0.0,85.9707727295887,654.3305459518474,0.0,75.77649490074117,654.3305459518474,0.0,54.35008225031187,654.3305459518474,0.0,42.53110422322795,654.3305459518474
0.0,129.52304653185402,654.3305459518474,0.0,62.86313997971169,654.3305459518474,0.0,149.38763786494172,654.3305459518474,0.0,118.54675214615142,654.3305459518474,0.0,117.93050356758539,654.3305459518474,0.0,98.14451083561619,654.3305459518474
0.0,181.06105652008503,654.3305459518474,0.0,103.42335470181173,654.3305459518474,0.0,209.3833311038195,654.3305459518474,0.0,153.75738426104928,654.3305459518474,0.0,179.34654064179148,654.3305459518474,0.0,160.82519542334194,654.3305459518474
0.0,223.0543330368804,654.3305459518474,0.0,138.6386671869797,654.3305459518474,0.0,252.91334847719253,654.3305459518474,0.0,187.72694844276302,654.3305459518474,0.0,227.96658750969064,654.3305459518474,0.0,213.67333347635034,654.3305459518474
0.0,253.9126170853078,654.3305459518474,0.0,165.83662631674952,654.3305459518474,0.0,288.5817088169762,654.3305459518474,0.0,217.2623864670461,654.3305459518474,0.0,263.7796048213293,654.3305459518474,0.0,243.7104793963484,654.3305459518474
0.0,271.6618396743976,654.3305459518474,0.0,181.2358297809442,654.3305459518474,0.0,308.8555460628352,654.3305459518474,0.0,215.99623807309806,654.3305459518474,0.0,283.856767835407,654.3305459518474,0.0,257.93785278793723,654.3305459518474
0.0,275.6807163973436,654.3305459518474,0.0,186.24090169466828,654.3305459518474,0.0,312.9939992968723,654.3305459518474,0.0,212.64898440747115,654.3305459518474,0.0,289.6137400169821,654.3305459518474,0.0,261.9992083012842,654.3305459518474
0.0,266.01172604454666,654.3305459518474,0.0,183.46609466576314,654.3305459518474,0.0,300.53934029420174,654.3305459518474,0.0,184.19423762429352,654.3305459518474,0.0,279.8597920833832,654.3305459518474,0.0,261.31336640416976,654.3305459518474
0.0,240.80037613612845,654.3305459518474,0.0,167.46114878600088,654.3305459518474,0.0,273.43887897561586,654.3305459518474,0.0,151.3289442640207,654.3305459518474,0.0,256.2276618219437,654.3305459518474,0.0,242.22707895114024,654.3305459518474
0.0,199.1312102223174,654.3305459518474,0.0,141.7275131623887,654.3305459518474,0.0,230.94389456310537,654.3305459518474,0.0,113.66761572320199,654.3305459518474,0.0,214.14006698380612,654.3305459518474,0.0,201.5362483679955,654.3305459518474
0.0,143.11041403555623,654.3305459518474,0.0,132.75690493708817,654.3305459518474,0.0,173.5310144916216,654.3305459518474,0.0,102.69617943675453,654.3305459518474,0.0,157.43660838977232,654.3305459518474,0.0,142.49531087944843,654.3305459518474
0.0,80.9535160434528,654.3305459518474,0.0,86.39405975317035,654.3305459518474,0.0,106.17237035401274,654.3305459518474,0.0,82.71333474401898,654.3305459518474,0.0,95.83811592358029,654.3305459518474,0.0,64.088132734702,654.3305459518474
0.0,29.12151174124159,654.3305459518474,0.0,45.9030828916486,654.3305459518474,0.0,48.35845968783954,654.3305459518474,0.0,45.926662471984145,654.3305459518474,0.0,49.266056277499175,654.3305459518474,0.0,34.867266843878,654.3305459518474
0.0,8.904372125578895,654.3305459518474,0.0,31.36899722671258,654.3305459518474,0.0,25.84013871736621,654.3305459518474,0.0,34.628113821695706,654.3305459518474,0.0,33.580540630451125,654.3305459518474,0.0,34.39531977919691,654.3305459518474
0.0,4.481285318101797,654.3305459518474,0.0,28.34267467422825,654.3305459518474,0.0,16.93576659178731,654.3305459518474,0.0,37.36344382105654,654.3305459518474,0.0,37.94542892730353,654.3305459518474,0.0,39.80778126729388,654.3305459518474
0.0,1.74595531874096,654.3305459518474,0.0,26.1311312704897,654.3305459518474,0.0,10.650327444319855,654.3305459518474,0.0,35.79208403418968,654.3305459518474,0.0,44.58005913851918,654.3305459518474,0.0,45.220242755390856,654.3305459518474
0.0,0.698382127496384,654.3305459518474,0.0,27.993483610480055,654.3305459518474,0.0,8.904372125578895,654.3305459518474,0.0,31.543592758586676,654.3305459518474,0.0,47.43178615912941,654.3305459518474,0.0,48.886748924746875,654.3305459518474
0.0,0.87297765937048,654.3305459518474,0.0,31.48539424796198,654.3305459518474,0.0,9.078967657452992,654.3305459518474,0.0,32.06737935420897,654.3305459518474,0.0,47.95557275475169,654.3305459518474,0.0,50.51630722223844,654.3305459518474
0.0,1.9787493612397546,654.3305459518474,0.0,33.69693765170052,654.3305459518474,0.0,8.787975104329497,654.3305459518474,0.0,32.47476892858185,654.3305459518474,0.0,46.03502190413665,654.3305459518474,0.0,51.331086370984224,654.3305459518474
0.0,1.920550850615056,654.3305459518474,0.0,33.28954807732764,654.3305459518474,0.0,5.878049573094565,654.3305459518474,0.0,25.607344674867413,654.3305459518474,0.0,45.336639776640254,654.3305459518474,0.0,50.39991020098904,654.3305459518474
0.0,0.174595531874096,654.3305459518474,0.0,32.125577864833666,654.3305459518474,0.0,4.132094254353605,654.3305459518474,0.0,28.168079142354156,654.3305459518474,0.0,46.50060998913423,654.3305459518474,0.0,49.00314594599627,654.3305459518474
0.0,0.0,654.3305459518474,0.0,31.48539424796198,654.3305459518474,0.0,4.190292764978303,654.3305459518474,0.0,31.310798716087884,654.3305459518474,0.0,51.68027743473242,654.3305459518474,0.0,48.24656530787519,654.3305459518474
0.0,0.0,654.3305459518474,0.0,30.787012120465597,654.3305459518474,0.0,4.946873403099386,654.3305459518474,0.0,18.448927868029475,654.3305459518474,0.0,53.775423817221565,654.3305459518474,0.0,47.7227787122529,654.3305459518474
0.0,5.236365075794533,654.3305459518474,0.0,32.745361391211546,654.3305459518474,0.0,10.939819117015002,654.3305459518474,0.0,3.5847280783957682,654.3305459518474,0.0,57.55682612739863,654.3305459518474,0.0,51.86909180640186,654.3305459518474
0.0,32.825994059713565,654.3305459518474,0.0,58.200544692082175,654.3305459518474,0.0,46.660018987739804,654.3305459518474,0.0,26.8141491357325,654.3305459518474,0.0,91.59712905011902,654.3305459518474,0.0,82.43002432202226,654.3305459518474
0.0,73.04487757817725,654.3305459518474,0.0,100.87798449657858,654.3305459518474,0.0,116.52119908221067,654.3305459518474,0.0,85.71643317413788,654.3305459518474,0.0,154.80946009357888,654.3305459518474,0.0,133.82787997968327,654.3305459518474
0.0,110.59130997817492,654.3305459518474,0.0,149.66944740651007,654.3305459518474,0.0,184.87389827070947,654.3305459518474,0.0,170.08794162422416,654.3305459518474,0.0,217.04813617664263,654.3305459518474,0.0,185.71808279251917,654.3305459518474
0.0,135.5084878436279,654.3305459518474,0.0,192.54188283337436,654.3305459518474,0.0,233.3633292775639,654.3305459518474,0.0,239.08082442959468,654.3305459518474,0.0,266.4751023331757,654.3305459518474,0.0,224.5873612166612,654.3305459518474
0.0,165.88696496726237,654.3305459518474,0.0,198.30203450479118,654.3305459518474,0.0,264.7783402424893,654.3305459518474,0.0,279.7039180325895,654.3305459518474,0.0,298.55237561488,654.3305459518474,0.0,251.35117170188084,654.3305459518474
0.0,205.4813845890781,654.3305459518474,0.0,221.91994592643533,654.3305459518474,0.0,282.820056265131,654.3305459518474,0.0,285.891859368873,654.3305459518474,0.0,320.78924250175515,654.3305459518474,0.0,277.31592275857844,654.3305459518474
0.0,238.9900410560643,654.3305459518474,0.0,230.59320261892884,654.3305459518474,0.0,262.2864881776108,654.3305459518474,0.0,255.37490652408195,654.3305459518474,0.0,324.36143034976897,654.3305459518474,0.0,266.98316920857434,654.3305459518474
0.0,249.8087827815598,654.3305459518474,0.0,239.17046238066672,654.3305459518474,0.0,220.26327310079637,654.3305459518474,0.0,263.4236993199275,654.3305459518474,0.0,311.80927353591443,654.3305459518474,0.0,280.53574005300226,654.3305459518474
0.0,224.8395876561806,654.3305459518474,0.0,209.90243732917168,654.3305459518474,0.0,207.1731108515242,654.3305459518474,0.0,272.44932656601094,654.3305459518474,0.0,279.47880612121753,654.3305459518474,0.0,263.3606427100476,654.3305459518474
0.0,176.7983464046867,654.3305459518474,0.0,167.56164835804154,654.3305459518474,0.0,218.4873792220364,654.3305459518474,0.0,228.88318938192035,654.3305459518474,0.0,230.51910665909543,654.3305459518474,0.0,227.00493959272126,654.3305459518474
0.0,113.57347513084484,654.3305459518474,0.0,102.82361580795752,654.3305459518474,0.0,171.21693744845888,654.3305459518474,0.0,174.3787339612431,654.3305459518474,0.0,161.59396083387486,654.3305459518474,0.0,176.87959130869174,654.3305459518474
0.0,63.29878950469023,654.3305459518474,0.0,51.16788564703384,654.3305459518474,0.0,119.1835785441963,654.3305459518474,0.0,110.4444412099513,654.3305459518474,0.0,86.64125036444955,654.3305459518474,0.0,119.46989072704969,654.3305459518474
0.0,17.54000812692656,654.3305459518474,0.0,22.409606080350734,654.3305459518474,0.0,72.65399768851618,654.3305459518474,0.0,53.39815053185278,654.3305459518474,0.0,27.775086136761672,654.3305459518474,0.0,69.50341825467062,654.3305459518474
0.0,0.174595531874096,654.3305459518474,0.0,5.005071913724085,654.3305459518474,0.0,55.754173178461315,654.3305459518474,0.0,31.310798716087884,654.3305459518474,0.0,7.39121084933673,654.3305459518474,0.0,51.971269987855905,654.3305459518474
0.0,0.11639702124939733,654.3305459518474,0.0,2.15334489311385,654.3305459518474,0.0,55.113989561589634,654.3305459518474,0.0,28.750064248601138,654.3305459518474,0.0,6.51823318996625,654.3305459518474,0.0,52.84424764722639,654.3305459518474
0.0,0.0,654.3305459518474,0.0,5.470659998721674,654.3305459518474,0.0,54.24101190221916,654.3305459518474,0.0,28.750064248601138,654.3305459518474,0.0,5.587057019971072,654.3305459518474,0.0,53.193438710974576,654.3305459518474
0.0,0.0,654.3305459518474,0.0,8.031394466208416,654.3305459518474,0.0,53.95001934909566,654.3305459518474,0.0,28.808262759225837,654.3305459518474,0.0,6.169042126218058,654.3305459518474,0.0,52.96064466847578,654.3305459518474
0.0,0.5237865956222879,654.3305459518474,0.0,5.8198510624698665,654.3305459518474,0.0,54.124614880969766,654.3305459518474,0.0,26.422123823613195,654.3305459518474,0.0,9.719151274324677,654.3305459518474,0.0,51.85487296660651,654.3305459518474
0.0,3.6665061693560155,654.3305459518474,0.0,2.15334489311385,654.3305459518474,0.0,54.59020296596734,654.3305459518474,0.0,24.443374462373438,654.3305459518474,0.0,19.147309995525863,654.3305459518474,0.0,50.167116158490245,654.3305459518474
0.0,7.9731959555837175,654.3305459518474,0.0,0.8147791487457813,654.3305459518474,0.0,54.93939402971553,654.3305459518474,0.0,23.395801271128864,654.3305459518474,0.0,29.09925531234933,654.3305459518474,0.0,48.77035190349748,654.3305459518474
0.0,8.380585529956607,654.3305459518474,0.0,0.5819851062469866,654.3305459518474,0.0,55.055791050964935,654.3305459518474,0.0,22.930213186131272,654.3305459518474,0.0,37.30524531043184,654.3305459518474,0.0,46.84980105288243,654.3305459518474
0.0,6.169042126218058,654.3305459518474,0.0,4.597682339351194,654.3305459518474,0.0,54.706599987216734,654.3305459518474,0.0,21.533448931138505,654.3305459518474,0.0,42.717706798528816,654.3305459518474,0.0,42.019324671032436,654.3305459518474
0.0,4.423086807477099,654.3305459518474,0.0,15.71359786866864,654.3305459518474,0.0,54.29921041284385,654.3305459518474,0.0,19.26370701677526,654.3305459518474,0.0,45.97682339351194,654.3305459518474,0.0,38.35281850167642,654.3305459518474
0.0,9.019268266399946,654.3305459518474,0.0,26.766634517091283,654.3305459518474,0.0,58.72079633989261,654.3305459518474,0.0,20.60077188071498,654.3305459518474,0.0,52.31896017117575,654.3305459518474,0.0,38.176722089373975,654.3305459518474
0.0,42.411527712136795,654.3305459518474,0.0,61.89213132220209,654.3305459518474,0.0,93.65297613204892,654.3305459518474,0.0,50.20226827573457,654.3305459518474,0.0,84.65260707571443,654.3305459518474,0.0,61.96622728203555,654.3305459518474
0.0,104.10283761924266,654.3305459518474,0.0,107.80660902177439,654.3305459518474,0.0,160.24400028158306,654.3305459518474,0.0,101.04339701689753,654.3305459518474,0.0,124.32880478849037,654.3305459518474,0.0,121.52309150609301,654.3305459518474
0.0,161.96558605550035,654.3305459518474,0.0,170.3991565388564,654.3305459518474,0.0,222.11458609083311,654.3305459518474,0.0,159.266375866857,654.3305459518474,0.0,140.77876093377137,654.3305459518474,0.0,182.15110850173062,654.3305459518474
0.0,211.9666774581686,654.3305459518474,0.0,229.49661392861475,654.3305459518474,0.0,258.4702892081595,654.3305459518474,0.0,215.6709820476555,654.3305459518474,0.0,173.15488662871104,654.3305459518474,0.0,230.51478174679545,654.3305459518474
0.0,247.12379143271184,654.3305459518474,0.0,259.97258886343315,654.3305459518474,0.0,286.23451372395266,654.3305459518474,0.0,257.70505874543846,654.3305459518474,0.0,196.30720996535763,654.3305459518474,0.0,264.1476950951429,654.3305459518474
0.0,264.16827291462175,654.3305459518474,0.0,285.8209428988813,654.3305459518474,0.0,271.16560211344074,654.3305459518474,0.0,277.5022685563463,654.3305459518474,0.0,200.67059738178168,654.3305459518474,0.0,282.777755203715,654.3305459518474
0.0,291.31085756563857,654.3305459518474,0.0,300.3314489834818,654.3305459518474,0.0,209.90058099077322,654.3305459518474,0.0,279.8915869818007,654.3305459518474,0.0,205.60811004434083,654.3305459518474,0.0,283.7938889545122,654.3305459518474
0.0,278.5053288898064,654.3305459518474,0.0,292.4383525094449,654.3305459518474,0.0,229.29826108742,654.3305459518474,0.0,267.4369279791302,654.3305459518474,0.0,203.284849989623,654.3305459518474,0.0,264.5393649492921,654.3305459518474
0.0,232.48549351893826,654.3305459518474,0.0,269.5188232152972,654.3305459518474,0.0,231.40444681986276,654.3305459518474,0.0,240.78633502531812,654.3305459518474,0.0,196.18295308399638,654.3305459518474,0.0,234.33548335753173,654.3305459518474
0.0,186.16212536456473,654.3305459518474,0.0,229.98260210410612,654.3305459518474,0.0,208.65165319747723,654.3305459518474,0.0,199.13288883173078,654.3305459518474,0.0,187.35868043996433,654.3305459518474,0.0,196.96046699956642,654.3305459518474
0.0,135.58858732517476,654.3305459518474,0.0,177.0684056803612,654.3305459518474,0.0,156.7693102447532,654.3305459518474,0.0,143.84191421291342,654.3305459518474,0.0,139.2655996575292,654.3305459518474,0.0,147.05369391824038,654.3305459518474
0.0,61.51503576581837,654.3305459518474,0.0,116.51280603514367,654.3305459518474,0.0,110.8059947750964,654.3305459518474,0.0,80.18439517494974,654.3305459518474,0.0,82.21612948958894,654.3305459518474,0.0,91.27823200435998,654.3305459518474
0.0,15.896230989639639,654.3305459518474,0.0,63.310796548117,654.3305459518474,0.0,67.74006460629255,654.3305459518474,0.0,27.89934301812292,654.3305459518474,0.0,53.53962801386608,654.3305459518474,0.0,42.324713792936336,654.3305459518474
0.0,2.0951463824891516,654.3305459518474,0.0,41.670133607284235,654.3305459518474,0.0,57.32553296532818,654.3305459518474,0.0,12.221687231186719,654.3305459518474,0.0,39.4585902035457,654.3305459518474,0.0,23.977786377375846,654.3305459518474
0.0,8.438784040581305,654.3305459518474,0.0,38.58561254417521,654.3305459518474,0.0,57.034540412204684,654.3305459518474,0.0,13.734848507428882,654.3305459518474,0.0,37.130649778557746,654.3305459518474,0.0,21.30065488863971,654.3305459518474
0.0,17.110362123661407,654.3305459518474,0.0,31.834585311710175,654.3305459518474,0.0,56.394356795333,654.3305459518474,0.0,16.93576659178731,654.3305459518474,0.0,35.50109148106618,654.3305459518474,0.0,19.147309995525863,654.3305459518474
0.0,21.009662335516218,654.3305459518474,0.0,19.96208914427164,654.3305459518474,0.0,55.579577646587225,654.3305459518474,0.0,20.718669782392723,654.3305459518474,0.0,32.41657041795716,654.3305459518474,0.0,16.17918595366623,654.3305459518474
0.0,24.443374462373438,654.3305459518474,0.0,9.078967657452992,654.3305459518474,0.0,54.35740892346856,654.3305459518474,0.0,21.358853399264408,654.3305459518474,0.0,29.623041907971622,654.3305459518474,0.0,14.142238081801773,654.3305459518474
0.0,25.14175658986982,654.3305459518474,0.0,3.899300211854811,654.3305459518474,0.0,53.077041689725185,654.3305459518474,0.0,23.686793824252355,654.3305459518474,0.0,27.00410892986018,654.3305459518474,0.0,13.618451486179488,654.3305459518474
0.0,22.11543403738549,654.3305459518474,0.0,1.8041538293656585,654.3305459518474,0.0,51.796674455981815,654.3305459518474,0.0,25.19995510049452,654.3305459518474,0.0,23.337602760504165,654.3305459518474,0.0,13.211061911806597,654.3305459518474
0.0,13.443855954305391,654.3305459518474,0.0,2.3861389356126455,654.3305459518474,0.0,50.63270424348784,654.3305459518474,0.0,23.51219829237826,654.3305459518474,0.0,21.067860846140917,654.3305459518474,0.0,15.422605315545146,654.3305459518474
0.0,3.4337121268572206,654.3305459518474,0.0,5.645255530595771,654.3305459518474,0.0,49.468734030993865,654.3305459518474,0.0,20.77686829301742,654.3305459518474,0.0,19.438302548649354,654.3305459518474,0.0,21.7662429736373,654.3305459518474
0.0,0.349191063748192,654.3305459518474,0.0,11.697900635564432,654.3305459518474,0.0,48.71215339287278,654.3305459518474,0.0,14.491429145549967,654.3305459518474,0.0,16.64477403866382,654.3305459518474,0.0,23.04661020738067,654.3305459518474
0.0,9.544555742450582,654.3305459518474,0.0,19.6632367310363,654.3305459518474,0.0,49.04562473639727,654.3305459518474,0.0,9.544555742450582,654.3305459518474,0.0,20.243720956854936,654.3305459518474,0.0,24.931041247278227,654.3305459518474
0.0,32.92631590276915,654.3305459518474,0.0,45.885862290996556,654.3305459518474,0.0,72.1633291427547,654.3305459518474,0.0,21.52258731016996,654.3305459518474,0.0,51.14448379568335,654.3305459518474,0.0,52.65596646251211,654.3305459518474
0.0,56.213757741745525,654.3305459518474,0.0,94.15185999589237,654.3305459518474,0.0,108.76754602280359,654.3305459518474,0.0,57.56672005489399,654.3305459518474,0.0,108.71941916865931,654.3305459518474,0.0,83.45923149015657,654.3305459518474
0.0,50.98710886446129,654.3305459518474,0.0,132.36673596336738,654.3305459518474,0.0,149.08710684229297,654.3305459518474,0.0,111.25303910799863,654.3305459518474,0.0,165.34109967173288,654.3305459518474,0.0,112.50232235926472,654.3305459518474
0.0,82.19608485706524,636.5266308089126,0.0,156.17496263710933,654.3305459518474,0.0,189.7590382153723,654.3305459518474,0.0,176.9112084781242,654.3305459518474,0.0,207.67402878275118,654.3305459518474,0.0,112.41586389803436,654.3305459518474
0.0,125.29645622717317,654.3305459518474,0.0,187.25968174835202,654.3305459518474,0.0,291.4946361090678,654.3305459518474,0.0,238.4986615943626,654.3305459518474,0.0,242.18777965058098,654.3305459518474,0.0,73.87537644714673,628.2059223989942
0.0,161.06849562883914,654.3305459518474,0.0,210.94365154073273,654.3305459518474,0.0,323.06384251537355,654.3305459518474,0.0,267.6502896246084,654.3305459518474,0.0,266.3262981780057,654.3305459518474,0.0,59.369550732816364,587.5754731318106
0.0,215.11672370505903,654.3305459518474,0.0,223.13089757061536,654.3305459518474,0.0,322.330841457588,654.3305459518474,0.0,285.6543849561041,654.3305459518474,0.0,274.60470552650827,654.3305459518474,0.0,82.34374358977699,569.9192167215875
0.0,201.1694812456251,654.3305459518474,0.0,215.58699216032667,654.3305459518474,0.0,312.5407737132716,654.3305459518474,0.0,288.2450579836099,654.3305459518474,0.0,267.34861317950134,654.3305459518474,0.0,113.1183932088457,580.4139312886641
0.0,159.8322857949102,654.3305459518474,0.0,199.11027694486842,654.3305459518474,0.0,287.4222412457672,654.3305459518474,0.0,265.1241740874107,654.3305459518474,0.0,230.3385076055079,654.3305459518474,0.0,132.7535477182614,606.6167694632733
0.0,101.80280168689025,654.3305459518474,0.0,172.32756724958332,654.3305459518474,0.0,245.4431835687672,654.3305459518474,0.0,224.4097639239304,654.3305459518474,0.0,173.3015776679496,654.3305459518474,0.0,150.13635864295097,646.725856377634
0.0,58.853268539335815,613.1838144911832,0.0,135.2388630744714,654.3305459518474,0.0,188.2473778195585,654.3305459518474,0.0,169.81717143260943,654.3305459518474,0.0,99.82891042490566,654.159456376753,0.0,156.5744923513704,654.3305459518474
0.0,41.7867083575187,646.6131811771982,0.0,93.13872800595189,654.3305459518474,0.0,121.75385148120829,654.3305459518474,0.0,107.71847195113065,654.3305459518474,0.0,52.641925351701815,654.3305459518474,0.0,110.33590404881375,654.3305459518474
0.0,31.57035182876398,654.3305459518474,0.0,55.85970857874217,654.3305459518474,0.0,66.61707230377122,654.3305459518474,0.0,58.65959606841121,654.3305459518474,0.0,17.019223292160962,654.3305459518474,0.0,54.22396903055217,654.3305459518474
0.0,41.08814850103725,654.3305459518474,0.0,43.939875521647494,654.3305459518474,0.0,50.92369679661133,654.3305459518474,0.0,41.32094254353605,654.3305459518474,0.0,15.18981127304635,654.3305459518474,0.0,32.940357013579444,654.3305459518474
0.0,39.3421931822963,654.3305459518474,0.0,43.823478500398096,654.3305459518474,0.0,51.56388041348302,654.3305459518474,0.0,39.1093991397975,654.3305459518474,0.0,13.56025297555479,654.3305459518474,0.0,35.67568701294028,654.3305459518474
0.0,23.686793824252355,654.3305459518474,0.0,43.00869935165231,654.3305459518474,0.0,50.98189530723602,654.3305459518474,0.0,37.36344382105654,654.3305459518474,0.0,10.766724465569252,654.3305459518474,0.0,36.19947360856257,654.3305459518474
0.0,16.93576659178731,654.3305459518474,0.0,41.26274403291135,654.3305459518474,0.0,49.17774147787037,654.3305459518474,0.0,36.490466161686065,654.3305459518474,0.0,4.539483828726496,654.3305459518474,0.0,37.88723041667883,654.3305459518474
0.0,11.406908082440939,654.3305459518474,0.0,38.934803607923406,654.3305459518474,0.0,47.664580201628205,654.3305459518474,0.0,36.95605424668366,654.3305459518474,0.0,4.190292764978303,654.3305459518474,0.0,41.08814850103725,654.3305459518474
0.0,14.433230634925268,654.3305459518474,0.0,37.30524531043184,654.3305459518474,0.0,46.907999563507126,654.3305459518474,0.0,37.01425275730835,654.3305459518474,0.0,9.428158721201184,654.3305459518474,0.0,46.03502190413665,654.3305459518474
0.0,16.52837701741442,654.3305459518474,0.0,37.88723041667883,654.3305459518474,0.0,46.79160254225773,654.3305459518474,0.0,35.21009892794269,654.3305459518474,0.0,22.872014675506573,654.3305459518474,0.0,48.24656530787519,654.3305459518474
0.0,9.078967657452992,654.3305459518474,0.0,39.1093991397975,654.3305459518474,0.0,47.315389137880004,654.3305459518474,0.0,33.05675403482884,654.3305459518474,0.0,33.638739141075824,654.3305459518474,0.0,47.08259509538122,654.3305459518474
0.0,2.9099255312349332,654.3305459518474,0.0,39.516788714170396,654.3305459518474,0.0,47.7227787122529,654.3305459518474,0.0,30.205027014218608,654.3305459518474,0.0,33.46414360920173,654.3305459518474,0.0,46.326014457260136,654.3305459518474
0.0,17.459553187409597,654.3305459518474,0.0,39.400391692921,654.3305459518474,0.0,47.25719062725532,654.3305459518474,0.0,26.538520844862592,654.3305459518474,0.0,20.07848616552104,654.3305459518474,0.0,45.56943381913906,654.3305459518474
0.0,9.99760359706622,654.3305459518474,0.0,40.63359976599327,654.3305459518474,0.0,49.10700273686373,654.3305459518474,0.0,26.14535011028505,654.3305459518474,0.0,21.211016937567614,654.3305459518474,0.0,48.644594141707884,654.3305459518474
0.0,24.91717786545299,654.3305459518474,0.0,67.19137527889143,654.3305459518474,0.0,80.85080467504358,654.3305459518474,0.0,55.63830934416709,654.3305459518474,0.0,27.032546609450883,654.3305459518474,0.0,83.4289374721674,654.3305459518474
0.0,44.780446047097406,654.3305459518474,0.0,112.6591641035316,654.3305459518474,0.0,124.99574747553936,654.3305459518474,0.0,120.44407887440103,654.3305459518474,0.0,36.32090645805218,654.3305459518474,0.0,153.95388076384552,654.3305459518474
0.0,80.06331778343025,654.3305459518474,0.0,154.8064583327222,654.3305459518474,0.0,156.93772452592884,654.3305459518474,0.0,182.19676678197334,654.3305459518474,0.0,73.67852448638038,654.3305459518474,0.0,219.1371013084333,654.3305459518474
0.0,96.44871643840304,650.7792623902504,0.0,193.34226541333976,654.3305459518474,0.0,195.23287770393574,654.3305459518474,0.0,228.5124528052201,654.3305459518474,0.0,136.64852301781622,654.3305459518474,0.0,265.8805769965468,654.3305459518474
0.0,133.4004457727867,654.3305459518474,0.0,225.03572870100675,654.3305459518474,0.0,241.67750097881384,654.3305459518474,0.0,262.22246387425776,654.3305459518474,0.0,186.98140715459553,654.3305459518474,0.0,282.8275606672728,654.3305459518474
0.0,179.21928199957352,654.3305459518474,0.0,252.0669521590143,654.3305459518474,0.0,277.32378261869025,654.3305459518474,0.0,282.9776089253381,654.3305459518474,0.0,166.73582985934215,654.3305459518474,0.0,260.87850684367936,654.3305459518474
0.0,160.89125379407847,654.3305459518474,0.0,264.3941747904819,654.3305459518474,0.0,318.664157559247,654.3305459518474,0.0,289.48648137476414,654.3305459518474,0.0,159.64011420441395,654.3305459518474,0.0,247.6562278529341,654.3305459518474
0.0,100.0414821058957,654.3305459518474,0.0,278.90150138524064,654.3305459518474,0.0,317.4545290665102,654.3305459518474,0.0,280.05814492457796,654.3305459518474,0.0,142.74965043489928,654.3305459518474,0.0,231.45478547037564,654.3305459518474
0.0,131.29293688890064,654.3305459518474,0.0,253.85688714858463,654.3305459518474,0.0,297.6227003253132,654.3305459518474,0.0,255.43663998251853,654.3305459518474,0.0,125.22218253835466,654.3305459518474,0.0,230.43865171957847,654.3305459518474
0.0,112.1783894852655,654.3305459518474,0.0,213.37059065733297,654.3305459518474,0.0,253.8237690987238,654.3305459518474,0.0,211.93656116916446,654.3305459518474,0.0,120.59138214914267,654.3305459518474,0.0,204.04761187844255,654.3305459518474
0.0,65.99013983322172,620.3206857850691,0.0,153.87042406347186,654.3305459518474,0.0,194.4321396660003,654.3305459518474,0.0,151.95508677008212,654.3305459518474,0.0,112.46549163260698,654.3305459518474,0.0,174.40999567270546,654.3305459518474
0.0,35.77521889150775,648.9408608982753,0.0,94.41273626001176,654.3305459518474,0.0,126.84856134600447,654.3305459518474,0.0,82.72623043237104,654.3305459518474,0.0,87.4901152565293,654.3305459518474,0.0,122.18632151634509,654.3305459518474
0.0,19.510719899069404,654.3305459518474,0.0,55.919407969795216,654.3305459518474,0.0,73.54269506811036,654.3305459518474,0.0,25.936313377106863,654.3305459518474,0.0,63.88006369499699,654.3305459518474,0.0,74.05862180362081,654.3305459518474
0.0,34.162525736698115,654.3305459518474,0.0,47.43178615912941,654.3305459518474,0.0,57.383731475952885,654.3305459518474,0.0,6.98382127496384,654.3305459518474,0.0,55.87057019971072,654.3305459518474,0.0,57.67472402907638,654.3305459518474
0.0,47.7227787122529,654.3305459518474,0.0,46.26781594663544,654.3305459518474,0.0,57.15093743345409,654.3305459518474,0.0,5.179667445598181,654.3305459518474,0.0,56.16156275283421,654.3305459518474,0.0,57.67472402907638,654.3305459518474
0.0,53.135240200349884,654.3305459518474,0.0,46.326014457260136,654.3305459518474,0.0,56.7435478590812,654.3305459518474,0.0,5.121468934973482,654.3305459518474,0.0,55.81237168908602,654.3305459518474,0.0,57.616525518451674,654.3305459518474
0.0,53.775423817221565,654.3305459518474,0.0,46.73340403163303,654.3305459518474,0.0,56.103364242209516,654.3305459518474,0.0,7.740401913084923,654.3305459518474,0.0,54.88119551909084,654.3305459518474,0.0,57.500128497202276,654.3305459518474
0.0,53.42623275347337,654.3305459518474,0.0,47.08259509538122,654.3305459518474,0.0,55.34678360408843,654.3305459518474,0.0,15.364406804920447,654.3305459518474,0.0,54.18281339159446,654.3305459518474,0.0,57.32553296532818,654.3305459518474
0.0,51.331086370984224,654.3305459518474,0.0,46.61700701038363,654.3305459518474,0.0,54.24101190221916,654.3305459518474,0.0,22.69741914363248,654.3305459518474,0.0,53.83362232784627,654.3305459518474,0.0,56.97634190157999,654.3305459518474
0.0,47.48998466975411,654.3305459518474,0.0,46.67520552100833,654.3305459518474,0.0,52.7860491366017,654.3305459518474,0.0,29.332049354848124,654.3305459518474,0.0,52.90244615785109,654.3305459518474,0.0,56.33615828470831,654.3305459518474
0.0,43.5324859472746,654.3305459518474,0.0,43.823478500398096,654.3305459518474,0.0,50.05071913724085,654.3305459518474,0.0,34.97730488544389,654.3305459518474,0.0,50.63270424348784,654.3305459518474,0.0,55.40498211471312,654.3305459518474
0.0,38.64381105479991,654.3305459518474,0.0,41.08814850103725,654.3305459518474,0.0,46.79160254225773,654.3305459518474,0.0,41.495538075410145,654.3305459518474,0.0,47.25719062725532,654.3305459518474,0.0,54.59020296596734,654.3305459518474
0.0,34.919106374819194,654.3305459518474,0.0,41.029949990412554,654.3305459518474,0.0,43.06689786227701,654.3305459518474,0.0,46.09322041476134,654.3305459518474,0.0,43.823478500398096,654.3305459518474,0.0,54.00821785972036,654.3305459518474
0.0,37.53653847250229,654.3305459518474,0.0,43.01187884149406,654.3305459518474,0.0,43.612763157806505,654.3305459518474,0.0,51.818753155889006,654.3305459518474,0.0,44.68709541922838,654.3305459518474,0.0,56.14902252245226,654.3305459518474
0.0,74.19109400306402,654.3305459518474,0.0,65.17800698736252,654.3305459518474,0.0,73.54455140650883,654.3305459518474,0.0,83.77962941634394,654.3305459518474,0.0,75.87099095106842,654.3305459518474,0.0,86.14686914189114,654.3305459518474
0.0,137.76683495006745,654.3305459518474,0.0,99.68707748492224,654.3305459518474,0.0,143.81162019492427,654.3305459518474,0.0,135.6273534387788,654.3305459518474,0.0,139.1682795753303,654.3305459518474,0.0,142.82356866574767,654.3305459518474
0.0,198.63868533815742,654.3305459518474,0.0,132.95039967902775,654.3305459518474,0.0,209.88203723867787,654.3305459518474,0.0,200.0257333946399,654.3305459518474,0.0,192.02277660802218,654.3305459518474,0.0,205.19436149028445,654.3305459518474
0.0,245.7644701398799,654.3305459518474,0.0,167.16847762346399,654.3305459518474,0.0,258.65310005811557,654.3305459518474,0.0,237.6870619354586,654.3305459518474,0.0,232.08914329451898,654.3305459518474,0.0,229.30462006710354,654.3305459518474
0.0,278.4772466681858,654.3305459518474,0.0,200.66609474049662,654.3305459518474,0.0,297.5412776923231,654.3305459518474,0.0,272.40066652491146,654.3305459518474,0.0,257.40117050396293,654.3305459518474,0.0,265.6446034642062,654.3305459518474
0.0,294.95396188364407,654.3305459518474,0.0,237.27499199081558,654.3305459518474,0.0,316.18237715084877,654.3305459518474,0.0,299.12835719941364,654.3305459518474,0.0,263.855023932606,654.3305459518474,0.0,300.90239473977516,654.3305459518474
0.0,299.3645084607392,654.3305459518474,0.0,255.96793098028252,654.3305459518474,0.0,318.37352046409353,654.3305459518474,0.0,310.6596998922008,654.3305459518474,0.0,268.1098741878925,654.3305459518474,0.0,317.3209114446088,654.3305459518474
0.0,289.7112378281661,654.3305459518474,0.0,245.74839496168607,654.3305459518474,0.0,302.2020166415541,654.3305459518474,0.0,301.9565046396883,654.3305459518474,0.0,253.70790526442963,654.3305459518474,0.0,309.1400019072901,654.3305459518474
0.0,265.10545260633035,654.3305459518474,0.0,195.29743519424392,654.3305459518474,0.0,270.9851807888383,654.3305459518474,0.0,274.5964902084263,654.3305459518474,0.0,230.06641426244988,654.3305459518474,0.0,285.110020541003,654.3305459518474
0.0,223.70052017546544,654.3305459518474,0.0,116.27065125210467,654.3305459518474,0.0,225.82878460781544,654.3305459518474,0.0,223.9441758389328,654.3305459518474,0.0,197.693468057352,654.3305459518474,0.0,236.53095158307644,654.3305459518474
0.0,165.93058918012164,654.3305459518474,0.0,68.31604619082614,622.6465921426735,0.0,163.21733788066797,654.3305459518474,0.0,170.3944761685863,654.3305459518474,0.0,141.91182489277313,654.3305459518474,0.0,172.52592009077802,654.3305459518474
0.0,97.76502575387885,654.3305459518474,0.0,47.07491296425442,654.3305459518474,0.0,87.13359751962443,654.3305459518474,0.0,100.16988617057189,654.3305459518474,0.0,74.63345796569617,654.3305459518474,0.0,99.6966159544475,654.3305459518474
0.0,41.64673175593375,654.3305459518474,0.0,37.50659991248323,654.3305459518474,0.0,21.98349502489745,654.3305459518474,0.0,54.881373248075896,654.3305459518474,0.0,19.092468703727967,654.3305459518474,0.0,36.61022040176226,654.3305459518474
0.0,28.575468716727045,654.3305459518474,0.0,37.88723041667883,654.3305459518474,0.0,3.9574987224795093,654.3305459518474,0.0,40.56436190541496,654.3305459518474,0.0,1.8623523399903572,654.3305459518474,0.0,15.073414251796954,654.3305459518474
0.0,30.03043148234451,654.3305459518474,0.0,36.54866467231076,654.3305459518474,0.0,2.15334489311385,654.3305459518474,0.0,39.3421931822963,654.3305459518474,0.0,0.87297765937048,654.3305459518474,0.0,9.660952763699978,654.3305459518474
0.0,28.168079142354156,654.3305459518474,0.0,39.633185735419794,654.3305459518474,0.0,0.9311761699951786,654.3305459518474,0.0,37.59623786355534,654.3305459518474,0.0,0.2909925531234933,654.3305459518474,0.0,4.132094254353605,654.3305459518474
0.0,24.26877893049934,654.3305459518474,0.0,39.2257961610469,654.3305459518474,0.0,0.11639702124939733,654.3305459518474,0.0,36.31587062981197,654.3305459518474,0.0,0.05819851062469866,654.3305459518474,0.0,0.5237865956222879,654.3305459518474
0.0,20.36947871864453,654.3305459518474,0.0,32.998555524204136,654.3305459518474,0.0,0.0,654.3305459518474,0.0,33.92973169419932,654.3305459518474,0.0,0.0,654.3305459518474,0.0,0.0,654.3305459518474
0.0,16.411979996165023,654.3305459518474,0.0,26.713116376736686,654.3305459518474,0.0,0.0,654.3305459518474,0.0,32.649364460455956,654.3305459518474,0.0,0.0,654.3305459518474,0.0,0.05819851062469866,654.3305459518474
0.0,12.454481273685513,654.3305459518474,0.0,24.79256552612163,654.3305459518474,0.0,0.0,654.3305459518474,0.0,33.40594509857703,654.3305459518474,0.0,0.05819851062469866,654.3305459518474,0.0,0.2909925531234933,654.3305459518474
0.0,10.359334891196362,654.3305459518474,0.0,24.501572972998137,654.3305459518474,0.0,0.0,654.3305459518474,0.0,34.104327226073416,654.3305459518474,0.0,0.23279404249879465,654.3305459518474,0.0,0.9893746806198773,654.3305459518474
0.0,9.544555742450582,654.3305459518474,0.0,23.803190845501753,654.3305459518474,0.0,0.11639702124939733,654.3305459518474,0.0,34.4535182898216,654.3305459518474,0.0,0.7565806381210826,654.3305459518474,0.0,1.9787493612397546,654.3305459518474
0.0,10.708525954944554,654.3305459518474,0.0,21.882639994886695,654.3305459518474,0.0,0.40738957437289064,654.3305459518474,0.0,35.21009892794269,654.3305459518474,0.0,2.15334489311385,654.3305459518474,0.0,3.2009180843584266,654.3305459518474
0.0,15.44468401545235,654.3305459518474,0.0,19.988848214448943,654.3305459518474,0.0,3.720024309710616,654.3305459518474,0.0,39.07327932908,654.3305459518474,0.0,7.778200333215823,654.3305459518474,0.0,8.158830837411413,654.3305459518474
0.0,46.7228978686346,654.3305459518474,0.0,37.802628293846944,654.3305459518474,0.0,34.672626679480224,654.3305459518474,0.0,72.65585402691465,654.3305459518474,0.0,40.903046806164724,654.3305459518474,0.0,27.188420660244585,654.3305459518474
0.0,109.12044976334869,654.3305459518474,0.0,60.73319693794832,654.3305459518474,0.0,109.29990339447795,654.3305459518474,0.0,143.5913663828074,654.3305459518474,0.0,110.66672908945166,654.3305459518474,0.0,79.54739104791982,654.3305459518474
0.0,170.70322250931702,654.3305459518474,0.0,94.88989688191812,654.3305459518474,0.0,178.75687340441766,654.3305459518474,0.0,207.33066351173133,654.3305459518474,0.0,176.73396664336354,654.3305459518474,0.0,152.97925810997617,654.3305459518474
0.0,220.22300610676396,654.3305459518474,0.0,128.58100874089033,654.3305459518474,0.0,232.5708065577104,654.3305459518474,0.0,258.3085893646375,654.3305459518474,0.0,228.91516200932296,654.3305459518474,0.0,180.42105063219842,654.3305459518474
0.0,252.5676923612562,654.3305459518474,0.0,146.23741388906626,654.3305459518474,0.0,269.03504683617433,654.3305459518474,0.0,294.15940509640706,654.3305459518474,0.0,266.1359829259079,654.3305459518474,0.0,157.14447041419058,654.3305459518474
0.0,275.5454201660287,654.3305459518474,0.0,143.2125922170103,654.3305459518474,0.0,287.69186601492373,654.3305459518474,0.0,314.24760746043836,654.3305459518474,0.0,289.26940705248904,654.3305459518474,0.0,139.05391662146442,654.3305459518474
0.0,282.63627772170173,654.3305459518474,0.0,131.55381315302006,654.3305459518474,0.0,290.8802438689002,654.3305459518474,0.0,320.1209766632628,654.3305459518474,0.0,297.9898229056536,654.3305459518474,0.0,131.6028286520896,654.3305459518474
0.0,274.080918930886,654.3305459518474,0.0,123.58679844813476,654.3305459518474,0.0,278.94937146185197,654.3305459518474,0.0,310.97577290608825,654.3305459518474,0.0,291.2810967346046,654.3305459518474,0.0,176.5421505108374,654.3305459518474
0.0,250.63124406143243,654.3305459518474,0.0,110.55015433921722,654.3305459518474,0.0,251.2165863865062,654.3305459518474,0.0,284.63189222562346,654.3305459518474,0.0,269.127508819118,654.3305459518474,0.0,192.0184516957222,654.3305459518474
0.0,208.50434992273563,654.3305459518474,0.0,87.33963249194593,641.6701784437934,0.0,207.6315499923502,654.3305459518474,0.0,240.05748115084754,654.3305459518474,0.0,229.66670681920377,654.3305459518474,0.0,119.08997113879433,654.3305459518474
0.0,147.61845842383534,654.3305459518474,0.0,51.257701327091,592.9278797708844,0.0,147.87183028581296,654.3305459518474,0.0,179.6497179673268,654.3305459518474,0.0,173.6741705830483,654.3305459518474,0.0,45.27747357254238,599.6080195243898
0.0,77.01959690130882,654.3305459518474,0.0,24.081820897228354,612.193336488667,0.0,77.98071163132305,654.3305459518474,0.0,112.29893368982981,654.3305459518474,0.0,108.15111971525249,654.3305459518474,0.0,34.32175700631863,627.0654251294446
0.0,18.891114101676575,654.3305459518474,0.0,12.166668210403772,621.92667105699,0.0,20.26897914660389,654.3305459518474,0.0,55.571895515460426,654.3305459518474,0.0,53.976956148258026,654.3305459518474,0.0,35.252755447328745,654.3305459518474
0.0,2.444337446237344,654.3305459518474,0.0,14.840620209298159,633.7991672244285,0.0,9.544555742450582,654.3305459518474,0.0,42.193920202906526,654.3305459518474,0.0,39.3421931822963,654.3305459518474,0.0,26.713116376736686,654.3305459518474
0.0,0.9893746806198773,654.3305459518474,0.0,15.829994889918037,646.4631631363629,0.0,10.650327444319855,654.3305459518474,0.0,43.18329488352641,654.3305459518474,0.0,39.74958275666919,654.3305459518474,0.0,29.44844637609752,654.3305459518474
0.0,0.23279404249879465,654.3305459518474,0.0,16.17918595366623,654.3305459518474,0.0,10.47573191244576,654.3305459518474,0.0,43.299691904775806,654.3305459518474,0.0,39.98237679916799,654.3305459518474,0.0,33.75513616232522,654.3305459518474
0.0,0.0,654.3305459518474,0.0,17.575950208658995,654.3305459518474,0.0,10.01014382744817,654.3305459518474,0.0,43.299691904775806,654.3305459518474,0.0,40.09877382041737,654.3305459518474,0.0,36.141275097937864,654.3305459518474
0.0,0.0,654.3305459518474,0.0,20.194883186770436,654.3305459518474,0.0,9.428158721201184,654.3305459518474,0.0,43.06689786227701,654.3305459518474,0.0,40.273369352291475,654.3305459518474,0.0,36.83965722543426,654.3305459518474
0.0,0.0,654.3305459518474,0.0,23.163007228630068,654.3305459518474,0.0,8.26418850870721,654.3305459518474,0.0,42.193920202906526,654.3305459518474,0.0,38.58561254417521,654.3305459518474,0.0,34.162525736698115,654.3305459518474
0.0,0.0,654.3305459518474,0.0,24.152381909249943,654.3305459518474,0.0,5.9362480837192635,654.3305459518474,0.0,40.79715594791376,654.3305459518474,0.0,35.966679566063775,654.3305459518474,0.0,25.19995510049452,654.3305459518474
0.0,0.0,654.3305459518474,0.0,23.04661020738067,654.3305459518474,0.0,4.248491275603002,654.3305459518474,0.0,37.42164233168124,654.3305459518474,0.0,33.522342119826426,654.3305459518474,0.0,14.607826166799367,654.3305459518474
0.0,0.174595531874096,654.3305459518474,0.0,19.787493612397544,654.3305459518474,0.0,3.9574987224795093,654.3305459518474,0.0,34.569915311071,654.3305459518474,0.0,30.728813609840895,654.3305459518474,0.0,10.417533401821059,654.3305459518474
0.0,0.349191063748192,654.3305459518474,0.0,19.90389063364694,654.3305459518474,0.0,4.073895743728906,654.3305459518474,0.0,33.40594509857703,654.3305459518474,0.0,27.877086589230657,654.3305459518474,0.0,6.867424253714441,654.3305459518474
0.0,3.304774875225875,654.3305459518474,0.0,23.814230195455355,654.3305459518474,0.0,7.103397786054988,654.3305459518474,0.0,35.3800140895467,654.3305459518474,0.0,28.555068626233243,654.3305459518474,0.0,11.130134369112795,654.3305459518474
0.0,33.79178915999789,654.3305459518474,0.0,56.52064774407776,654.3305459518474,0.0,36.91560952366617,654.3305459518474,0.0,64.07859426517675,654.3305459518474,0.0,55.65084957454904,654.3305459518474,0.0,49.91913558272293,654.3305459518474
0.0,103.76468590544808,654.3305459518474,0.0,118.92756037933206,654.3305459518474,0.0,111.55860595888761,654.3305459518474,0.0,136.41722985574577,654.3305459518474,0.0,118.52502890421434,654.3305459518474,0.0,132.98351772888856,654.3305459518474
0.0,169.3002770036258,654.3305459518474,0.0,175.26760906982236,654.3305459518474,0.0,178.46738173172255,654.3305459518474,0.0,198.28949427440924,654.3305459518474,0.0,169.81602601015118,654.3305459518474,0.0,211.68769194847187,654.3305459518474
0.0,220.49995754907715,654.3305459518474,0.0,238.66239550526814,654.3305459518474,0.0,228.79408461780343,654.3305459518474,0.0,244.9764500613114,654.3305459518474,0.0,208.16001695824255,654.3305459518474,0.0,270.5192372458706,654.3305459518474
0.0,254.6330779127114,654.3305459518474,0.0,257.2563358031228,654.3305459518474,0.0,261.6814566779834,654.3305459518474,0.0,278.67074141012534,654.3305459518474,0.0,236.19483393666545,654.3305459518474,0.0,309.80058561465563,654.3305459518474
0.0,272.7236317054375,654.3305459518474,0.0,278.13423685513607,654.3305459518474,0.0,278.94151160174005,654.3305459518474,0.0,299.7718980351121,654.3305459518474,0.0,249.83236236189538,654.3305459518474,0.0,330.1026828111203,654.3305459518474
0.0,275.4039426840154,654.3305459518474,0.0,278.1405958348195,654.3305459518474,0.0,281.0319776139591,654.3305459518474,0.0,307.6161567390645,654.3305459518474,0.0,246.35767232506552,654.3305459518474,0.0,334.3889725068542,654.3305459518474
0.0,264.2217910549764,654.3305459518474,0.0,272.1933084011467,654.3305459518474,0.0,270.9634575469012,654.3305459518474,0.0,300.1083711394933,654.3305459518474,0.0,233.83059597197493,654.3305459518474,0.0,321.24379123679915,654.3305459518474
0.0,237.7379337729266,654.3305459518474,0.0,250.09173774558644,654.3305459518474,0.0,244.3443040335366,654.3305459518474,0.0,276.0845710239046,654.3305459518474,0.0,221.98618202615694,654.3305459518474,0.0,294.00335331662825,654.3305459518474
0.0,194.81198020570773,654.3305459518474,0.0,205.6258638319481,654.3305459518474,0.0,200.69320926864404,654.3305459518474,0.0,233.12399852639652,654.3305459518474,0.0,185.9025722518886,654.3305459518474,0.0,250.60395180429992,654.3305459518474
0.0,136.8517339582661,654.3305459518474,0.0,152.1847013227391,654.3305459518474,0.0,143.19069124608814,654.3305459518474,0.0,173.86448583514607,654.3305459518474,0.0,141.07964741439022,654.3305459518474,0.0,192.75224271799587,654.3305459518474
0.0,70.50922357145443,654.3305459518474,0.0,86.0403660481371,654.3305459518474,0.0,76.68930504762608,654.3305459518474,0.0,105.25691390424127,654.3305459518474,0.0,82.86302754411423,654.3305459518474,0.0,125.79312829464806,654.3305459518474
0.0,16.03152722095449,654.3305459518474,0.0,30.7321708286677,654.3305459518474,0.0,20.74560658155508,654.3305459518474,0.0,47.78115495186265,654.3305459518474,0.0,30.72431096855585,654.3305459518474,0.0,70.2064807524371,654.3305459518474
0.0,0.5819851062469866,654.3305459518474,0.0,7.682203402460224,654.3305459518474,0.0,5.587057019971072,654.3305459518474,0.0,33.638739141075824,654.3305459518474,0.0,11.697900635564432,654.3305459518474,0.0,55.34678360408843,654.3305459518474
0.0,0.05819851062469866,654.3305459518474,0.0,1.222168723118672,654.3305459518474,0.0,5.8198510624698665,654.3305459518474,0.0,36.19947360856257,654.3305459518474,0.0,8.147791487457813,654.3305459518474,0.0,53.89182083847097,654.3305459518474
0.0,0.0,654.3305459518474,0.0,0.2909925531234933,654.3305459518474,0.0,6.98382127496384,654.3305459518474,0.0,38.469215522925815,654.3305459518474,0.0,6.285439147467455,654.3305459518474,0.0,51.73847594535711,654.3305459518474
0.0,0.0,654.3305459518474,0.0,2.0951463824891516,654.3305459518474,0.0,7.914997444959019,654.3305459518474,0.0,38.58561254417521,654.3305459518474,0.0,6.460034679341552,654.3305459518474,0.0,49.41053552036916,654.3305459518474
0.0,0.0,654.3305459518474,0.0,7.682203402460224,654.3305459518474,0.0,8.496982551206004,654.3305459518474,0.0,35.966679566063775,654.3305459518474,0.0,6.343637658092154,654.3305459518474,0.0,47.02439658475652,654.3305459518474
0.0,0.0,654.3305459518474,0.0,15.24800978367105,654.3305459518474,0.0,9.777349784949376,654.3305459518474,0.0,33.40594509857703,654.3305459518474,0.0,4.655880849975893,654.3305459518474,0.0,43.939875521647494,654.3305459518474
0.0,0.0,654.3305459518474,0.0,21.7662429736373,654.3305459518474,0.0,11.232312550566842,654.3305459518474,0.0,30.03043148234451,654.3305459518474,0.0,2.735329999360837,654.3305459518474,0.0,41.32094254353605,654.3305459518474
0.0,0.0,654.3305459518474,0.0,23.395801271128864,654.3305459518474,0.0,10.88312148681865,654.3305459518474,0.0,28.691865737976443,654.3305459518474,0.0,1.6295582974915626,654.3305459518474,0.0,39.74958275666919,654.3305459518474
0.0,0.0,654.3305459518474,0.0,21.30065488863971,654.3305459518474,0.0,10.533930423070458,654.3305459518474,0.0,28.400873184852944,654.3305459518474,0.0,0.8147791487457813,654.3305459518474,0.0,38.41101701230112,654.3305459518474
0.0,0.0,654.3305459518474,0.0,18.914515953027067,654.3305459518474,0.0,12.105290209937321,654.3305459518474,0.0,27.993483610480055,654.3305459518474,0.0,0.40738957437289064,654.3305459518474,0.0,33.92973169419932,654.3305459518474
0.0,3.0719808327270806,654.3305459518474,0.0,21.32273358854691,654.3305459518474,0.0,19.99202770429069,654.3305459518474,0.0,28.978177920829832,654.3305459518474,0.0,3.362973385850574,654.3305459518474,0.0,31.216480394745687,654.3305459518474
0.0,33.450457956361554,654.3305459518474,0.0,48.174681144410314,654.3305459518474,0.0,53.54784333194803,654.3305459518474,0.0,50.751135332120754,654.3305459518474,0.0,33.96638469187199,654.3305459518474,0.0,56.791240206707464,654.3305459518474
0.0,101.37536747999367,654.3305459518474,0.0,101.38304961112047,654.3305459518474,0.0,100.90006319648577,654.3305459518474,0.0,113.43349852925991,654.3305459518474,0.0,85.10786672669865,654.3305459518474,0.0,91.86189572002037,654.3305459518474
0.0,165.54563376362603,654.3305459518474,0.0,182.80383234898423,654.3305459518474,0.0,125.14861976547637,654.3305459518474,0.0,175.5778562909814,654.3305459518474,0.0,139.66266079788872,654.3305459518474,0.0,106.97964510061679,654.3305459518474
0.0,216.0626519018047,654.3305459518474,0.0,245.5960558587042,654.3305459518474,0.0,173.277820358629,654.3305459518474,0.0,227.63479477557956,654.3305459518474,0.0,185.517439106408,654.3305459518474,0.0,126.18232957489572,654.3305459518474
0.0,250.19577226543893,654.3305459518474,0.0,283.8109318261792,654.3305459518474,0.0,242.82910868991092,654.3305459518474,0.0,265.0537908043742,654.3305459518474,0.0,227.81574928713715,654.3305459518474,0.0,147.7632931246754,654.3305459518474
0.0,268.41058293952636,654.3305459518474,0.0,305.2423803048487,654.3305459518474,0.0,287.013350790966,654.3305459518474,0.0,288.18403544111356,654.3305459518474,0.0,249.4296531577926,654.3305459518474,0.0,177.10991677728904,654.3305459518474
0.0,273.6437685254792,654.3305459518474,0.0,312.46217511215315,654.3305459518474,0.0,306.6799447408291,654.3305459518474,0.0,297.8827866249444,654.3305459518474,0.0,251.82515283394542,654.3305459518474,0.0,174.7787968624593,654.3305459518474
0.0,266.4694542694324,654.3305459518474,0.0,289.66372320952485,654.3305459518474,0.0,296.27795333024665,654.3305459518474,0.0,293.6183979001327,654.3305459518474,0.0,234.889030784188,654.3305459518474,0.0,168.99974598097705,654.3305459518474
0.0,243.06225819037988,654.3305459518474,0.0,190.63987573485463,654.3305459518474,0.0,276.98563090489563,654.3305459518474,0.0,272.8961931699281,654.3305459518474,0.0,206.0676946076251,654.3305459518474,0.0,159.93163994449262,654.3305459518474
0.0,201.63374617917944,654.3305459518474,0.0,204.1892670894409,654.3305459518474,0.0,239.33852120387232,654.3305459518474,0.0,232.9462235046807,654.3305459518474,0.0,162.44017942306806,654.3305459518474,0.0,129.87559481442904,654.3305459518474
0.0,144.8720890745209,654.3305459518474,0.0,172.12303315769014,654.3305459518474,0.0,180.78057012995998,654.3305459518474,0.0,175.40122669172382,654.3305459518474,0.0,118.0325040200544,654.3305459518474,0.0,70.35652901050247,624.6870749623499
0.0,79.14618272424538,654.3305459518474,0.0,93.95200627426931,654.3305459518474,0.0,115.27173810195954,654.3305459518474,0.0,106.43660383695894,654.3305459518474,0.0,75.86631058079834,654.3305459518474,0.0,34.28077909634597,652.1116982394267
0.0,23.03106821614203,654.3305459518474,0.0,51.58913860323197,654.3305459518474,0.0,58.22544742386102,654.3305459518474,0.0,47.664757930613256,654.3305459518474,0.0,40.10363191967254,654.3305459518474,0.0,19.251166786393313,654.3305459518474
0.0,4.830476381849989,654.3305459518474,0.0,51.62207892410771,654.3305459518474,0.0,36.37406914043667,654.3305459518474,0.0,31.310798716087884,654.3305459518474,0.0,28.924659780475235,654.3305459518474,0.0,17.92514127240719,654.3305459518474
0.0,1.74595531874096,654.3305459518474,0.0,51.85487296660651,654.3305459518474,0.0,30.4960195673421,654.3305459518474,0.0,30.03043148234451,654.3305459518474,0.0,29.506644886722224,654.3305459518474,0.0,19.321905527399956,654.3305459518474
0.0,1.1057717018692748,654.3305459518474,0.0,45.80222786163785,654.3305459518474,0.0,22.69741914363248,654.3305459518474,0.0,30.03043148234451,654.3305459518474,0.0,32.06737935420897,654.3305459518474,0.0,21.882639994886695,654.3305459518474
0.0,2.5025359568620424,654.3305459518474,0.0,34.51171680044631,654.3305459518474,0.0,14.31683361367587,654.3305459518474,0.0,29.85583595047041,654.3305459518474,0.0,33.92973169419932,654.3305459518474,0.0,24.967161057995725,654.3305459518474
0.0,5.528858509346373,654.3305459518474,0.0,31.659989779836074,654.3305459518474,0.0,8.962570636203594,654.3305459518474,0.0,30.14682850359391,654.3305459518474,0.0,35.03550339606859,654.3305459518474,0.0,28.168079142354156,654.3305459518474
0.0,9.195364678702388,654.3305459518474,0.0,39.05120062917281,654.3305459518474,0.0,6.401836168716853,654.3305459518474,0.0,30.3796225460927,654.3305459518474,0.0,34.8609078641945,654.3305459518474,0.0,26.713116376736686,654.3305459518474
0.0,14.607826166799367,654.3305459518474,0.0,20.02028765489634,654.3305459518474,0.0,5.005071913724085,654.3305459518474,0.0,30.3796225460927,654.3305459518474,0.0,33.40594509857703,654.3305459518474,0.0,26.1311312704897,654.3305459518474
0.0,22.464625101133684,654.3305459518474,0.0,6.460034679341552,654.3305459518474,0.0,3.6665061693560155,654.3305459518474,0.0,29.85583595047041,654.3305459518474,0.0,32.125577864833666,654.3305459518474,0.0,31.136203184213784,654.3305459518474
0.0,31.36899722671258,654.3305459518474,0.0,2.444337446237344,654.3305459518474,0.0,2.61893297811144,654.3305459518474,0.0,30.03043148234451,654.3305459518474,0.0,31.776386801085472,654.3305459518474,0.0,33.75513616232522,654.3305459518474
0.0,32.70756297108065,654.3305459518474,0.0,4.3066897862277,654.3305459518474,0.0,1.8623523399903572,654.3305459518474,0.0,30.3796225460927,654.3305459518474,0.0,30.787012120465597,654.3305459518474,0.0,35.55928999169088,654.3305459518474
0.0,29.09457494207923,654.3305459518474,0.0,24.908962547371026,654.3305459518474,0.0,4.643340619593944,654.3305459518474,0.0,31.430375227179027,654.3305459518474,0.0,31.92272238235392,654.3305459518474,0.0,37.1809884290706,654.3305459518474
0.0,54.46798015198962,654.3305459518474,0.0,50.03031904674705,654.3305459518474,0.0,35.52202475851515,654.3305459518474,0.0,56.994095689187205,654.3305459518474,0.0,62.23046076498174,654.3305459518474,0.0,62.211383825931236,654.3305459518474
0.0,114.52823088117557,654.3305459518474,0.0,70.1074820608248,654.3305459518474,0.0,104.57946505419386,654.3305459518474,0.0,126.1632526358452,654.3305459518474,0.0,119.63230148651196,654.3305459518474,0.0,132.8559036287005,654.3305459518474
0.0,172.40519815722863,654.3305459518474,0.0,101.8497831185763,654.3305459518474,0.0,171.1972482739053,654.3305459518474,0.0,189.57225791108638,654.3305459518474,0.0,174.35701071930603,654.3305459518474,0.0,176.4299006729029,654.3305459518474
0.0,220.7185327517806,654.3305459518474,0.0,147.96111277891498,654.3305459518474,0.0,222.8546570442424,654.3305459518474,0.0,240.10031539921866,654.3305459518474,0.0,219.60154397097267,654.3305459518474,0.0,211.9000859004769,654.3305459518474
0.0,257.61374218495297,654.3305459518474,0.0,183.6798117692114,654.3305459518474,0.0,258.06996952941034,654.3305459518474,0.0,275.1410323525125,654.3305459518474,0.0,252.55497440188924,654.3305459518474,0.0,231.61083725015436,654.3305459518474
0.0,277.33385427517067,654.3305459518474,0.0,211.46293549506998,654.3305459518474,0.0,276.10232481151183,654.3305459518474,0.0,296.7581157130098,654.3305459518474,0.0,265.9061906442658,654.3305459518474,0.0,211.0695870315074,654.3305459518474
0.0,282.64095809197187,654.3305459518474,0.0,234.0269147457861,654.3305459518474,0.0,279.00756997247663,654.3305459518474,0.0,305.80882341985705,654.3305459518474,0.0,270.59669042453083,654.3305459518474,0.0,207.03181109849595,654.3305459518474
0.0,273.7599878177434,654.3305459518474,0.0,259.2066474847719,654.3305459518474,0.0,266.83604366281776,654.3305459518474,0.0,300.09733178953974,654.3305459518474,0.0,260.93555993184583,654.3305459518474,0.0,285.44049012367077,654.3305459518474
0.0,243.4915487356749,654.3305459518474,0.0,246.1337058361517,654.3305459518474,0.0,239.08753886724827,654.3305459518474,0.0,277.22964202633307,654.3305459518474,0.0,231.736772740929,654.3305459518474,0.0,222.16042210006094,654.3305459518474
0.0,199.86403355111787,654.3305459518474,0.0,194.84588822005662,654.3305459518474,0.0,196.39437934252817,654.3305459518474,0.0,235.07598881745898,654.3305459518474,0.0,191.8167416357007,654.3305459518474,0.0,199.63088405064894,654.3305459518474
0.0,136.85773747997948,654.3305459518474,0.0,132.41689688489515,654.3305459518474,0.0,137.9182063595761,654.3305459518474,0.0,175.74255789536014,654.3305459518474,0.0,143.17311518746598,654.3305459518474,0.0,162.32510555326192,654.3305459518474
0.0,73.22379802235135,654.3305459518474,0.0,100.35384244298618,654.3305459518474,0.0,70.37710682998132,654.3305459518474,0.0,105.43936929622723,654.3305459518474,0.0,88.19521182167931,654.3305459518474,0.0,106.79197615140558,654.3305459518474
0.0,40.79883455732717,654.3305459518474,0.0,55.54045607501303,654.3305459518474,0.0,15.6398573668053,654.3305459518474,0.0,46.950656082893175,654.3305459518474,0.0,38.19729990885283,654.3305459518474,0.0,56.9954188406305,654.3305459518474
0.0,37.36344382105654,654.3305459518474,0.0,36.31587062981197,654.3305459518474,0.0,1.8623523399903572,654.3305459518474,0.0,29.390247865472826,654.3305459518474,0.0,20.25308169739513,654.3305459518474,0.0,36.19947360856257,654.3305459518474
0.0,38.934803607923406,654.3305459518474,0.0,32.00918084358427,654.3305459518474,0.0,1.5131612762421651,654.3305459518474,0.0,29.27385084422343,654.3305459518474,0.0,20.42767722926923,654.3305459518474,0.0,35.09370190669329,654.3305459518474
0.0,39.1093991397975,654.3305459518474,0.0,31.136203184213784,654.3305459518474,0.0,1.0475731912445758,654.3305459518474,0.0,31.25260020546318,654.3305459518474,0.0,22.29002956925959,654.3305459518474,0.0,36.89785573605895,654.3305459518474
0.0,37.94542892730353,654.3305459518474,0.0,28.400873184852944,654.3305459518474,0.0,0.7565806381210826,654.3305459518474,0.0,33.34774658795233,654.3305459518474,0.0,23.62859531362766,654.3305459518474,0.0,39.1093991397975,654.3305459518474
0.0,36.31587062981197,654.3305459518474,0.0,23.163007228630068,654.3305459518474,0.0,0.6401836168716852,654.3305459518474,0.0,35.50109148106618,654.3305459518474,0.0,24.908962547371026,654.3305459518474,0.0,38.23642148042702,654.3305459518474
0.0,36.37406914043667,654.3305459518474,0.0,18.390729357404776,654.3305459518474,0.0,0.698382127496384,654.3305459518474,0.0,36.08307658731317,654.3305459518474,0.0,25.72374169611681,654.3305459518474,0.0,35.50109148106618,654.3305459518474
0.0,34.33712126857221,654.3305459518474,0.0,16.237384464290926,654.3305459518474,0.0,1.4549627656174666,654.3305459518474,0.0,35.03550339606859,654.3305459518474,0.0,24.094183398625244,654.3305459518474,0.0,32.70756297108065,654.3305459518474
0.0,33.40594509857703,654.3305459518474,0.0,16.120987443041532,654.3305459518474,0.0,2.15334489311385,654.3305459518474,0.0,33.114952545453534,654.3305459518474,0.0,20.835066803642118,654.3305459518474,0.0,30.205027014218608,654.3305459518474
0.0,33.638739141075824,654.3305459518474,0.0,17.75054574053309,654.3305459518474,0.0,1.6295582974915626,654.3305459518474,0.0,30.437821056717404,654.3305459518474,0.0,17.692347229908396,654.3305459518474,0.0,25.84013871736621,654.3305459518474
0.0,34.22072424732281,654.3305459518474,0.0,21.475250420513806,654.3305459518474,0.0,0.87297765937048,654.3305459518474,0.0,28.750064248601138,654.3305459518474,0.0,14.607826166799367,654.3305459518474,0.0,21.358853399264408,654.3305459518474
0.0,37.93288869692158,654.3305459518474,0.0,27.856686498736863,654.3305459518474,0.0,2.7967079998272872,654.3305459518474,0.0,30.541677847584847,654.3305459518474,0.0,15.468263595787896,654.3305459518474,0.0,23.25900415938567,654.3305459518474
0.0,72.5205577955998,654.3305459518474,0.0,62.43649573730323,654.3305459518474,0.0,32.94239108096296,654.3305459518474,0.0,54.378342200917515,654.3305459518474,0.0,44.76772808773039,654.3305459518474,0.0,60.915474600949224,654.3305459518474
0.0,138.75135153143214,654.3305459518474,0.0,144.6656986442293,654.3305459518474,0.0,101.03403627635733,654.3305459518474,0.0,99.52537764140021,654.3305459518474,0.0,107.15742012233262,654.3305459518474,0.0,125.73378436156511,654.3305459518474
0.0,199.41866782762898,654.3305459518474,0.0,213.638181359106,654.3305459518474,0.0,148.82040478544528,654.3305459518474,0.0,141.3062602061906,654.3305459518474,0.0,171.81535319086979,654.3305459518474,0.0,199.37468815679966,654.3305459518474
0.0,247.27427419729523,654.3305459518474,0.0,263.18472402673024,654.3305459518474,0.0,146.0897551563545,654.3305459518474,0.0,171.83893277120535,654.3305459518474,0.0,220.75315168206976,654.3305459518474,0.0,258.33835019567147,654.3305459518474
0.0,283.1486695094003,654.3305459518474,0.0,291.27773951577774,654.3305459518474,0.0,171.34826422544387,654.3305459518474,0.0,203.62521349978618,654.3305459518474,0.0,248.509516337751,654.3305459518474,0.0,297.09591196883423,654.3305459518474
0.0,302.73198448787485,654.3305459518474,0.0,305.11194217278904,654.3305459518474,0.0,242.1202203994161,654.3305459518474,0.0,225.16837862943498,654.3305459518474,0.0,251.5972168907018,654.3305459518474,0.0,321.31620858721914,654.3305459518474
0.0,303.4099665248774,654.3305459518474,0.0,298.8925613960581,654.3305459518474,0.0,216.47790133628945,654.3305459518474,0.0,231.16600471362074,654.3305459518474,0.0,225.33043393092714,654.3305459518474,0.0,327.4569907628316,654.3305459518474
0.0,293.31000701737213,654.3305459518474,0.0,229.42305115573643,654.3305459518474,0.0,198.6515810265095,654.3305459518474,0.0,230.42664467615168,654.3305459518474,0.0,188.41632528768932,654.3305459518474,0.0,315.05267041067384,654.3305459518474
0.0,267.338896980991,654.3305459518474,0.0,213.87283174000322,654.3305459518474,0.0,176.23693911791855,654.3305459518474,0.0,219.44734852959235,654.3305459518474,0.0,150.69529735581756,654.3305459518474,0.0,285.1083419315896,654.3305459518474
0.0,223.99451448944566,654.3305459518474,0.0,162.7156299849529,654.3305459518474,0.0,121.63648676648572,654.3305459518474,0.0,195.4156885538918,654.3305459518474,0.0,109.66163468860809,654.3305459518474,0.0,241.72466013948497,654.3305459518474
0.0,170.20416091648852,654.3305459518474,0.0,133.16615084985955,654.3305459518474,0.0,79.73134732033412,634.0618932721816,0.0,151.03945259132553,654.3305459518474,0.0,69.17851768719821,623.5090636390456,0.0,183.8068926824443,654.3305459518474
0.0,106.32488718597963,654.3305459518474,0.0,72.81508529653516,654.3305459518474,0.0,57.607697964866645,654.3305459518474,0.0,94.25421590633147,654.3305459518474,0.0,35.24675192561536,651.7064651795379,0.0,115.81124441780553,654.3305459518474
0.0,54.225469910980514,654.3305459518474,0.0,19.52343785843641,654.3305459518474,0.0,29.789955308718923,654.3305459518474,0.0,39.07027756822331,654.3305459518474,0.0,7.199394716810588,654.3305459518474,0.0,55.74649104733452,654.3305459518474
0.0,40.15697233104208,654.3305459518474,0.0,2.793528509985536,654.3305459518474,0.0,19.147309995525863,654.3305459518474,0.0,21.591647441763204,654.3305459518474,0.0,2.793528509985536,654.3305459518474,0.0,34.51171680044631,654.3305459518474
0.0,38.87660509729871,654.3305459518474,0.0,0.9893746806198773,654.3305459518474,0.0,22.11543403738549,654.3305459518474,0.0,19.61289808052345,654.3305459518474,0.0,5.761652551845168,654.3305459518474,0.0,28.168079142354156,654.3305459518474
0.0,37.829031906054134,654.3305459518474,0.0,1.0475731912445758,654.3305459518474,0.0,25.083558079245122,654.3305459518474,0.0,17.3431561661602,654.3305459518474,0.0,9.311761699951786,654.3305459518474,0.0,24.32697744112404,654.3305459518474
0.0,35.03550339606859,654.3305459518474,0.0,5.878049573094565,654.3305459518474,0.0,25.665543185492112,654.3305459518474,0.0,16.17918595366623,654.3305459518474,0.0,12.62907680555961,654.3305459518474,0.0,21.475250420513806,654.3305459518474
0.0,30.4960195673421,654.3305459518474,0.0,11.930694678063224,654.3305459518474,0.0,24.967161057995725,654.3305459518474,0.0,16.353781485540324,654.3305459518474,0.0,12.279885741811418,654.3305459518474,0.0,17.575950208658995,654.3305459518474
0.0,27.993483610480055,654.3305459518474,0.0,12.803672337433706,654.3305459518474,0.0,24.094183398625244,654.3305459518474,0.0,18.099736804281285,654.3305459518474,0.0,9.777349784949376,654.3305459518474,0.0,13.443855954305391,654.3305459518474
0.0,27.993483610480055,654.3305459518474,0.0,9.020769146828293,654.3305459518474,0.0,23.395801271128864,654.3305459518474,0.0,17.575950208658995,654.3305459518474,0.0,6.169042126218058,654.3305459518474,0.0,10.533930423070458,654.3305459518474
0.0,28.400873184852944,654.3305459518474,0.0,4.3066897862277,654.3305459518474,0.0,26.247528291739094,654.3305459518474,0.0,15.946391911167435,654.3305459518474,0.0,3.2009180843584266,654.3305459518474,0.0,8.729776593704798,654.3305459518474
0.0,27.353299993608367,654.3305459518474,0.0,1.2803672337433705,654.3305459518474,0.0,30.5542180779668,654.3305459518474,0.0,14.491429145549967,654.3305459518474,0.0,1.74595531874096,654.3305459518474,0.0,7.100218296213236,654.3305459518474
0.0,26.887711908610783,654.3305459518474,0.0,0.2909925531234933,654.3305459518474,0.0,34.33712126857221,654.3305459518474,0.0,13.0946648905572,654.3305459518474,0.0,1.9787493612397546,654.3305459518474,0.0,6.51823318996625,654.3305459518474
0.0,30.95692728206959,654.3305459518474,0.0,3.130179343351779,654.3305459518474,0.0,41.70793202741515,654.3305459518474,0.0,13.222101261760198,654.3305459518474,0.0,6.1407821756124115,654.3305459518474,0.0,8.907551615420648,654.3305459518474
0.0,62.456895827797034,654.3305459518474,0.0,33.84998767062259,654.3305459518474,0.0,76.00460857296986,654.3305459518474,0.0,39.47634399115291,654.3305459518474,0.0,37.6282104909579,654.3305459518474,0.0,38.82044065405753,654.3305459518474
0.0,130.67747827482276,654.3305459518474,0.0,102.79889080516374,654.3305459518474,0.0,125.92392188467785,654.3305459518474,0.0,92.92068599020361,654.3305459518474,0.0,104.40486952231976,654.3305459518474,0.0,109.81733101041674,654.3305459518474
0.0,201.35493839846777,654.3305459518474,0.0,168.91646700958847,654.3305459518474,0.0,187.08508621647792,654.3305459518474,0.0,154.98794603123494,654.3305459518474,0.0,170.0143788513459,654.3305459518474,0.0,179.53853450330266,654.3305459518474
0.0,258.5930452090924,654.3305459518474,0.0,220.465338618788,654.3305459518474,0.0,254.1746387718854,654.3305459518474,0.0,213.24704469191195,654.3305459518474,0.0,221.28011776753377,654.3305459518474,0.0,230.02411320103394,654.3305459518474
0.0,291.7225720523114,654.3305459518474,0.0,256.9138591770282,654.3305459518474,0.0,294.89840967590595,654.3305459518474,0.0,256.8178622462726,654.3305459518474,0.0,255.16472436844552,654.3305459518474,0.0,261.1466307324075,654.3305459518474
0.0,307.474146070096,654.3305459518474,0.0,276.536473456062,654.3305459518474,0.0,311.2823074504504,654.3305459518474,0.0,281.197034676308,654.3305459518474,0.0,271.8160351157779,654.3305459518474,0.0,278.1471325434881,654.3305459518474
0.0,304.93231081267476,654.3305459518474,0.0,278.81725472037886,654.3305459518474,0.0,309.3963755301245,654.3305459518474,0.0,288.8163591978734,654.3305459518474,0.0,274.43028772361924,654.3305459518474,0.0,281.02561863427565,654.3305459518474
0.0,273.5363767867998,654.3305459518474,0.0,265.2615043861091,654.3305459518474,0.0,275.3530708465474,654.3305459518474,0.0,279.19452800574766,654.3305459518474,0.0,260.90915631963867,654.3305459518474,0.0,267.4273895096049,654.3305459518474
0.0,222.56198588170548,654.3305459518474,0.0,239.21647611887965,654.3305459518474,0.0,201.69962682093092,654.3305459518474,0.0,246.0397429727797,654.3305459518474,0.0,236.4119082589405,654.3305459518474,0.0,226.75545813652556,654.3305459518474
0.0,186.86368698190287,654.3305459518474,0.0,196.83002886750677,654.3305459518474,0.0,133.9191965401688,654.3305459518474,0.0,193.0641685485683,654.3305459518474,0.0,194.19687704959995,654.3305459518474,0.0,154.42936277633845,654.3305459518474
0.0,150.1442185030628,654.3305459518474,0.0,139.10257666256388,654.3305459518474,0.0,118.54825302657977,654.3305459518474,0.0,127.09442880584038,654.3305459518474,0.0,131.42805539123046,654.3305459518474,0.0,84.08051589696281,638.4110618488102
0.0,95.35963215023062,654.3305459518474,0.0,74.59097917529517,654.3305459518474,0.0,73.25523746279873,654.3305459518474,0.0,65.93008498419856,654.3305459518474,0.0,74.60819977594721,654.3305459518474,0.0,24.519149031620298,654.3305459518474
0.0,60.30319547671307,654.3305459518474,0.0,21.517906939899866,654.3305459518474,0.0,31.559490207795434,654.3305459518474,0.0,30.566936037333804,654.3305459518474,0.0,25.94885360748881,654.3305459518474,0.0,1.3149861640325204,654.3305459518474
0.0,46.67520552100833,654.3305459518474,0.0,7.158416806837935,654.3305459518474,0.0,16.17918595366623,654.3305459518474,0.0,19.089111484901164,654.3305459518474,0.0,7.914997444959019,654.3305459518474,0.0,0.05819851062469866,654.3305459518474
0.0,39.633185735419794,654.3305459518474,0.0,6.51823318996625,654.3305459518474,0.0,11.581503614315034,654.3305459518474,0.0,18.914515953027067,654.3305459518474,0.0,2.0951463824891516,654.3305459518474,0.0,0.05819851062469866,654.3305459518474
0.0,39.3421931822963,654.3305459518474,0.0,5.470659998721674,654.3305459518474,0.0,6.285439147467455,654.3305459518474,0.0,19.438302548649354,654.3305459518474,0.0,0.2909925531234933,654.3305459518474,0.0,0.174595531874096,654.3305459518474
0.0,38.294619991051725,654.3305459518474,0.0,3.550109148106618,654.3305459518474,0.0,2.9681240418596317,654.3305459518474,0.0,21.7662429736373,654.3305459518474,0.0,2.793528509985536,654.3305459518474,0.0,0.11639702124939733,654.3305459518474
0.0,35.67568701294028,654.3305459518474,0.0,1.8623523399903572,654.3305459518474,0.0,1.8623523399903572,654.3305459518474,0.0,25.083558079245122,654.3305459518474,0.0,10.650327444319855,654.3305459518474,0.0,0.0,654.3305459518474
0.0,33.05675403482884,654.3305459518474,0.0,0.87297765937048,654.3305459518474,0.0,2.444337446237344,654.3305459518474,0.0,28.982858291099934,654.3305459518474,0.0,17.634148719283694,654.3305459518474,0.0,0.05819851062469866,654.3305459518474
0.0,29.681240418596317,654.3305459518474,0.0,0.7565806381210826,654.3305459518474,0.0,1.9787493612397546,654.3305459518474,0.0,31.310798716087884,654.3305459518474,0.0,24.443374462373438,654.3305459518474,0.0,0.698382127496384,654.3305459518474
0.0,24.32697744112404,654.3305459518474,0.0,0.7565806381210826,654.3305459518474,0.0,0.40738957437289064,654.3305459518474,0.0,32.06737935420897,654.3305459518474,0.0,29.390247865472826,654.3305459518474,0.0,3.550109148106618,654.3305459518474
0.0,19.438302548649354,654.3305459518474,0.0,0.5237865956222879,654.3305459518474,0.0,1.3385657443680692,654.3305459518474,0.0,32.88215850295474,654.3305459518474,0.0,32.35837190733246,654.3305459518474,0.0,8.6715780830801,654.3305459518474
0.0,14.142238081801773,654.3305459518474,0.0,0.349191063748192,654.3305459518474,0.0,2.6771314887361384,654.3305459518474,0.0,33.638739141075824,654.3305459518474,0.0,33.92973169419932,654.3305459518474,0.0,22.11543403738549,654.3305459518474
0.0,10.86740176659495,654.3305459518474,0.0,3.1380392034636295,654.3305459518474,0.0,2.9099255312349332,654.3305459518474,0.0,35.671006642670186,654.3305459518474,0.0,33.11027217518344,654.3305459518474,0.0,40.38508600327078,654.3305459518474
0.0,23.43377742024482,654.3305459518474,0.0,34.19131887425894,654.3305459518474,0.0,17.28195589467881,654.3305459518474,0.0,64.93585220432354,654.3305459518474,0.0,61.94414858212834,654.3305459518474,0.0,80.18704147783632,654.3305459518474
0.0,56.10407515814973,654.3305459518474,0.0,91.65135810641385,654.3305459518474,0.0,72.08976636987641,654.3305459518474,0.0,132.39985401322815,654.3305459518474,0.0,119.39950744401317,654.3305459518474,0.0,144.1606335296874,654.3305459518474
0.0,108.09813476185306,654.3305459518474,0.0,141.834904901068,654.3305459518474,0.0,123.33174797674371,654.3305459518474,0.0,194.42145577401678,654.3305459518474,0.0,143.53970458085126,654.3305459518474,0.0,218.67301410386406,654.3305459518474
0.0,168.7072525474252,654.3305459518474,0.0,200.12544300219238,654.3305459518474,0.0,162.2246059812213,654.3305459518474,0.0,244.34544945599487,654.3305459518474,0.0,164.666119395587,654.3305459518474,0.0,266.38228489226185,654.3305459518474
0.0,216.92776970106334,654.3305459518474,0.0,250.26015202676209,654.3305459518474,0.0,211.45339702554475,654.3305459518474,0.0,279.3247884088222,654.3305459518474,0.0,221.2138816678122,654.3305459518474,0.0,301.0973903621431,654.3305459518474
0.0,241.21262380975648,654.3305459518474,0.0,279.97786771404606,654.3305459518474,0.0,227.5777416874131,654.3305459518474,0.0,301.18252567193014,654.3305459518474,0.0,234.62647591065524,654.3305459518474,0.0,318.63739848906965,654.3305459518474
0.0,254.1832095479375,654.3305459518474,0.0,294.31678002762914,654.3305459518474,0.0,235.0492297472817,654.3305459518474,0.0,308.02168997503895,654.3305459518474,0.0,227.57173816569968,654.3305459518474,0.0,331.21631437310145,654.3305459518474
0.0,260.0911976810511,654.3305459518474,0.0,285.7928606772607,654.3305459518474,0.0,251.26321236022213,654.3305459518474,0.0,302.1498216526428,654.3305459518474,0.0,192.3075879104472,654.3305459518474,0.0,322.28350456793186,654.3305459518474
0.0,238.31355989949012,654.3305459518474,0.0,261.00779955328085,654.3305459518474,0.0,239.95680384982182,654.3305459518474,0.0,274.0017871428123,654.3305459518474,0.0,187.88432337398507,654.3305459518474,0.0,295.4929350125349,654.3305459518474
0.0,197.58343001578606,654.3305459518474,0.0,219.76174293406635,654.3305459518474,0.0,215.43129583851803,654.3305459518474,0.0,231.226849527132,654.3305459518474,0.0,184.86418207219918,654.3305459518474,0.0,250.32867897140014,654.3305459518474
0.0,140.99636844300164,654.3305459518474,0.0,160.98671753787892,654.3305459518474,0.0,160.93470027795266,654.3305459518474,0.0,174.2670173102638,654.3305459518474,0.0,145.01338882754914,654.3305459518474,0.0,190.87885102805188,654.3305459518474
0.0,77.05103634175622,654.3305459518474,0.0,87.03274248961368,654.3305459518474,0.0,105.46444975699112,654.3305459518474,0.0,108.4514730089162,654.3305459518474,0.0,82.04807066638338,654.3305459518474,0.0,122.99642029482075,654.3305459518474
0.0,23.655532112790013,654.3305459518474,0.0,34.94286368413981,654.3305459518474,0.0,56.24669806262127,654.3305459518474,0.0,54.283668421605206,654.3305459518474,0.0,34.768268152265705,654.3305459518474,0.0,66.69567090488972,654.3305459518474
0.0,6.227240636842756,654.3305459518474,0.0,19.845692123022243,654.3305459518474,0.0,44.05627254289689,654.3305459518474,0.0,37.36344382105654,654.3305459518474,0.0,18.914515953027067,654.3305459518474,0.0,52.0876670091053,654.3305459518474
0.0,3.3755136162325226,654.3305459518474,0.0,15.18981127304635,654.3305459518474,0.0,46.326014457260136,654.3305459518474,0.0,37.01425275730835,654.3305459518474,0.0,13.56025297555479,654.3305459518474,0.0,49.468734030993865,654.3305459518474
0.0,0.9893746806198773,654.3305459518474,0.0,9.719151274324677,654.3305459518474,0.0,47.14079360600592,654.3305459518474,0.0,38.87660509729871,654.3305459518474,0.0,8.555181061830703,654.3305459518474,0.0,46.73340403163303,654.3305459518474
0.0,0.5237865956222879,654.3305459518474,0.0,4.423086807477099,654.3305459518474,0.0,46.50060998913423,654.3305459518474,0.0,39.1093991397975,654.3305459518474,0.0,5.470659998721674,654.3305459518474,0.0,44.114471053521584,654.3305459518474
0.0,6.0526451049686605,654.3305459518474,0.0,1.5131612762421651,654.3305459518474,0.0,44.638257649143874,654.3305459518474,0.0,35.26829743856739,654.3305459518474,0.0,3.0263225524843302,654.3305459518474,0.0,42.07752318165713,654.3305459518474
0.0,16.004590421792134,654.3305459518474,0.0,0.23279404249879465,654.3305459518474,0.0,42.07752318165713,654.3305459518474,0.0,30.03043148234451,654.3305459518474,0.0,1.4549627656174666,654.3305459518474,0.0,39.2839946716716,654.3305459518474
0.0,23.453999781753563,654.3305459518474,0.0,0.05819851062469866,654.3305459518474,0.0,36.31587062981197,654.3305459518474,0.0,27.353299993608367,654.3305459518474,0.0,0.9311761699951786,654.3305459518474,0.0,37.36344382105654,654.3305459518474
0.0,22.464625101133684,654.3305459518474,0.0,0.05819851062469866,654.3305459518474,0.0,29.681240418596317,654.3305459518474,0.0,20.77686829301742,654.3305459518474,0.0,1.0475731912445758,654.3305459518474,0.0,35.85028254481438,654.3305459518474
0.0,13.443855954305391,654.3305459518474,0.0,0.349191063748192,654.3305459518474,0.0,23.744992334877054,654.3305459518474,0.0,17.2267591449108,654.3305459518474,0.0,1.4549627656174666,654.3305459518474,0.0,34.104327226073416,654.3305459518474
0.0,10.359334891196362,654.3305459518474,0.0,0.5237865956222879,654.3305459518474,0.0,18.332530846780077,654.3305459518474,0.0,14.72422318804876,654.3305459518474,0.0,2.0951463824891516,654.3305459518474,0.0,33.69693765170052,654.3305459518474
0.0,11.340849711704388,654.3305459518474,0.0,3.3126347353377255,654.3305459518474,0.0,17.09782189327946,654.3305459518474,0.0,14.176857012090926,654.3305459518474,0.0,6.16436175594796,654.3305459518474,0.0,34.52275615039991,654.3305459518474
0.0,26.949267638062288,654.3305459518474,0.0,34.024583202496686,654.3305459518474,0.0,43.01391290887758,654.3305459518474,0.0,39.04687571687282,654.3305459518474,0.0,39.35526659963342,654.3305459518474,0.0,61.882770581661894,654.3305459518474
0.0,57.37490392236786,654.3305459518474,0.0,100.86730060459509,654.3305459518474,0.0,71.43722025160784,654.3305459518474,0.0,86.54225167283725,654.3305459518474,0.0,108.7508586091067,654.3305459518474,0.0,136.16235711333977,654.3305459518474
0.0,91.71087976848185,654.3305459518474,0.0,158.89360522277332,654.3305459518474,0.0,74.30784648228354,654.3305459518474,0.0,144.29796382838575,654.3305459518474,0.0,175.28368424801616,654.3305459518474,0.0,204.1611848678203,654.3305459518474
0.0,157.13793370552202,654.3305459518474,0.0,188.07349320362465,654.3305459518474,0.0,132.2082156096871,654.3305459518474,0.0,196.68051379639653,654.3305459518474,0.0,229.3964698145442,654.3305459518474,0.0,250.50045047140262,654.3305459518474
0.0,239.49475071263612,654.3305459518474,0.0,200.36141653453294,654.3305459518474,0.0,185.42894657779414,654.3305459518474,0.0,229.14477656197997,654.3305459518474,0.0,270.36407411101715,654.3305459518474,0.0,288.007583570841,654.3305459518474
0.0,245.26912122384832,654.3305459518474,0.0,210.94268384725956,654.3305459518474,0.0,187.79450769392793,654.3305459518474,0.0,252.81302663413697,654.3305459518474,0.0,289.7192754172629,654.3305459518474,0.0,310.4347657098139,654.3305459518474
0.0,228.023285139887,654.3305459518474,0.0,174.37776626776997,654.3305459518474,0.0,188.05238219719058,654.3305459518474,0.0,257.9659350095578,654.3305459518474,0.0,293.7963506508336,654.3305459518474,0.0,315.94322412866643,654.3305459518474
0.0,196.84256909788868,654.3305459518474,0.0,153.58482279655868,654.3305459518474,0.0,220.48352691291325,654.3305459518474,0.0,241.05339254013597,654.3305459518474,0.0,283.9102859757616,654.3305459518474,0.0,307.3453865474498,654.3305459518474
0.0,184.7417815292364,654.3305459518474,0.0,159.7680837625721,654.3305459518474,0.0,220.79023918626044,654.3305459518474,0.0,211.50691516589933,654.3305459518474,0.0,258.9631695502896,654.3305459518474,0.0,280.7969717750918,654.3305459518474
0.0,160.42698886052418,654.3305459518474,0.0,175.26796452779246,654.3305459518474,0.0,186.61464003222517,654.3305459518474,0.0,172.7162353428758,654.3305459518474,0.0,217.98134641402126,654.3305459518474,0.0,234.0235575269593,654.3305459518474
0.0,132.1247589093134,654.3305459518474,0.0,122.68405995773028,654.3305459518474,0.0,156.9345450360871,654.3305459518474,0.0,128.31959928981576,654.3305459518474,0.0,161.58142060349292,654.3305459518474,0.0,177.26190042230076,654.3305459518474
0.0,77.29787149506532,654.3305459518474,0.0,47.09884800256009,654.3305459518474,0.0,109.6798229827333,654.3305459518474,0.0,84.15893676909624,654.3305459518474,0.0,95.75951732246178,654.3305459518474,0.0,113.14983264929307,654.3305459518474
0.0,22.213109577554498,654.3305459518474,0.0,13.291339122338496,654.3305459518474,0.0,66.62961253415318,654.3305459518474,0.0,39.001039707645006,654.3305459518474,0.0,40.06433261911329,654.3305459518474,0.0,59.54511395816364,654.3305459518474
0.0,4.946873403099386,654.3305459518474,0.0,5.23786595622288,654.3305459518474,0.0,54.59020296596734,654.3305459518474,0.0,22.348228079884287,654.3305459518474,0.0,24.559771483622836,654.3305459518474,0.0,49.35233700974447,654.3305459518474
0.0,2.444337446237344,654.3305459518474,0.0,0.9893746806198773,654.3305459518474,0.0,55.579577646587225,654.3305459518474,0.0,20.660471271768024,654.3305459518474,0.0,19.787493612397544,654.3305459518474,0.0,48.304763818499886,654.3305459518474
0.0,2.9681240418596317,654.3305459518474,0.0,0.0,654.3305459518474,0.0,55.92876871033541,654.3305459518474,0.0,19.90389063364694,654.3305459518474,0.0,15.306208294295748,654.3305459518474,0.0,47.606381691003506,654.3305459518474
0.0,3.6665061693560155,654.3305459518474,0.0,0.0,654.3305459518474,0.0,55.87057019971072,654.3305459518474,0.0,20.485875739893928,654.3305459518474,0.0,12.978267869307802,654.3305459518474,0.0,48.18836679725049,654.3305459518474
0.0,3.1427195737337277,654.3305459518474,0.0,0.0,654.3305459518474,0.0,55.637776157211924,654.3305459518474,0.0,17.575950208658995,654.3305459518474,0.0,11.174114039942143,654.3305459518474,0.0,45.685830840388455,654.3305459518474
0.0,2.269741914363248,654.3305459518474,0.0,0.0,654.3305459518474,0.0,55.230386582839024,654.3305459518474,0.0,10.417533401821059,654.3305459518474,0.0,9.020769146828293,654.3305459518474,0.0,42.89230233040291,654.3305459518474
0.0,1.222168723118672,654.3305459518474,0.0,0.0,654.3305459518474,0.0,54.532004455342644,654.3305459518474,0.0,6.343637658092154,654.3305459518474,0.0,8.147791487457813,654.3305459518474,0.0,40.73895743728906,654.3305459518474
0.0,0.6401836168716852,654.3305459518474,0.0,0.0,654.3305459518474,0.0,53.48443126409807,654.3305459518474,0.0,6.51823318996625,654.3305459518474,0.0,8.6715780830801,654.3305459518474,0.0,38.52741403355052,654.3305459518474
0.0,0.5819851062469866,654.3305459518474,0.0,0.0,654.3305459518474,0.0,51.913071477231206,654.3305459518474,0.0,8.962570636203594,654.3305459518474,0.0,10.708525954944554,654.3305459518474,0.0,35.67568701294028,654.3305459518474
0.0,0.4655880849975893,654.3305459518474,0.0,0.05819851062469866,654.3305459518474,0.0,51.09829232848543,654.3305459518474,0.0,16.761171059913213,654.3305459518474,0.0,14.898818719922858,654.3305459518474,0.0,31.42719573733728,654.3305459518474
0.0,2.68031097857789,654.3305459518474,0.0,2.571773817440342,654.3305459518474,0.0,52.18048445001915,654.3305459518474,0.0,28.345854164069998,654.3305459518474,0.0,19.988848214448943,654.3305459518474,0.0,27.713530407310166,654.3305459518474
0.0,33.28372228459931,654.3305459518474,0.0,26.9730249473829,654.3305459518474,0.0,82.68321845501487,654.3305459518474,0.0,60.38850851548518,654.3305459518474,0.0,45.76646350889047,654.3305459518474,0.0,55.589471574082594,654.3305459518474
0.0,102.6321551334015,654.3305459518474,0.0,93.24947696345801,654.3305459518474,0.0,132.03308689085782,654.3305459518474,0.0,108.59180506847127,654.3305459518474,0.0,116.82791135555787,654.3305459518474,0.0,125.68344571105227,654.3305459518474
0.0,168.74187147771437,654.3305459518474,0.0,151.68317115600908,654.3305459518474,0.0,188.86866222636473,654.3305459518474,0.0,171.53990262898495,654.3305459518474,0.0,188.58606272030826,654.3305459518474,0.0,186.74561135124003,654.3305459518474
0.0,220.5235371294127,654.3305459518474,0.0,212.79717632713806,654.3305459518474,0.0,248.7258797440859,654.3305459518474,0.0,219.7164401117937,654.3305459518474,0.0,247.5182853187327,654.3305459518474,0.0,233.09123593450587,654.3305459518474
0.0,255.75456933480436,654.3305459518474,0.0,253.20637509769958,654.3305459518474,0.0,284.872368399249,654.3305459518474,0.0,221.5333119005264,654.3305459518474,0.0,278.49446726883787,654.3305459518474,0.0,261.9440115515162,654.3305459518474
0.0,274.6095636257634,654.3305459518474,0.0,275.10977064105015,654.3305459518474,0.0,311.57798037384396,654.3305459518474,0.0,181.67783828560624,654.3305459518474,0.0,275.60979992735184,654.3305459518474,0.0,279.97954632345943,654.3305459518474
0.0,277.76332254945083,654.3305459518474,0.0,277.95681729139034,654.3305459518474,0.0,313.07542192986244,654.3305459518474,0.0,156.2290139644191,654.3305459518474,0.0,231.49329480644678,654.3305459518474,0.0,282.9272702748253,654.3305459518474
0.0,265.4407802882533,654.3305459518474,0.0,264.0786349635497,654.3305459518474,0.0,296.7575825260546,654.3305459518474,0.0,121.85674057860257,654.3305459518474,0.0,189.41205894799273,654.3305459518474,0.0,271.3802078618143,654.3305459518474
0.0,238.3481788297793,654.3305459518474,0.0,235.07334251457243,654.3305459518474,0.0,251.13559826003407,654.3305459518474,0.0,110.49045494816416,654.3305459518474,0.0,154.05509125182638,654.3305459518474,0.0,243.08433689028703,654.3305459518474
0.0,197.59914973600976,654.3305459518474,0.0,190.56498981053312,654.3305459518474,0.0,214.21362975668444,654.3305459518474,0.0,102.05935303870965,654.3305459518474,0.0,171.9253912324357,654.3305459518474,0.0,198.5555840957539,654.3305459518474
0.0,145.41627576063698,654.3305459518474,0.0,134.25788144091854,654.3305459518474,0.0,175.98453494941407,654.3305459518474,0.0,79.28297983598856,633.6135257878359,0.0,117.6662700846392,654.3305459518474,0.0,138.10066175156203,654.3305459518474
0.0,84.50512607198775,654.3305459518474,0.0,71.65897494415303,654.3305459518474,0.0,116.99243523095154,654.3305459518474,0.0,53.091793716475706,654.3305459518474,0.0,65.03352774449255,654.3305459518474,0.0,69.86903995458275,654.3305459518474
0.0,30.08880772195426,654.3305459518474,0.0,19.62093566962035,654.3305459518474,0.0,67.84074190731825,654.3305459518474,0.0,14.980774539868163,654.3305459518474,0.0,29.415506055221776,654.3305459518474,0.0,13.941061208735437,654.3305459518474
0.0,8.729776593704798,654.3305459518474,0.0,4.597682339351194,654.3305459518474,0.0,57.20913594407879,654.3305459518474,0.0,3.49191063748192,654.3305459518474,0.0,17.692347229908396,654.3305459518474,0.0,2.3861389356126455,654.3305459518474
0.0,2.735329999360837,654.3305459518474,0.0,2.3279404249879465,654.3305459518474,0.0,57.383731475952885,654.3305459518474,0.0,19.845692123022243,654.3305459518474,0.0,11.115915529317444,654.3305459518474,0.0,1.920550850615056,654.3305459518474
0.0,0.5237865956222879,654.3305459518474,0.0,0.87297765937048,654.3305459518474,0.0,57.383731475952885,654.3305459518474,0.0,37.01425275730835,654.3305459518474,0.0,3.608307658731317,654.3305459518474,0.0,2.3861389356126455,654.3305459518474
0.0,0.05819851062469866,654.3305459518474,0.0,0.5819851062469866,654.3305459518474,0.0,57.383731475952885,654.3305459518474,0.0,34.97730488544389,654.3305459518474,0.0,0.6401836168716852,654.3305459518474,0.0,4.481285318101797,654.3305459518474
0.0,0.0,654.3305459518474,0.0,0.9893746806198773,654.3305459518474,0.0,57.26733445470348,654.3305459518474,0.0,25.84013871736621,654.3305459518474,0.0,0.05819851062469866,654.3305459518474,0.0,6.169042126218058,654.3305459518474
0.0,0.0,654.3305459518474,0.0,1.920550850615056,654.3305459518474,0.0,57.15093743345409,654.3305459518474,0.0,18.73992042115297,654.3305459518474,0.0,0.174595531874096,654.3305459518474,0.0,6.51823318996625,654.3305459518474
0.0,0.0,654.3305459518474,0.0,2.61893297811144,654.3305459518474,0.0,57.09273892282938,654.3305459518474,0.0,17.2267591449108,654.3305459518474,0.0,1.2803672337433705,654.3305459518474,0.0,5.005071913724085,654.3305459518474
0.0,0.0,654.3305459518474,0.0,2.9681240418596317,654.3305459518474,0.0,56.97634190157999,654.3305459518474,0.0,16.411979996165023,654.3305459518474,0.0,8.496982551206004,654.3305459518474,0.0,2.9099255312349332,654.3305459518474
0.0,0.0,654.3305459518474,0.0,3.6665061693560155,654.3305459518474,0.0,56.56895232720709,654.3305459518474,0.0,18.041538293656586,654.3305459518474,0.0,17.459553187409597,654.3305459518474,0.0,2.2115434037385495,654.3305459518474
0.0,0.0,654.3305459518474,0.0,4.248491275603002,654.3305459518474,0.0,56.56895232720709,654.3305459518474,0.0,23.04661020738067,654.3305459518474,0.0,25.49094765361801,654.3305459518474,0.0,2.036947871864453,654.3305459518474
0.0,2.3893184254543964,654.3305459518474,0.0,6.529272539919852,654.3305459518474,0.0,56.80174636970589,654.3305459518474,0.0,28.866461269850536,654.3305459518474,0.0,27.20546353191158,654.3305459518474,0.0,3.8018024006708635,654.3305459518474
0.0,31.402470734543495,654.3305459518474,0.0,35.58490363940995,654.3305459518474,0.0,66.47541709277289,654.3305459518474,0.0,33.50830100901614,654.3305459518474,0.0,23.218203978398073,654.3305459518474,0.0,32.11657258226358,654.3305459518474
0.0,70.9968903563592,654.3305459518474,0.0,104.7508810962262,654.3305459518474,0.0,85.98163435055724,654.3305459518474,0.0,34.27609872607588,654.3305459518474,0.0,31.768882398943735,654.3305459518474,0.0,102.01555109686535,654.3305459518474
0.0,112.25548720595563,654.3305459518474,0.0,171.64393714883744,654.3305459518474,0.0,110.65815831339958,654.3305459518474,0.0,49.51342461776344,654.3305459518474,0.0,51.154022265208596,654.3305459518474,0.0,167.2019511312949,654.3305459518474
0.0,140.5356384572592,654.3305459518474,0.0,223.79369307434945,654.3305459518474,0.0,140.28005479891297,654.3305459518474,0.0,81.13614916442377,635.4666951162711,0.0,74.04997197902084,628.3805179308682,0.0,219.398866217478,654.3305459518474
0.0,166.70174411600814,654.3305459518474,0.0,258.1360279001469,654.3305459518474,0.0,169.15323050641715,654.3305459518474,0.0,122.93743181970792,653.8166405720375,0.0,113.9700030842492,639.5565203982676,0.0,258.0714704098387,654.3305459518474
0.0,160.60026124095498,654.3305459518474,0.0,276.89352437992204,654.3305459518474,0.0,210.4889250767037,654.3305459518474,0.0,169.3002770036258,654.3305459518474,0.0,112.82961245209077,649.8202103599402,0.0,283.84422760502514,654.3305459518474
0.0,139.03819690124072,654.3305459518474,0.0,280.01584386316193,654.3305459518474,0.0,242.69831509988114,654.3305459518474,0.0,206.5053781999871,654.3305459518474,0.0,96.50391318817104,646.3241235481113,0.0,297.96606559633307,654.3305459518474
0.0,128.23985526623903,654.3305459518474,0.0,268.17778889702754,654.3305459518474,0.0,249.09079052805777,654.3305459518474,0.0,224.77052752458738,654.3305459518474,0.0,85.93836559566812,632.2624891437794,0.0,294.7917288531669,654.3305459518474
0.0,118.98929383776863,654.3305459518474,0.0,239.10643807731373,654.3305459518474,0.0,210.3614887055007,654.3305459518474,0.0,211.14871881958103,654.3305459518474,0.0,76.13725850139814,608.3997476451775,0.0,271.1517387316155,654.3305459518474
0.0,114.44813139962875,654.3305459518474,0.0,194.28351323981533,654.3305459518474,0.0,148.59158019727633,654.3305459518474,0.0,172.73398913048302,654.3305459518474,0.0,53.03209432542266,561.4318419706002,0.0,228.40824055638257,654.3305459518474
0.0,104.46924928364291,654.3305459518474,0.0,135.3071332415765,654.3305459518474,0.0,107.66177432093431,654.3305459518474,0.0,128.1170992653061,654.3305459518474,0.0,44.58059232547434,506.01243429607456,0.0,170.27339877706683,654.3305459518474
0.0,70.73715951469805,654.3305459518474,0.0,67.84781180294198,654.3305459518474,0.0,84.18551811028848,654.3305459518474,0.0,71.72821280473134,654.3305459518474,0.0,33.584075578263,532.879694758685,0.0,102.49164534486138,654.3305459518474
0.0,31.159960493534392,654.3305459518474,0.0,13.650068655611944,654.3305459518474,0.0,45.65607000935445,654.3305459518474,0.0,22.340545948757494,654.3305459518474,0.0,11.44788599241359,542.0380035526159,0.0,44.2546253840916,654.3305459518474
0.0,17.575950208658995,654.3305459518474,0.0,3.1427195737337277,654.3305459518474,0.0,35.21009892794269,654.3305459518474,0.0,12.338084252436117,654.3305459518474,0.0,4.073895743728906,545.297120147599,0.0,25.14175658986982,654.3305459518474
0.0,13.50205446493009,654.3305459518474,0.0,4.132094254353605,654.3305459518474,0.0,37.59623786355534,654.3305459518474,0.0,16.93576659178731,654.3305459518474,0.0,2.8517270206102348,547.5785017640872,0.0,18.448927868029475,654.3305459518474
0.0,9.020769146828293,654.3305459518474,0.0,6.460034679341552,654.3305459518474,0.0,35.73388552356498,654.3305459518474,0.0,18.041538293656586,654.3305459518474,0.0,2.444337446237344,549.533971721077,0.0,14.491429145549967,654.3305459518474
0.0,5.470659998721674,654.3305459518474,0.0,10.417533401821059,654.3305459518474,0.0,30.088629992969206,654.3305459518474,0.0,20.893265314266817,654.3305459518474,0.0,2.3861389356126455,551.4428828695671,0.0,12.687275316184309,654.3305459518474
0.0,3.3755136162325226,654.3305459518474,0.0,13.0946648905572,654.3305459518474,0.0,27.00410892986018,654.3305459518474,0.0,26.072932759865,654.3305459518474,0.0,2.560734467486741,553.4914704435565,0.0,10.824922976193951,654.3305459518474
0.0,2.3861389356126455,654.3305459518474,0.0,14.258635103051171,654.3305459518474,0.0,24.035984888000545,654.3305459518474,0.0,27.062307440484883,654.3305459518474,0.0,3.259116594983125,556.0987637195431,0.0,9.486357231825883,654.3305459518474
0.0,2.3279404249879465,654.3305459518474,0.0,14.491429145549967,654.3305459518474,0.0,20.36947871864453,654.3305459518474,0.0,26.014734249240302,654.3305459518474,0.0,3.7829031906054134,559.1250862720274,0.0,8.846173614954198,654.3305459518474
0.0,2.6771314887361384,654.3305459518474,0.0,14.72422318804876,654.3305459518474,0.0,13.96764254992768,654.3305459518474,0.0,24.79256552612163,654.3305459518474,0.0,4.423086807477099,562.6635557180091,0.0,7.798600423709622,654.3305459518474
0.0,2.3279404249879465,654.3305459518474,0.0,15.364406804920447,654.3305459518474,0.0,10.417533401821059,654.3305459518474,0.0,26.422123823613195,654.3305459518474,0.0,4.597682339351194,566.3417015894901,0.0,5.8198510624698665,654.3305459518474
0.0,1.4549627656174666,654.3305459518474,0.0,16.411979996165023,654.3305459518474,0.0,9.428158721201184,654.3305459518474,0.0,28.575468716727045,654.3305459518474,0.0,3.6665061693560155,569.2749065249749,0.0,3.7247046799807144,654.3305459518474
0.0,3.08770055295078,654.3305459518474,0.0,19.748194311838297,654.3305459518474,0.0,12.861870848058405,654.3305459518474,0.0,32.776800831658946,654.3305459518474,0.0,4.775457361067042,573.0952724138285,0.0,3.452611336922672,654.3305459518474
0.0,35.04857681340572,654.3305459518474,0.0,48.71100797041454,654.3305459518474,0.0,33.94562914340808,654.3305459518474,0.0,59.554830156673944,654.3305459518474,0.0,36.487819858799476,602.2855283008681,0.0,32.09299300192803,654.3305459518474
0.0,84.02567460516491,654.3305459518474,0.0,110.44329578749307,654.3305459518474,0.0,92.13531221452172,654.3305459518474,0.0,94.34703334724531,654.3305459518474,0.0,87.61358217340243,652.3763940395901,0.0,97.27939303635756,654.3305459518474
0.0,123.96142543061696,654.3305459518474,0.0,172.05600709348042,654.3305459518474,0.0,172.79483394399432,654.3305459518474,0.0,116.99128980849332,654.3305459518474,0.0,144.09996644516116,654.3305459518474,0.0,162.81498413453528,654.3305459518474
0.0,162.02378456612504,654.3305459518474,0.0,223.9462099063163,654.3305459518474,0.0,239.47717465401394,654.3305459518474,0.0,134.3205825928283,654.3305459518474,0.0,189.83834773243106,654.3305459518474,0.0,219.47596393816812,654.3305459518474
0.0,199.86906937935805,654.3305459518474,0.0,257.2802708414285,654.3305459518474,0.0,274.5981688178397,654.3305459518474,0.0,145.24954008887474,654.3305459518474,0.0,230.5731579864052,654.3305459518474,0.0,257.3637275418021,654.3305459518474
0.0,237.04741150554207,654.3305459518474,0.0,273.5084722941642,654.3305459518474,0.0,286.94429065937277,654.3305459518474,0.0,152.3310369040076,654.3305459518474,0.0,253.90007685492583,654.3305459518474,0.0,278.18493096361897,654.3305459518474
0.0,241.6639930549587,654.3305459518474,0.0,272.92966667775903,654.3305459518474,0.0,290.7460930600436,654.3305459518474,0.0,186.0174683927097,654.3305459518474,0.0,264.09753417361514,654.3305459518474,0.0,283.1381633464019,654.3305459518474
0.0,240.3898070719138,654.3305459518474,0.0,259.12858207060856,654.3305459518474,0.0,291.0260462632135,654.3305459518474,0.0,195.56688223441543,654.3305459518474,0.0,252.87290375417507,654.3305459518474,0.0,271.7310775349759,654.3305459518474
0.0,217.7863507916534,654.3305459518474,0.0,232.35373223543533,654.3305459518474,0.0,274.6515092292093,654.3305459518474,0.0,201.2924149755431,654.3305459518474,0.0,220.14440750564546,654.3305459518474,0.0,246.13591763252032,654.3305459518474
0.0,164.1674132607286,654.3305459518474,0.0,190.46749199934914,654.3305459518474,0.0,238.02989401952328,654.3305459518474,0.0,173.52501096990818,654.3305459518474,0.0,179.25072144002095,654.3305459518474,0.0,203.23354364563698,654.3305459518474
0.0,87.56138718449114,641.8919331363386,0.0,135.00192184865767,654.3305459518474,0.0,182.0059183429204,654.3305459518474,0.0,128.5432103207594,654.3305459518474,0.0,120.9255644086074,654.3305459518474,0.0,144.57173578085724,654.3305459518474
0.0,40.22806653001884,654.3305459518474,0.0,75.18550451192411,654.3305459518474,0.0,114.8297295972975,654.3305459518474,0.0,72.19212228031552,654.3305459518474,0.0,60.436023134126394,654.3305459518474,0.0,77.31844931454417,654.3305459518474
0.0,26.78085335688664,654.3305459518474,0.0,31.175680213758085,654.3305459518474,0.0,58.878171271114645,654.3305459518474,0.0,23.710551133572963,654.3305459518474,0.0,13.200200290838053,654.3305459518474,0.0,21.63898433141936,654.3305459518474
0.0,36.432267651061366,654.3305459518474,0.0,24.152381909249943,654.3305459518474,0.0,47.37358764850471,654.3305459518474,0.0,8.904372125578895,654.3305459518474,0.0,1.74595531874096,654.3305459518474,0.0,10.417533401821059,654.3305459518474
0.0,48.130168286625796,654.3305459518474,0.0,29.15745382297403,654.3305459518474,0.0,46.50060998913423,654.3305459518474,0.0,7.740401913084923,654.3305459518474,0.0,1.3385657443680692,654.3305459518474,0.0,10.533930423070458,654.3305459518474
0.0,54.41560743409325,654.3305459518474,0.0,30.96160765233969,654.3305459518474,0.0,44.40546360664508,654.3305459518474,0.0,6.809225743089744,654.3305459518474,0.0,0.9311761699951786,654.3305459518474,0.0,11.290511061191541,654.3305459518474
0.0,54.93939402971553,654.3305459518474,0.0,30.612416588591497,654.3305459518474,0.0,41.670133607284235,654.3305459518474,0.0,6.227240636842756,654.3305459518474,0.0,0.5237865956222879,654.3305459518474,0.0,12.454481273685513,654.3305459518474
0.0,51.62207892410771,654.3305459518474,0.0,27.12050595110958,654.3305459518474,0.0,38.76020807604931,654.3305459518474,0.0,6.98382127496384,654.3305459518474,0.0,0.349191063748192,654.3305459518474,0.0,15.655399358043942,654.3305459518474
0.0,43.64888296852399,654.3305459518474,0.0,20.893265314266817,654.3305459518474,0.0,36.95605424668366,654.3305459518474,0.0,8.555181061830703,654.3305459518474,0.0,0.2909925531234933,654.3305459518474,0.0,21.882639994886695,654.3305459518474
0.0,37.770833395429435,654.3305459518474,0.0,16.93576659178731,654.3305459518474,0.0,35.21009892794269,654.3305459518474,0.0,9.428158721201184,654.3305459518474,0.0,0.2909925531234933,654.3305459518474,0.0,25.549146164242714,654.3305459518474
0.0,38.469215522925815,654.3305459518474,0.0,13.56025297555479,654.3305459518474,0.0,31.718188290460777,654.3305459518474,0.0,9.195364678702388,654.3305459518474,0.0,0.5237865956222879,654.3305459518474,0.0,26.247528291739094,654.3305459518474
0.0,47.37358764850471,654.3305459518474,0.0,12.454481273685513,654.3305459518474,0.0,26.1311312704897,654.3305459518474,0.0,9.719151274324677,654.3305459518474,0.0,0.698382127496384,654.3305459518474,0.0,22.11543403738549,654.3305459518474
0.0,53.30983573222398,654.3305459518474,0.0,13.793047018053581,654.3305459518474,0.0,20.25308169739513,654.3305459518474,0.0,11.34870957181624,654.3305459518474,0.0,0.8147791487457813,654.3305459518474,0.0,17.459553187409597,654.3305459518474
0.0,55.307484303529186,654.3305459518474,0.0,17.5445107682116,654.3305459518474,0.0,16.729731619465817,654.3305459518474,0.0,14.510328355615417,654.3305459518474,0.0,1.9551697809042057,654.3305459518474,0.0,17.835503321335093,654.3305459518474
0.0,87.74966836920541,654.3305459518474,0.0,47.830170450932215,654.3305459518474,0.0,42.46018775323624,654.3305459518474,0.0,43.78303377738061,654.3305459518474,0.0,29.769732947210183,654.3305459518474,0.0,46.90685414104889,654.3305459518474
0.0,148.34774680482394,654.3305459518474,0.0,106.55017682633672,654.3305459518474,0.0,108.5337842868316,654.3305459518474,0.0,91.71723874816533,654.3305459518474,0.0,76.98197621016297,654.3305459518474,0.0,119.5836414454125,654.3305459518474
0.0,200.75387635317026,654.3305459518474,0.0,169.91352382133513,654.3305459518474,0.0,173.89009948286514,654.3305459518474,0.0,143.06007538504338,654.3305459518474,0.0,127.44079583771695,654.3305459518474,0.0,187.8263025923454,654.3305459518474
0.0,250.9295632877126,654.3305459518474,0.0,226.49422641443607,654.3305459518474,0.0,228.86332247838175,654.3305459518474,0.0,211.22095844101608,654.3305459518474,0.0,173.69510386049728,654.3305459518474,0.0,240.94185361814175,654.3305459518474
0.0,292.4052344595841,654.3305459518474,0.0,253.01420350720335,654.3305459518474,0.0,266.09518274492035,654.3305459518474,0.0,251.05135159517232,654.3305459518474,0.0,216.82709240003766,654.3305459518474,0.0,276.6070344680836,654.3305459518474
0.0,295.13588408867486,654.3305459518474,0.0,272.16336984112763,654.3305459518474,0.0,284.9769361060567,654.3305459518474,0.0,268.65273772256535,654.3305459518474,0.0,236.75641895241858,654.3305459518474,0.0,295.3220521574577,654.3305459518474
0.0,278.1353822775943,654.3305459518474,0.0,274.05566074113705,654.3305459518474,0.0,288.5805633945179,654.3305459518474,0.0,271.2669903304066,654.3305459518474,0.0,258.12498855019334,654.3305459518474,0.0,297.39679844945306,654.3305459518474
0.0,253.00113008986617,654.3305459518474,0.0,260.62734677807026,654.3305459518474,0.0,276.723609218318,654.3305459518474,0.0,259.3439777834702,654.3305459518474,0.0,257.55554367432825,654.3305459518474,0.0,285.0899759084793,654.3305459518474
0.0,266.42158419282106,654.3305459518474,0.0,235.87840546480788,654.3305459518474,0.0,249.3982137173452,654.3305459518474,0.0,229.86205789954178,654.3305459518474,0.0,241.84326895710294,654.3305459518474,0.0,258.01309417022895,654.3305459518474
0.0,239.20790534282756,654.3305459518474,0.0,197.79078813955084,654.3305459518474,0.0,204.7074056213199,654.3305459518474,0.0,187.14999916475625,654.3305459518474,0.0,195.72107767579573,654.3305459518474,0.0,210.7458318864932,654.3305459518474
0.0,188.8765220864766,654.3305459518474,0.0,149.63783023707762,654.3305459518474,0.0,143.38418598802767,654.3305459518474,0.0,136.70371976758423,654.3305459518474,0.0,135.9723973192121,654.3305459518474,0.0,147.8276728859986,654.3305459518474
0.0,118.32481972462116,654.3305459518474,0.0,96.89187036552332,654.3305459518474,0.0,72.84502385655422,654.3305459518474,0.0,78.85669105155023,654.3305459518474,0.0,72.00348563763113,654.3305459518474,0.0,79.90276336236646,654.3305459518474
0.0,56.67448772748796,654.3305459518474,0.0,54.03665553931106,654.3305459518474,0.0,16.699970788431823,654.3305459518474,0.0,29.255129363143034,654.3305459518474,0.0,15.869471919462342,654.3305459518474,0.0,26.694394895656295,654.3305459518474
0.0,42.25211871353123,654.3305459518474,0.0,40.79715594791376,654.3305459518474,0.0,6.285439147467455,654.3305459518474,0.0,17.052163613036708,654.3305459518474,0.0,2.9681240418596317,654.3305459518474,0.0,16.353781485540324,654.3305459518474
0.0,38.87660509729871,654.3305459518474,0.0,28.982858291099934,654.3305459518474,0.0,8.147791487457813,654.3305459518474,0.0,15.073414251796954,654.3305459518474,0.0,1.74595531874096,654.3305459518474,0.0,16.17918595366623,654.3305459518474
0.0,34.104327226073416,654.3305459518474,0.0,28.866461269850536,654.3305459518474,0.0,12.279885741811418,654.3305459518474,0.0,15.073414251796954,654.3305459518474,0.0,1.0475731912445758,654.3305459518474,0.0,15.364406804920447,654.3305459518474
0.0,27.12050595110958,654.3305459518474,0.0,42.193920202906526,654.3305459518474,0.0,15.364406804920447,654.3305459518474,0.0,17.575950208658995,654.3305459518474,0.0,1.1057717018692748,654.3305459518474,0.0,15.771796379293338,654.3305459518474
0.0,18.79811893177767,654.3305459518474,0.0,49.52693254161856,654.3305459518474,0.0,18.623523399903572,654.3305459518474,0.0,19.496501059274053,654.3305459518474,0.0,1.5131612762421651,654.3305459518474,0.0,20.485875739893928,654.3305459518474
0.0,11.75609914618913,654.3305459518474,0.0,43.18329488352641,654.3305459518474,0.0,18.623523399903572,654.3305459518474,0.0,18.099736804281285,654.3305459518474,0.0,1.8623523399903572,654.3305459518474,0.0,22.464625101133684,654.3305459518474
0.0,7.042019785588539,654.3305459518474,0.0,21.009662335516218,654.3305459518474,0.0,18.099736804281285,654.3305459518474,0.0,16.470178506789722,654.3305459518474,0.0,2.444337446237344,654.3305459518474,0.0,22.29002956925959,654.3305459518474
0.0,4.132094254353605,654.3305459518474,0.0,11.406908082440939,654.3305459518474,0.0,18.157935314905984,654.3305459518474,0.0,15.073414251796954,654.3305459518474,0.0,3.1427195737337277,654.3305459518474,0.0,21.067860846140917,654.3305459518474
0.0,1.8623523399903572,654.3305459518474,0.0,9.544555742450582,654.3305459518474,0.0,17.459553187409597,654.3305459518474,0.0,17.401354676784898,654.3305459518474,0.0,3.6665061693560155,654.3305459518474,0.0,19.61289808052345,654.3305459518474
0.0,0.698382127496384,654.3305459518474,0.0,6.227240636842756,654.3305459518474,0.0,14.31683361367587,654.3305459518474,0.0,21.358853399264408,654.3305459518474,0.0,4.073895743728906,654.3305459518474,0.0,19.438302548649354,654.3305459518474
0.0,1.4313831852819177,654.3305459518474,0.0,3.5186697076592193,654.3305459518474,0.0,10.219358289611415,654.3305459518474,0.0,22.382847010173435,654.3305459518474,0.0,6.669249141504798,654.3305459518474,0.0,20.136684676145737,654.3305459518474
0.0,30.219601311984068,654.3305459518474,0.0,31.59278598664129,654.3305459518474,0.0,33.4944376271909,654.3305459518474,0.0,48.559992018876,654.3305459518474,0.0,36.155849395703335,654.3305459518474,0.0,59.3613354147344,654.3305459518474
0.0,104.30419222129406,654.3305459518474,0.0,93.96039932133634,654.3305459518474,0.0,104.56842570424025,654.3305459518474,0.0,120.26312436284344,654.3305459518474,0.0,112.15313129551653,654.3305459518474,0.0,137.52450243804338,654.3305459518474
0.0,169.75482573866978,654.3305459518474,0.0,164.52614279400203,654.3305459518474,0.0,171.6093182185483,654.3305459518474,0.0,193.01215128864206,654.3305459518474,0.0,184.47754804629022,654.3305459518474,0.0,206.78797770604356,654.3305459518474
0.0,232.78152190030198,654.3305459518474,0.0,218.3556179385334,654.3305459518474,0.0,219.2996897968806,654.3305459518474,0.0,242.48927836670293,654.3305459518474,0.0,239.6772061046221,654.3305459518474,0.0,262.0143948345528,654.3305459518474
0.0,272.4388204030125,654.3305459518474,0.0,244.3171895053892,654.3305459518474,0.0,213.97518765044234,654.3305459518474,0.0,278.346275349171,654.3305459518474,0.0,275.4052658354587,654.3305459518474,0.0,300.21355108180404,654.3305459518474
0.0,295.16167546537895,654.3305459518474,0.0,258.5634621070435,654.3305459518474,0.0,169.3126395050227,654.3305459518474,0.0,305.19186392535084,654.3305459518474,0.0,295.1725370863475,654.3305459518474,0.0,321.578941189737,654.3305459518474
0.0,302.42394906308436,654.3305459518474,0.0,248.6489597523808,654.3305459518474,0.0,141.7984296323804,654.3305459518474,0.0,316.3440769943708,654.3305459518474,0.0,296.7689773339783,654.3305459518474,0.0,325.8117127451163,654.3305459518474
0.0,292.4796858773877,654.3305459518474,0.0,227.55866474836256,654.3305459518474,0.0,122.11593823330855,654.3305459518474,0.0,280.7842538157248,654.3305459518474,0.0,270.41237869414647,654.3305459518474,0.0,317.67478287862707,654.3305459518474
0.0,265.9187308746478,654.3305459518474,0.0,206.64464388563187,654.3305459518474,0.0,103.8397495587547,654.3305459518474,0.0,200.20333068737068,654.3305459518474,0.0,236.50251390348578,654.3305459518474,0.0,291.5479765204373,654.3305459518474
0.0,223.51338441320942,654.3305459518474,0.0,172.97243123672507,654.3305459518474,0.0,81.24583174801955,635.576377699867,0.0,180.92204761197328,654.3305459518474,0.0,202.9246195759212,654.3305459518474,0.0,244.80132134248214,654.3305459518474
0.0,167.5019489669885,654.3305459518474,0.0,137.0619161139025,654.3305459518474,0.0,71.55476269531547,607.1311403951825,0.0,158.66946100487445,654.3305459518474,0.0,171.58034735200243,654.3305459518474,0.0,188.03180437771175,654.3305459518474
0.0,104.11334378224109,654.3305459518474,0.0,84.03768164859169,654.3305459518474,0.0,65.31948446937581,654.3305459518474,0.0,117.08525267186539,654.3305459518474,0.0,109.83719791395535,654.3305459518474,0.0,120.09117513385593,654.3305459518474
0.0,54.76179673698475,654.3305459518474,0.0,39.5923855544322,654.3305459518474,0.0,49.909241655227554,654.3305459518474,0.0,67.6582865153323,654.3305459518474,0.0,53.217196020295184,654.3305459518474,0.0,65.46246283181745,654.3305459518474
0.0,48.24656530787519,654.3305459518474,0.0,30.321424035468006,654.3305459518474,0.0,39.3421931822963,654.3305459518474,0.0,56.510753816582394,654.3305459518474,0.0,37.07245126793305,654.3305459518474,0.0,55.34678360408843,654.3305459518474
0.0,50.92369679661133,654.3305459518474,0.0,35.38469445981679,654.3305459518474,0.0,38.87660509729871,654.3305459518474,0.0,56.103364242209516,654.3305459518474,0.0,32.35837190733246,654.3305459518474,0.0,56.103364242209516,654.3305459518474
0.0,52.14586551973,654.3305459518474,0.0,34.97730488544389,654.3305459518474,0.0,39.92417828854328,654.3305459518474,0.0,55.230386582839024,654.3305459518474,0.0,26.1893297811144,654.3305459518474,0.0,55.92876871033541,654.3305459518474
0.0,52.49505658347819,654.3305459518474,0.0,26.887711908610783,654.3305459518474,0.0,39.516788714170396,654.3305459518474,0.0,53.89182083847097,654.3305459518474,0.0,18.27433233615538,654.3305459518474,0.0,55.637776157211924,654.3305459518474
0.0,52.3786595622288,654.3305459518474,0.0,23.453999781753563,654.3305459518474,0.0,41.72833211790894,654.3305459518474,0.0,53.193438710974576,654.3305459518474,0.0,11.290511061191541,654.3305459518474,0.0,55.230386582839024,654.3305459518474
0.0,51.68027743473242,654.3305459518474,0.0,21.30065488863971,654.3305459518474,0.0,46.20961743601074,654.3305459518474,0.0,53.01884317910048,654.3305459518474,0.0,7.740401913084923,654.3305459518474,0.0,55.113989561589634,654.3305459518474
0.0,50.05071913724085,654.3305459518474,0.0,21.184257867390315,654.3305459518474,0.0,47.54818318037881,654.3305459518474,0.0,52.727850625976984,654.3305459518474,0.0,6.692828721840346,654.3305459518474,0.0,54.29921041284385,654.3305459518474
0.0,47.95557275475169,654.3305459518474,0.0,21.184257867390315,654.3305459518474,0.0,46.61700701038363,654.3305459518474,0.0,51.971269987855905,654.3305459518474,0.0,5.645255530595771,654.3305459518474,0.0,54.29921041284385,654.3305459518474
0.0,45.220242755390856,654.3305459518474,0.0,20.835066803642118,654.3305459518474,0.0,43.88167701102279,654.3305459518474,0.0,51.56388041348302,654.3305459518474,0.0,4.073895743728906,654.3305459518474,0.0,54.35740892346856,654.3305459518474
0.0,41.61193509665954,654.3305459518474,0.0,23.163007228630068,654.3305459518474,0.0,41.84472913915834,654.3305459518474,0.0,51.214689349734826,654.3305459518474,0.0,3.7829031906054134,654.3305459518474,0.0,54.47380594471795,654.3305459518474
0.0,38.85302551696316,654.3305459518474,0.0,26.945910419235485,654.3305459518474,0.0,41.16524622172741,654.3305459518474,0.0,52.23082310053199,654.3305459518474,0.0,3.084521063109029,654.3305459518474,0.0,55.680254947612916,654.3305459518474
0.0,60.88235655108842,654.3305459518474,0.0,39.392709561794206,654.3305459518474,0.0,70.25867574134841,654.3305459518474,0.0,82.06979390832048,654.3305459518474,0.0,18.479044157033584,654.3305459518474,0.0,84.35993591317754,654.3305459518474
0.0,116.81987376646097,654.3305459518474,0.0,61.563518077932756,654.3305459518474,0.0,137.73839727047675,654.3305459518474,0.0,123.03271783452331,654.3305459518474,0.0,55.975137906518384,654.3305459518474,0.0,142.22736471970532,654.3305459518474
0.0,174.63864253188933,654.3305459518474,0.0,115.15869829953695,654.3305459518474,0.0,210.17921104249982,654.3305459518474,0.0,186.02647367527976,654.3305459518474,0.0,116.27904429917169,654.3305459518474,0.0,207.47982312487142,654.3305459518474
0.0,226.07747609952298,654.3305459518474,0.0,201.07966556556795,654.3305459518474,0.0,257.2750572842032,654.3305459518474,0.0,241.93405233063325,654.3305459518474,0.0,202.27242891562275,654.3305459518474,0.0,278.30211794935656,654.3305459518474
0.0,258.09973036044437,654.3305459518474,0.0,287.9067285408303,654.3305459518474,0.0,291.32639955687716,654.3305459518474,0.0,274.2630188649018,654.3305459518474,0.0,256.9750594485096,654.3305459518474,0.0,315.9067488599789,654.3305459518474
0.0,276.00782876118456,654.3305459518474,0.0,323.10632130577454,654.3305459518474,0.0,305.6198313192026,654.3305459518474,0.0,291.29813960627155,654.3305459518474,0.0,272.01253161857414,654.3305459518474,0.0,334.34649371645315,654.3305459518474
0.0,281.70660243213496,654.3305459518474,0.0,324.7390590931078,654.3305459518474,0.0,318.4126420356677,654.3305459518474,0.0,307.0764726942334,654.3305459518474,0.0,283.1364847369885,654.3305459518474,0.0,337.8258641235532,654.3305459518474
0.0,271.3517701822236,654.3305459518474,0.0,309.6512482725305,654.3305459518474,0.0,311.60173768316463,654.3305459518474,0.0,309.542888840378,654.3305459518474,0.0,267.68844350270933,654.3305459518474,0.0,325.53794079264486,654.3305459518474
0.0,247.19267383532005,654.3305459518474,0.0,282.1748368200191,654.3305459518474,0.0,281.61810990352103,654.3305459518474,0.0,277.8179861122636,654.3305459518474,0.0,243.16593725226224,654.3305459518474,0.0,296.57512713406857,654.3305459518474
0.0,207.17664579933611,654.3305459518474,0.0,238.85721339865103,654.3305459518474,0.0,233.72170335286722,654.3305459518474,0.0,226.33049250353048,654.3305459518474,0.0,195.50046840570877,654.3305459518474,0.0,251.45334988333488,654.3305459518474
0.0,148.73191225683138,654.3305459518474,0.0,176.40932285342407,654.3305459518474,0.0,172.41738292964047,654.3305459518474,0.0,159.47523487105016,654.3305459518474,0.0,134.85823257027582,654.3305459518474,0.0,189.5984837943085,654.3305459518474
0.0,86.52785510405684,654.3305459518474,0.0,111.10652579774512,654.3305459518474,0.0,101.5133100141951,654.3305459518474,0.0,84.07883728754939,654.3305459518474,0.0,95.1678160177045,654.3305459518474,0.0,118.85328669051356,654.3305459518474
0.0,35.04036149532375,654.3305459518474,0.0,61.96269233422368,654.3305459518474,0.0,38.400155391332575,654.3305459518474,0.0,30.252363903874762,654.3305459518474,0.0,55.07318938060203,654.3305459518474,0.0,60.99689723393936,654.3305459518474
0.0,19.96208914427164,654.3305459518474,0.0,51.09829232848543,654.3305459518474,0.0,20.07848616552104,654.3305459518474,0.0,17.3431561661602,654.3305459518474,0.0,47.664580201628205,654.3305459518474,0.0,48.77035190349748,654.3305459518474
0.0,16.411979996165023,654.3305459518474,0.0,48.77035190349748,654.3305459518474,0.0,14.433230634925268,654.3305459518474,0.0,15.597200847419243,654.3305459518474,0.0,43.5906844578993,654.3305459518474,0.0,46.326014457260136,654.3305459518474
0.0,14.549627656174666,654.3305459518474,0.0,44.98744871289207,654.3305459518474,0.0,7.449409359961429,654.3305459518474,0.0,14.666024677424062,654.3305459518474,0.0,40.62256041603966,654.3305459518474,0.0,41.670133607284235,654.3305459518474
0.0,13.734848507428882,654.3305459518474,0.0,41.78653062853363,654.3305459518474,0.0,2.3279404249879465,654.3305459518474,0.0,13.793047018053581,654.3305459518474,0.0,41.37914105416075,654.3305459518474,0.0,34.33712126857221,654.3305459518474
0.0,11.988893188687923,654.3305459518474,0.0,39.80778126729388,654.3305459518474,0.0,0.5237865956222879,654.3305459518474,0.0,14.491429145549967,654.3305459518474,0.0,44.23086807477098,654.3305459518474,0.0,26.014734249240302,654.3305459518474
0.0,10.184739359322265,654.3305459518474,0.0,40.56436190541496,654.3305459518474,0.0,0.23279404249879465,654.3305459518474,0.0,16.004590421792134,654.3305459518474,0.0,46.26781594663544,654.3305459518474,0.0,18.68172191052827,654.3305459518474
0.0,9.369960210576485,654.3305459518474,0.0,44.40546360664508,654.3305459518474,0.0,0.23279404249879465,654.3305459518474,0.0,18.507126378654174,654.3305459518474,0.0,47.25719062725532,654.3305459518474,0.0,13.676649996804183,654.3305459518474
0.0,10.47573191244576,654.3305459518474,0.0,47.25719062725532,654.3305459518474,0.0,0.4655880849975893,654.3305459518474,0.0,21.067860846140917,654.3305459518474,0.0,47.7227787122529,654.3305459518474,0.0,9.893746806198772,654.3305459518474
0.0,14.025841060552379,654.3305459518474,0.0,48.944947435371574,654.3305459518474,0.0,1.1057717018692748,654.3305459518474,0.0,22.581022122383082,654.3305459518474,0.0,47.897374244127,654.3305459518474,0.0,6.867424253714441,654.3305459518474
0.0,18.507126378654174,654.3305459518474,0.0,48.886748924746875,654.3305459518474,0.0,2.735329999360837,654.3305459518474,0.0,25.84013871736621,654.3305459518474,0.0,48.24656530787519,654.3305459518474,0.0,4.539483828726496,654.3305459518474
0.0,23.721412754541507,654.3305459518474,0.0,49.553691611795855,654.3305459518474,0.0,6.859564393602593,654.3305459518474,0.0,28.901080200139685,654.3305459518474,0.0,49.10382324702197,654.3305459518474,0.0,3.8253819810064122,654.3305459518474
0.0,46.58124265763624,654.3305459518474,0.0,79.64117618230684,654.3305459518474,0.0,31.622546817675286,654.3305459518474,0.0,60.559924557517526,654.3305459518474,0.0,75.45238429775688,654.3305459518474,0.0,29.960048199307977,654.3305459518474
0.0,111.70158432132924,654.3305459518474,0.0,120.77233666070026,654.3305459518474,0.0,58.77802715704412,654.3305459518474,0.0,129.78242191554506,654.3305459518474,0.0,115.46991321416918,654.3305459518474,0.0,104.00533980805872,654.3305459518474
0.0,185.35034797667564,654.3305459518474,0.0,144.09289654953744,654.3305459518474,0.0,98.49670366022109,654.3305459518474,0.0,168.48328605851145,654.3305459518474,0.0,157.7525036746746,654.3305459518474,0.0,173.0627801037374,654.3305459518474
0.0,237.83825561598223,654.3305459518474,0.0,198.74518843191146,654.3305459518474,0.0,147.52882047276321,654.3305459518474,0.0,180.99296408196494,654.3305459518474,0.0,209.51844960614926,654.3305459518474,0.0,226.4771835427691,654.3305459518474
0.0,262.4582596776132,654.3305459518474,0.0,280.2148089398598,654.3305459518474,0.0,170.3570332064255,654.3305459518474,0.0,210.82875539991167,654.3305459518474,0.0,262.2690898479737,654.3305459518474,0.0,262.2587614139603,654.3305459518474
0.0,267.8819382446489,654.3305459518474,0.0,322.53987819076616,654.3305459518474,0.0,206.1086725175977,654.3305459518474,0.0,198.96394136359996,654.3305459518474,0.0,274.7190684803742,654.3305459518474,0.0,280.29111669606175,654.3305459518474
0.0,261.69867727863544,654.3305459518474,0.0,325.1541307986076,654.3305459518474,0.0,249.193501896467,654.3305459518474,0.0,205.29821828115192,654.3305459518474,0.0,264.48231186112565,654.3305459518474,0.0,282.9635678145278,654.3305459518474
0.0,246.38275278582944,654.3305459518474,0.0,312.1253465498018,654.3305459518474,0.0,272.6164176957433,654.3305459518474,0.0,229.1174843048475,654.3305459518474,0.0,239.41729753397584,654.3305459518474,0.0,270.39251179060784,654.3305459518474
0.0,204.2841185977383,654.3305459518474,0.0,285.32691713429307,654.3305459518474,0.0,238.97096411701384,654.3305459518474,0.0,233.84110213497334,654.3305459518474,0.0,198.934180532566,654.3305459518474,0.0,241.72069068515506,654.3305459518474
0.0,126.42598523836305,654.3305459518474,0.0,243.4517162481605,654.3305459518474,0.0,168.80307174919577,654.3305459518474,0.0,206.62274291470968,654.3305459518474,0.0,161.44126627292292,654.3305459518474,0.0,197.5458093246402,654.3305459518474
0.0,87.20433626063108,641.5348822124785,0.0,187.46553899168848,654.3305459518474,0.0,105.63639898597862,654.3305459518474,0.0,163.50497321496465,654.3305459518474,0.0,120.94242955128932,654.3305459518474,0.0,138.42627323497467,654.3305459518474
0.0,30.084127351684167,654.3305459518474,0.0,121.40616129788845,654.3305459518474,0.0,52.88425786372586,654.3305459518474,0.0,95.93879322460597,654.3305459518474,0.0,78.25244951641098,654.3305459518474,0.0,68.16238393640103,654.3305459518474
0.0,8.473402970870456,654.3305459518474,0.0,65.1211316281811,654.3305459518474,0.0,9.996102716637875,654.3305459518474,0.0,34.783987872489405,654.3305459518474,0.0,42.994658240842014,654.3305459518474,0.0,14.861198028777014,654.3305459518474
0.0,5.645255530595771,654.3305459518474,0.0,53.36803424284868,654.3305459518474,0.0,0.87297765937048,654.3305459518474,0.0,19.496501059274053,654.3305459518474,0.0,36.432267651061366,654.3305459518474,0.0,6.51823318996625,654.3305459518474
0.0,6.809225743089744,654.3305459518474,0.0,50.749101264737234,654.3305459518474,0.0,0.6401836168716852,654.3305459518474,0.0,19.321905527399956,654.3305459518474,0.0,37.188848289182445,654.3305459518474,0.0,4.423086807477099,654.3305459518474
0.0,7.85679893433432,654.3305459518474,0.0,47.43178615912941,654.3305459518474,0.0,0.4655880849975893,654.3305459518474,0.0,20.893265314266817,654.3305459518474,0.0,37.829031906054134,654.3305459518474,0.0,0.8147791487457813,654.3305459518474
0.0,5.878049573094565,654.3305459518474,0.0,43.00869935165231,654.3305459518474,0.0,0.174595531874096,654.3305459518474,0.0,23.62859531362766,654.3305459518474,0.0,39.80778126729388,654.3305459518474,0.0,0.0,654.3305459518474
0.0,5.412461488096976,654.3305459518474,0.0,36.60686318293546,654.3305459518474,0.0,0.0,654.3305459518474,0.0,30.96160765233969,654.3305459518474,0.0,41.55373658603484,654.3305459518474,0.0,0.11639702124939733,654.3305459518474
0.0,5.8198510624698665,654.3305459518474,0.0,29.623041907971622,654.3305459518474,0.0,0.0,654.3305459518474,0.0,36.31587062981197,654.3305459518474,0.0,42.60130977727942,654.3305459518474,0.0,0.05819851062469866,654.3305459518474
0.0,6.401836168716853,654.3305459518474,0.0,22.69741914363248,654.3305459518474,0.0,0.23279404249879465,654.3305459518474,0.0,36.95605424668366,654.3305459518474,0.0,42.310317224155924,654.3305459518474,0.0,0.0,654.3305459518474
0.0,6.401836168716853,654.3305459518474,0.0,16.295582974915625,654.3305459518474,0.0,0.9893746806198773,654.3305459518474,0.0,34.104327226073416,654.3305459518474,0.0,40.971751479787855,654.3305459518474,0.0,0.0,654.3305459518474
0.0,4.248491275603002,654.3305459518474,0.0,10.47573191244576,654.3305459518474,0.0,2.3861389356126455,654.3305459518474,0.0,29.390247865472826,654.3305459518474,0.0,39.2839946716716,654.3305459518474,0.0,0.0,654.3305459518474
0.0,2.61893297811144,654.3305459518474,0.0,6.169042126218058,654.3305459518474,0.0,4.3066897862277,654.3305459518474,0.0,25.14175658986982,654.3305459518474,0.0,40.73895743728906,654.3305459518474,0.0,0.0,654.3305459518474
0.0,4.116374534129905,654.3305459518474,0.0,4.116374534129905,654.3305459518474,0.0,6.56071198036725,654.3305459518474,0.0,20.42767722926923,654.3305459518474,0.0,42.89230233040291,654.3305459518474,0.0,0.7408609178973833,654.3305459518474
0.0,37.51331435013685,654.3305459518474,0.0,31.55030719624029,654.3305459518474,0.0,35.09255648423506,654.3305459518474,0.0,40.05665048798649,654.3305459518474,0.0,60.51408854828972,654.3305459518474,0.0,28.57114380442706,654.3305459518474
0.0,101.75113988493412,654.3305459518474,0.0,98.71863608175131,654.3305459518474,0.0,103.37769642156898,654.3305459518474,0.0,87.41990970247782,654.3305459518474,0.0,80.32701807942128,654.3305459518474,0.0,99.61837281129911,654.3305459518474
0.0,166.48131257490624,654.3305459518474,0.0,168.11740758106637,654.3305459518474,0.0,168.43983957463726,654.3305459518474,0.0,145.57365069185903,654.3305459518474,0.0,104.98464283219818,654.3305459518474,0.0,167.6093407056678,654.3305459518474
0.0,216.8944739222175,654.3305459518474,0.0,227.284102831403,654.3305459518474,0.0,217.92500424179508,654.3305459518474,0.0,196.85042895800058,654.3305459518474,0.0,122.76998523200547,654.3305459518474,0.0,220.98126535429847,654.3305459518474
0.0,238.02706998765166,654.3305459518474,0.0,266.13766153532134,654.3305459518474,0.0,251.71679340179293,654.3305459518474,0.0,232.57380831856707,654.3305459518474,0.0,160.00334637897242,654.3305459518474,0.0,255.455716921569,654.3305459518474
0.0,246.24727882552952,654.3305459518474,0.0,285.47714312134343,654.3305459518474,0.0,270.59068690281754,654.3305459518474,0.0,258.86417085867726,654.3305459518474,0.0,178.92439904066805,654.3305459518474,0.0,274.0118587992928,654.3305459518474
0.0,256.8489462287499,654.3305459518474,0.0,288.2659912610589,654.3305459518474,0.0,269.54779408184305,654.3305459518474,0.0,264.3411898370825,654.3305459518474,0.0,157.89398115668791,654.3305459518474,0.0,278.83765481087266,654.3305459518474
0.0,255.0651924898781,654.3305459518474,0.0,274.6788014863418,654.3305459518474,0.0,240.36622749157826,654.3305459518474,0.0,263.4068341772455,654.3305459518474,0.0,180.55395733815962,654.3305459518474,0.0,269.8906261659077,654.3305459518474
0.0,222.1070816886914,654.3305459518474,0.0,245.44857485497755,654.3305459518474,0.0,172.42542051873735,654.3305459518474,0.0,240.80973687666867,654.3305459518474,0.0,172.24561142963802,654.3305459518474,0.0,246.04928144230493,654.3305459518474
0.0,172.45050097950127,654.3305459518474,0.0,199.8926489596936,654.3305459518474,0.0,131.6118339346597,654.3305459518474,0.0,200.57195414813953,654.3305459518474,0.0,163.93726552111642,654.3305459518474,0.0,203.02265057406035,654.3305459518474
0.0,126.94809322457195,654.3305459518474,0.0,138.40269365463917,654.3305459518474,0.0,85.70035799594405,640.0309039477914,0.0,141.7780295418866,654.3305459518474,0.0,134.64098051901564,654.3305459518474,0.0,141.52801489873576,654.3305459518474
0.0,76.86522373094346,654.3305459518474,0.0,68.55405379055021,654.3305459518474,0.0,56.47799122469171,654.3305459518474,0.0,78.47288105751288,654.3305459518474,0.0,99.82519774810874,654.3305459518474,0.0,72.17490167966348,654.3305459518474
0.0,34.66441136139826,654.3305459518474,0.0,11.60208143379389,654.3305459518474,0.0,35.63638771238103,654.3305459518474,0.0,27.13322391047658,654.3305459518474,0.0,66.20800411998493,654.3305459518474,0.0,20.72352788164788,654.3305459518474
0.0,26.014734249240302,654.3305459518474,0.0,1.6295582974915626,654.3305459518474,0.0,34.104327226073416,654.3305459518474,0.0,15.771796379293338,654.3305459518474,0.0,57.67472402907638,654.3305459518474,0.0,16.93576659178731,654.3305459518474
0.0,26.422123823613195,654.3305459518474,0.0,1.1057717018692748,654.3305459518474,0.0,36.31587062981197,654.3305459518474,0.0,15.597200847419243,654.3305459518474,0.0,57.558327007826975,654.3305459518474,0.0,22.581022122383082,654.3305459518474
0.0,24.094183398625244,654.3305459518474,0.0,0.4655880849975893,654.3305459518474,0.0,39.05120062917281,654.3305459518474,0.0,15.539002336794544,654.3305459518474,0.0,57.26733445470348,654.3305459518474,0.0,27.527895525482467,654.3305459518474
0.0,19.380104038024655,654.3305459518474,0.0,0.11639702124939733,654.3305459518474,0.0,41.029949990412554,654.3305459518474,0.0,15.422605315545146,654.3305459518474,0.0,56.80174636970589,654.3305459518474,0.0,35.61748850231558,654.3305459518474
0.0,13.152863401181898,654.3305459518474,0.0,0.0,654.3305459518474,0.0,40.56436190541496,654.3305459518474,0.0,15.24800978367105,654.3305459518474,0.0,56.219761263458906,654.3305459518474,0.0,43.76527998977339,654.3305459518474
0.0,6.460034679341552,654.3305459518474,0.0,0.0,654.3305459518474,0.0,42.42671424540532,654.3305459518474,0.0,15.18981127304635,654.3305459518474,0.0,55.46318062533782,654.3305459518474,0.0,49.93432211599145,654.3305459518474
0.0,2.9681240418596317,654.3305459518474,0.0,0.0,654.3305459518474,0.0,41.670133607284235,654.3305459518474,0.0,14.957017230547557,654.3305459518474,0.0,54.18281339159446,654.3305459518474,0.0,48.886748924746875,654.3305459518474
0.0,2.3861389356126455,654.3305459518474,0.0,0.174595531874096,654.3305459518474,0.0,41.61193509665954,654.3305459518474,0.0,14.258635103051171,654.3305459518474,0.0,52.66965211535229,654.3305459518474,0.0,47.54818318037881,654.3305459518474
0.0,2.3279404249879465,654.3305459518474,0.0,0.40738957437289064,654.3305459518474,0.0,42.717706798528816,654.3305459518474,0.0,14.142238081801773,654.3305459518474,0.0,50.63270424348784,654.3305459518474,0.0,43.88167701102279,654.3305459518474
0.0,1.9787493612397546,654.3305459518474,0.0,0.2909925531234933,654.3305459518474,0.0,43.00869935165231,654.3305459518474,0.0,13.909444039302981,654.3305459518474,0.0,48.53755786099868,654.3305459518474,0.0,34.744510842945104,654.3305459518474
0.0,1.8623523399903572,654.3305459518474,0.0,0.9154564497714793,654.3305459518474,0.0,48.405441119525584,654.3305459518474,0.0,13.951922829703982,654.3305459518474,0.0,45.27058140590371,654.3305459518474,0.0,30.263225524843307,654.3305459518474
0.0,25.945851846632117,654.3305459518474,0.0,29.187747840963198,654.3305459518474,0.0,69.48151728374846,654.3305459518474,0.0,40.57893620318043,654.3305459518474,0.0,67.39741025121292,654.3305459518474,0.0,55.05764738936339,654.3305459518474
0.0,66.28263326677356,654.3305459518474,0.0,98.47798217914067,654.3305459518474,0.0,75.06557254286284,654.3305459518474,0.0,108.82627772038344,654.3305459518474,0.0,118.97772130085986,654.3305459518474,0.0,96.34450418956547,654.3305459518474
0.0,110.25916178609373,654.3305459518474,0.0,165.38675795197562,654.3305459518474,0.0,147.76911891740377,654.3305459518474,0.0,175.48653973049588,654.3305459518474,0.0,161.1392343698458,654.3305459518474,0.0,140.56336522090965,654.3305459518474
0.0,158.96080901596807,654.3305459518474,0.0,219.10001380424262,654.3305459518474,0.0,230.5473666097011,654.3305459518474,0.0,230.17663003300086,654.3305459518474,0.0,181.66476486826912,654.3305459518474,0.0,181.05752157227317,654.3305459518474
0.0,177.02760549937358,654.3305459518474,0.0,251.53433800980702,654.3305459518474,0.0,282.5129885338137,654.3305459518474,0.0,265.5586781899311,654.3305459518474,0.0,212.91153928100397,654.3305459518474,0.0,204.51655718226695,654.3305459518474
0.0,202.26085637871398,654.3305459518474,0.0,273.3370562521319,654.3305459518474,0.0,275.22077637608925,654.3305459518474,0.0,285.78685715554735,654.3305459518474,0.0,241.96717038049403,654.3305459518474,0.0,194.32695972368953,654.3305459518474
0.0,205.97770119858285,654.3305459518474,0.0,278.82193509064894,654.3305459518474,0.0,184.25225840593316,654.3305459518474,0.0,292.68421996928083,654.3305459518474,0.0,253.92948222798972,654.3305459518474,0.0,177.4774738641475,654.3305459518474
0.0,201.29656215885802,654.3305459518474,0.0,270.7856825251854,654.3305459518474,0.0,169.95582488275107,654.3305459518474,0.0,285.517765573346,654.3305459518474,0.0,265.55832273196097,654.3305459518474,0.0,177.2336404716951,654.3305459518474
0.0,187.49229806186577,654.3305459518474,0.0,243.69308106671133,654.3305459518474,0.0,142.87426277423063,654.3305459518474,0.0,262.9489282233747,654.3305459518474,0.0,249.6982115530388,654.3305459518474,0.0,157.10763968753287,654.3305459518474
0.0,155.69815747317307,654.3305459518474,0.0,199.4600011955718,654.3305459518474,0.0,84.3256724408585,638.6562183927059,0.0,223.2317526006261,654.3305459518474,0.0,215.499032818668,654.3305459518474,0.0,130.84871658787006,654.3305459518474
0.0,114.56381750493789,654.3305459518474,0.0,138.8115841094404,654.3305459518474,0.0,113.24900906989043,649.2554256486183,0.0,166.6918501885128,654.3305459518474,0.0,160.61394689379517,654.3305459518474,0.0,93.37152204845069,647.7020680002981
0.0,72.73895526931818,654.3305459518474,0.0,70.06403557695063,654.3305459518474,0.0,106.95235284348433,654.3305459518474,0.0,98.79052024521621,654.3305459518474,0.0,91.71070203949677,654.3305459518474,0.0,58.67063541836481,654.3305459518474
0.0,54.2174323218836,654.3305459518474,0.0,15.02793370053926,654.3305459518474,0.0,62.82463064364056,654.3305459518474,0.0,40.70919660625508,654.3305459518474,0.0,36.153993057304874,654.3305459518474,0.0,34.27106289783566,654.3305459518474
0.0,53.135240200349884,654.3305459518474,0.0,4.655880849975893,654.3305459518474,0.0,53.42623275347337,654.3305459518474,0.0,29.041056801724633,654.3305459518474,0.0,22.813816164881878,654.3305459518474,0.0,24.967161057995725,654.3305459518474
0.0,53.89182083847097,654.3305459518474,0.0,4.073895743728906,654.3305459518474,0.0,52.553255094102894,654.3305459518474,0.0,29.15745382297403,654.3305459518474,0.0,19.61289808052345,654.3305459518474,0.0,19.089111484901164,654.3305459518474
0.0,53.95001934909566,654.3305459518474,0.0,3.1427195737337277,654.3305459518474,0.0,43.5324859472746,654.3305459518474,0.0,30.6706150992162,654.3305459518474,0.0,17.052163613036708,654.3305459518474,0.0,16.819369570537912,654.3305459518474
0.0,53.775423817221565,654.3305459518474,0.0,2.61893297811144,654.3305459518474,0.0,26.1893297811144,654.3305459518474,0.0,32.125577864833666,654.3305459518474,0.0,15.073414251796954,654.3305459518474,0.0,10.533930423070458,654.3305459518474
0.0,53.48443126409807,654.3305459518474,0.0,2.735329999360837,654.3305459518474,0.0,15.829994889918037,654.3305459518474,0.0,32.47476892858185,654.3305459518474,0.0,14.375032124300569,654.3305459518474,0.0,11.174114039942143,654.3305459518474
0.0,53.717225306596866,654.3305459518474,0.0,3.6665061693560155,654.3305459518474,0.0,14.607826166799367,654.3305459518474,0.0,32.06737935420897,654.3305459518474,0.0,14.491429145549967,654.3305459518474,0.0,13.793047018053581,654.3305459518474
0.0,54.64840147659204,654.3305459518474,0.0,4.888674892474688,654.3305459518474,0.0,15.71359786866864,654.3305459518474,0.0,30.6706150992162,654.3305459518474,0.0,15.364406804920447,654.3305459518474,0.0,16.93576659178731,654.3305459518474
0.0,55.34678360408843,654.3305459518474,0.0,6.169042126218058,654.3305459518474,0.0,26.887711908610783,654.3305459518474,0.0,29.681240418596317,654.3305459518474,0.0,17.110362123661407,654.3305459518474,0.0,21.067860846140917,654.3305459518474
0.0,55.637776157211924,654.3305459518474,0.0,7.565806381210827,654.3305459518474,0.0,34.33712126857221,654.3305459518474,0.0,27.877086589230657,654.3305459518474,0.0,17.634148719283694,654.3305459518474,0.0,25.14175658986982,654.3305459518474
0.0,55.28858509346373,654.3305459518474,0.0,8.555181061830703,654.3305459518474,0.0,38.23642148042702,654.3305459518474,0.0,27.12050595110958,654.3305459518474,0.0,18.623523399903572,654.3305459518474,0.0,28.63366722735174,654.3305459518474
0.0,54.99759254034023,654.3305459518474,0.0,9.544555742450582,654.3305459518474,0.0,33.10709268534169,654.3305459518474,0.0,27.41149850423307,654.3305459518474,0.0,18.433208147805775,654.3305459518474,0.0,32.51724771898286,654.3305459518474
0.0,77.1259222660778,654.3305459518474,0.0,32.06455532233733,654.3305459518474,0.0,54.82971144611976,654.3305459518474,0.0,52.265797488791264,654.3305459518474,0.0,45.70040513815391,654.3305459518474,0.0,65.93308674505525,654.3305459518474
0.0,119.80018258073244,654.3305459518474,0.0,81.89573156340155,654.3305459518474,0.0,124.45341712782175,654.3305459518474,0.0,110.6695531213233,654.3305459518474,0.0,99.7675324244392,654.3305459518474,0.0,139.78956398213654,654.3305459518474
0.0,162.5829800565246,654.3305459518474,0.0,139.08049796265666,654.3305459518474,0.0,195.06013851046012,654.3305459518474,0.0,173.70410914306734,654.3305459518474,0.0,153.09229791239875,654.3305459518474,0.0,208.680268606053,654.3305459518474
0.0,194.71845184885365,654.3305459518474,0.0,194.49254997299354,654.3305459518474,0.0,244.45248573670406,654.3305459518474,0.0,227.84365377977264,654.3305459518474,0.0,194.43903183263893,654.3305459518474,0.0,262.9597898443433,654.3305459518474
0.0,227.69546186010575,654.3305459518474,0.0,221.19030208747662,654.3305459518474,0.0,258.3637861144055,654.3305459518474,0.0,276.55333859874395,654.3305459518474,0.0,253.26757536918092,654.3305459518474,0.0,298.1011840986629,654.3305459518474
0.0,271.3040778345973,654.3305459518474,0.0,246.95369854212282,654.3305459518474,0.0,217.19182545502446,654.3305459518474,0.0,312.7234068342426,654.3305459518474,0.0,284.46401113140297,654.3305459518474,0.0,313.82131867600003,654.3305459518474
0.0,272.99501413255535,654.3305459518474,0.0,258.0288138904526,654.3305459518474,0.0,204.7278057118137,654.3305459518474,0.0,320.2955721951369,654.3305459518474,0.0,288.8006394776497,654.3305459518474,0.0,315.22126242083453,654.3305459518474
0.0,249.48563987204872,654.3305459518474,0.0,254.5320451537156,654.3305459518474,0.0,203.65815382066194,654.3305459518474,0.0,310.2852506387037,654.3305459518474,0.0,278.94919373286683,654.3305459518474,0.0,304.2404653938469,654.3305459518474
0.0,215.29432099778978,654.3305459518474,0.0,233.77054112295173,654.3305459518474,0.0,172.34364242777713,654.3305459518474,0.0,282.909516487218,654.3305459518474,0.0,253.33513462034583,654.3305459518474,0.0,277.8148066224218,654.3305459518474
0.0,172.91105323625862,654.3305459518474,0.0,193.46670002368603,654.3305459518474,0.0,148.06964994005253,654.3305459518474,0.0,237.6949217955704,654.3305459518474,0.0,212.53576687606355,654.3305459518474,0.0,233.92305795491865,654.3305459518474
0.0,132.5679128364337,654.3305459518474,0.0,138.18208438455218,654.3305459518474,0.0,105.70528138858681,654.3305459518474,0.0,175.15739329927138,654.3305459518474,0.0,155.28962247634195,654.3305459518474,0.0,171.49406661975712,654.3305459518474
0.0,88.81146040024532,654.3305459518474,0.0,74.86757515963825,654.3305459518474,0.0,65.01462853442709,654.3305459518474,0.0,103.33000407394272,654.3305459518474,0.0,86.76700812623915,654.3305459518474,0.0,94.69304492115177,654.3305459518474
0.0,55.271364492811685,654.3305459518474,0.0,27.952683429492463,654.3305459518474,0.0,22.656618962644885,654.3305459518474,0.0,44.216826963960685,654.3305459518474,0.0,29.884273630061116,654.3305459518474,0.0,29.376206754662533,654.3305459518474
0.0,45.80222786163785,654.3305459518474,0.0,15.829994889918037,654.3305459518474,0.0,9.777349784949376,654.3305459518474,0.0,33.580540630451125,654.3305459518474,0.0,19.96208914427164,654.3305459518474,0.0,13.443855954305391,654.3305459518474
0.0,42.48491275603003,654.3305459518474,0.0,11.81429765681383,654.3305459518474,0.0,5.005071913724085,654.3305459518474,0.0,34.104327226073416,654.3305459518474,0.0,21.184257867390315,654.3305459518474,0.0,8.6133795724554,654.3305459518474
0.0,32.35837190733246,654.3305459518474,0.0,9.428158721201184,654.3305459518474,0.0,4.888674892474688,654.3305459518474,0.0,32.00918084358427,654.3305459518474,0.0,23.10480871800537,654.3305459518474,0.0,5.9362480837192635,654.3305459518474
0.0,26.771314887361385,654.3305459518474,0.0,8.380585529956607,654.3305459518474,0.0,7.624004891835525,654.3305459518474,0.0,29.215652333598733,654.3305459518474,0.0,25.374550632368617,654.3305459518474,0.0,4.423086807477099,654.3305459518474
0.0,19.089111484901164,654.3305459518474,0.0,6.634630211215648,654.3305459518474,0.0,12.803672337433706,654.3305459518474,0.0,25.665543185492112,654.3305459518474,0.0,27.12050595110958,654.3305459518474,0.0,4.015697233104208,654.3305459518474
0.0,11.290511061191541,654.3305459518474,0.0,4.888674892474688,654.3305459518474,0.0,25.14175658986982,654.3305459518474,0.0,21.591647441763204,654.3305459518474,0.0,25.607344674867413,654.3305459518474,0.0,4.3066897862277,654.3305459518474
0.0,7.914997444959019,654.3305459518474,0.0,4.132094254353605,654.3305459518474,0.0,39.2257961610469,654.3305459518474,0.0,20.660471271768024,654.3305459518474,0.0,23.51219829237826,654.3305459518474,0.0,4.655880849975893,654.3305459518474
0.0,8.031394466208416,654.3305459518474,0.0,4.539483828726496,654.3305459518474,0.0,48.24656530787519,654.3305459518474,0.0,20.31128020801983,654.3305459518474,0.0,23.686793824252355,654.3305459518474,0.0,4.423086807477099,654.3305459518474
0.0,9.020769146828293,654.3305459518474,0.0,5.121468934973482,654.3305459518474,0.0,51.62207892410771,654.3305459518474,0.0,19.90389063364694,654.3305459518474,0.0,21.882639994886695,654.3305459518474,0.0,3.608307658731317,654.3305459518474
0.0,10.766724465569252,654.3305459518474,0.0,4.423086807477099,654.3305459518474,0.0,52.96064466847578,654.3305459518474,0.0,19.030912974276465,654.3305459518474,0.0,19.321905527399956,654.3305459518474,0.0,2.3861389356126455,654.3305459518474
0.0,11.406908082440939,654.3305459518474,0.0,2.8517270206102348,654.3305459518474,0.0,54.233152042107314,654.3305459518474,0.0,18.099736804281285,654.3305459518474,0.0,17.80088439104594,654.3305459518474,0.0,0.9893746806198773,654.3305459518474
0.0,16.887106550687868,654.3305459518474,0.0,27.279737220730087,654.3305459518474,0.0,85.41854845437572,654.3305459518474,0.0,41.00672586804712,654.3305459518474,0.0,40.47507941231299,654.3305459518474,0.0,26.9148264367582,654.3305459518474
0.0,28.083477019522267,654.3305459518474,0.0,75.5002543743682,654.3305459518474,0.0,141.81211528522059,654.3305459518474,0.0,123.62291825885227,654.3305459518474,0.0,84.14657426769935,654.3305459518474,0.0,102.23262541914045,654.3305459518474
0.0,40.641992813060284,654.3305459518474,0.0,127.5493329988545,654.3305459518474,0.0,163.5409152966971,654.3305459518474,0.0,191.31185425014382,654.3305459518474,0.0,141.42733759771008,654.3305459518474,0.0,172.0969850034531,654.3305459518474
0.0,56.63422073345553,610.964766685303,0.0,174.49416328901935,654.3305459518474,0.0,183.32240538738125,654.3305459518474,0.0,238.7065529050826,654.3305459518474,0.0,196.48551817402867,654.3305459518474,0.0,224.77838738469922,654.3305459518474
0.0,82.23088151633945,593.1956482016424,0.0,197.64330713582416,654.3305459518474,0.0,227.62154362925736,654.3305459518474,0.0,269.1086096090526,654.3305459518474,0.0,223.82663339522517,654.3305459518474,0.0,261.0176934807762,654.3305459518474
0.0,106.65571222661755,598.5202179829364,0.0,223.0700527571041,654.3305459518474,0.0,252.98858985948422,654.3305459518474,0.0,287.1881240518251,654.3305459518474,0.0,243.18183470147102,654.3305459518474,0.0,281.4975656989567,654.3305459518474
0.0,126.5960781289521,619.7970804860981,0.0,234.08379010496748,654.3305459518474,0.0,282.05994067919806,654.3305459518474,0.0,294.28684146761003,654.3305459518474,0.0,255.33446180106444,654.3305459518474,0.0,286.167665388728,654.3305459518474
0.0,116.2004456980532,632.7574370445407,0.0,235.99798197589905,654.3305459518474,0.0,281.31907976130066,654.3305459518474,0.0,290.16410795379664,654.3305459518474,0.0,264.2908511865696,654.3305459518474,0.0,275.1019107809384,654.3305459518474
0.0,97.27621354651583,630.0336505910565,0.0,216.92423475325148,654.3305459518474,0.0,267.0256479989753,654.3305459518474,0.0,268.800218726292,654.3305459518474,0.0,244.90889081014652,654.3305459518474,0.0,247.6679781188279,654.3305459518474
0.0,87.72362021496834,617.7572708060248,0.0,181.60188598737432,654.3305459518474,0.0,224.55274228637202,654.3305459518474,0.0,225.5911324660615,654.3305459518474,0.0,207.36245841014883,654.3305459518474,0.0,202.58550016865343,654.3305459518474
0.0,66.22443475614887,583.9817055621737,0.0,132.62160870577333,654.3305459518474,0.0,178.91821778996962,654.3305459518474,0.0,166.3473394950347,654.3305459518474,0.0,144.65819424208755,654.3305459518474,0.0,140.40502259621445,654.3305459518474
0.0,33.65481431926963,610.9055570175894,0.0,80.18086022713788,654.3305459518474,0.0,108.62606854079029,654.3305459518474,0.0,99.47000316264715,654.3305459518474,0.0,74.60351940567712,654.3305459518474,0.0,68.23630216724942,654.3305459518474
0.0,10.370374241149964,619.2018564105094,0.0,42.533750526114524,654.3305459518474,0.0,46.370171857074546,654.3305459518474,0.0,45.25654029509342,654.3305459518474,0.0,16.913865620865167,654.3305459518474,0.0,9.945764066125026,654.3305459518474
0.0,5.179667445598181,623.345590366988,0.0,36.490466161686065,654.3305459518474,0.0,34.39531977919691,654.3305459518474,0.0,33.23134956670293,654.3305459518474,0.0,4.946873403099386,654.3305459518474,0.0,1.2803672337433705,654.3305459518474
0.0,3.259116594983125,625.9528836429745,0.0,39.86597977791859,654.3305459518474,0.0,31.07800467358909,654.3305459518474,0.0,30.263225524843307,654.3305459518474,0.0,1.9787493612397546,654.3305459518474,0.0,0.9311761699951786,654.3305459518474
0.0,2.8517270206102348,628.2342652594626,0.0,43.299691904775806,654.3305459518474,0.0,25.19995510049452,654.3305459518474,0.0,28.34267467422825,654.3305459518474,0.0,0.349191063748192,654.3305459518474,0.0,0.7565806381210826,654.3305459518474
0.0,2.9099255312349332,630.5622056844505,0.0,45.04564722351677,654.3305459518474,0.0,18.448927868029475,654.3305459518474,0.0,26.596719355487288,654.3305459518474,0.0,0.0,654.3305459518474,0.0,0.6401836168716852,654.3305459518474
0.0,3.2009180843584266,633.1229401519373,0.0,45.51123530851436,654.3305459518474,0.0,13.734848507428882,654.3305459518474,0.0,23.337602760504165,654.3305459518474,0.0,0.0,654.3305459518474,0.0,0.87297765937048,654.3305459518474
0.0,2.793528509985536,635.3577629599257,0.0,44.81285318101797,654.3305459518474,0.0,11.930694678063224,654.3305459518474,0.0,20.835066803642118,654.3305459518474,0.0,0.0,654.3305459518474,0.0,1.3385657443680692,654.3305459518474
0.0,2.15334489311385,637.0804388744168,0.0,43.939875521647494,654.3305459518474,0.0,10.88312148681865,654.3305459518474,0.0,21.30065488863971,654.3305459518474,0.0,0.0,654.3305459518474,0.0,1.6877568081162613,654.3305459518474
0.0,2.5025359568620424,639.0824676399064,0.0,43.299691904775806,654.3305459518474,0.0,9.486357231825883,654.3305459518474,0.0,20.660471271768024,654.3305459518474,0.0,0.0,654.3305459518474,0.0,2.036947871864453,654.3305459518474
0.0,3.7247046799807144,642.062231383891,0.0,42.310317224155924,654.3305459518474,0.0,8.26418850870721,654.3305459518474,0.0,19.321905527399956,654.3305459518474,0.0,0.0,654.3305459518474,0.0,2.560734467486741,654.3305459518474
0.0,6.460034679341552,647.2302591273642,0.0,42.310317224155924,654.3305459518474,0.0,7.624004891835525,654.3305459518474,0.0,17.983339783031887,654.3305459518474,0.0,0.0,654.3305459518474,0.0,3.6665061693560155,654.3305459518474
0.0,10.650327444319855,654.3305459518474,0.0,42.48491275603003,654.3305459518474,0.0,7.042019785588539,654.3305459518474,0.0,16.470178506789722,654.3305459518474,0.0,0.05819851062469866,654.3305459518474,0.0,6.343637658092154,654.3305459518474
0.0,37.92688517520819,654.3305459518474,0.0,67.16143671887237,654.3305459518474,0.0,34.48381230781077,654.3305459518474,0.0,34.81560504192187,654.3305459518474,0.0,27.997018558291924,654.3305459518474,0.0,37.13418472636961,654.3305459518474
0.0,92.75527346988466,654.3305459518474,0.0,118.18016275276612,654.3305459518474,0.0,96.44721555797469,654.3305459518474,0.0,80.10879833468795,654.3305459518474,0.0,81.99340710357055,654.3305459518474,0.0,102.84437135642145,654.3305459518474
0.0,152.24908108406228,654.3305459518474,0.0,168.18593452570445,654.3305459518474,0.0,159.15147972603597,654.3305459518474,0.0,126.71229742121645,654.3305459518474,0.0,149.88369769691354,654.3305459518474,0.0,172.05282760363866,654.3305459518474
0.0,218.2502602672376,654.3305459518474,0.0,222.71396952671725,654.3305459518474,0.0,212.53912409489033,654.3305459518474,0.0,190.81968482395405,654.3305459518474,0.0,204.6445267404251,654.3305459518474,0.0,233.63560034960702,654.3305459518474
0.0,252.96536573711882,654.3305459518474,0.0,270.85738895966523,654.3305459518474,0.0,257.6341422754468,654.3305459518474,0.0,215.2083957235146,654.3305459518474,0.0,246.3262328846181,654.3305459518474,0.0,265.80569107222516,654.3305459518474
0.0,261.7864588913091,654.3305459518474,0.0,297.44660391301073,654.3305459518474,0.0,289.0837721706613,654.3305459518474,0.0,234.5667765196022,654.3305459518474,0.0,266.96966128471917,654.3305459518474,0.0,278.40350616632253,654.3305459518474
0.0,270.8450264582683,654.3305459518474,0.0,301.849290629994,654.3305459518474,0.0,299.5187039021195,654.3305459518474,0.0,241.8400894672612,654.3305459518474,0.0,270.7368447551009,654.3305459518474,0.0,284.706343643427,654.3305459518474
0.0,288.47935290653703,654.3305459518474,0.0,292.83152324402243,654.3305459518474,0.0,289.62945973720576,654.3305459518474,0.0,231.41133898650145,654.3305459518474,0.0,264.636862760476,654.3305459518474,0.0,273.46599350376323,654.3305459518474
0.0,268.63180444511636,654.3305459518474,0.0,266.9642699985088,654.3305459518474,0.0,260.842742490932,654.3305459518474,0.0,204.0088457648385,654.3305459518474,0.0,250.20177578715231,654.3305459518474,0.0,244.73279439784403,654.3305459518474
0.0,222.90446250780008,654.3305459518474,0.0,228.4599023583387,654.3305459518474,0.0,213.4023855557505,654.3305459518474,0.0,164.85325515784305,654.3305459518474,0.0,208.25097806075797,654.3305459518474,0.0,194.48786960272344,654.3305459518474
0.0,158.57064004224722,654.3305459518474,0.0,172.31484929021633,654.3305459518474,0.0,154.8680140621737,654.3305459518474,0.0,123.73463490983156,654.3305459518474,0.0,145.87064676669593,654.3305459518474,0.0,131.00812558647561,654.3305459518474
0.0,90.1644227133938,654.3305459518474,0.0,110.86737277556283,654.3305459518474,0.0,89.53377756604738,654.3305459518474,0.0,70.3627102612009,654.3305459518474,0.0,80.91068179508167,654.3305459518474,0.0,65.1658222149507,654.3305459518474
0.0,41.62147356618479,654.3305459518474,0.0,62.208026607104436,654.3305459518474,0.0,31.712007039762323,654.3305459518474,0.0,24.96097980729728,654.3305459518474,0.0,44.17584905398803,654.3305459518474,0.0,14.659843426725619,654.3305459518474
0.0,30.6706150992162,654.3305459518474,0.0,54.18281339159446,654.3305459518474,0.0,19.26370701677526,654.3305459518474,0.0,13.211061911806597,654.3305459518474,0.0,42.42671424540532,654.3305459518474,0.0,3.899300211854811,654.3305459518474
0.0,23.337602760504165,654.3305459518474,0.0,54.124614880969766,654.3305459518474,0.0,16.237384464290926,654.3305459518474,0.0,11.81429765681383,654.3305459518474,0.0,43.00869935165231,654.3305459518474,0.0,1.74595531874096,654.3305459518474
0.0,16.93576659178731,654.3305459518474,0.0,53.600828285347475,654.3305459518474,0.0,13.385657443680692,654.3305459518474,0.0,10.533930423070458,654.3305459518474,0.0,43.06689786227701,654.3305459518474,0.0,0.6401836168716852,654.3305459518474
0.0,13.56025297555479,654.3305459518474,0.0,52.66965211535229,654.3305459518474,0.0,10.184739359322265,654.3305459518474,0.0,9.020769146828293,654.3305459518474,0.0,44.34726509602038,654.3305459518474,0.0,0.5819851062469866,654.3305459518474
0.0,10.999518508068046,654.3305459518474,0.0,51.50568190285831,654.3305459518474,0.0,7.449409359961429,654.3305459518474,0.0,7.914997444959019,654.3305459518474,0.0,46.326014457260136,654.3305459518474,0.0,0.9311761699951786,654.3305459518474
0.0,9.893746806198772,654.3305459518474,0.0,50.690902754112535,654.3305459518474,0.0,5.761652551845168,654.3305459518474,0.0,7.85679893433432,654.3305459518474,0.0,47.48998466975411,654.3305459518474,0.0,0.8147791487457813,654.3305459518474
0.0,10.301136380571663,654.3305459518474,0.0,49.93432211599145,654.3305459518474,0.0,4.3066897862277,654.3305459518474,0.0,8.555181061830703,654.3305459518474,0.0,47.839175733502294,654.3305459518474,0.0,0.698382127496384,654.3305459518474
0.0,13.152863401181898,654.3305459518474,0.0,48.944947435371574,654.3305459518474,0.0,2.444337446237344,654.3305459518474,0.0,7.740401913084923,654.3305459518474,0.0,47.08259509538122,654.3305459518474,0.0,1.2803672337433705,654.3305459518474
0.0,17.2267591449108,654.3305459518474,0.0,48.71215339287278,654.3305459518474,0.0,0.4655880849975893,654.3305459518474,0.0,8.6133795724554,654.3305459518474,0.0,46.907999563507126,654.3305459518474,0.0,3.4337121268572206,654.3305459518474
0.0,21.184257867390315,654.3305459518474,0.0,48.65395488224808,654.3305459518474,0.0,0.0,654.3305459518474,0.0,9.95194531682347,654.3305459518474,0.0,47.25719062725532,654.3305459518474,0.0,7.274813828087333,654.3305459518474
0.0,25.84013871736621,654.3305459518474,0.0,48.71215339287278,654.3305459518474,0.0,0.0,654.3305459518474,0.0,11.174114039942143,654.3305459518474,0.0,46.73340403163303,654.3305459518474,0.0,11.232312550566842,654.3305459518474
0.0,62.42695726777798,654.3305459518474,0.0,72.91204992076393,654.3305459518474,0.0,27.70602600516843,654.3305459518474,0.0,36.83533231313427,654.3305459518474,0.0,70.31201615271794,654.3305459518474,0.0,36.917110404094515,654.3305459518474
0.0,126.78586019409474,654.3305459518474,0.0,109.53984638114838,654.3305459518474,0.0,82.75784760180348,654.3305459518474,0.0,106.19480451189007,654.3305459518474,0.0,126.030780436402,654.3305459518474,0.0,110.28441997584265,654.3305459518474
0.0,164.01136148094986,654.3305459518474,0.0,151.08943578386828,654.3305459518474,0.0,141.65077089966866,654.3305459518474,0.0,174.1779125461469,654.3305459518474,0.0,179.6497179673268,654.3305459518474,0.0,176.30917873935354,654.3305459518474
0.0,188.26627702962395,654.3305459518474,0.0,200.13259194636404,654.3305459518474,0.0,184.44760948627115,654.3305459518474,0.0,225.86994024677315,654.3305459518474,0.0,229.8128646714872,654.3305459518474,0.0,223.60320009326657,654.3305459518474
0.0,221.65535698551903,654.3305459518474,0.0,237.39589165335005,654.3305459518474,0.0,224.88656908786663,654.3305459518474,0.0,258.1989067810417,654.3305459518474,0.0,244.00093876251674,654.3305459518474,0.0,254.45512516201046,654.3305459518474
0.0,170.64281220232374,654.3305459518474,0.0,222.0863261402275,654.3305459518474,0.0,250.55078912191547,654.3305459518474,0.0,268.05035252582456,654.3305459518474,0.0,246.02684728442762,654.3305459518474,0.0,268.6793190637576,654.3305459518474
0.0,149.59349510827815,654.3305459518474,0.0,193.1392322018749,654.3305459518474,0.0,259.7603726404132,654.3305459518474,0.0,246.37189116486084,654.3305459518474,0.0,269.6526185661836,654.3305459518474,0.0,279.3202857675372,654.3305459518474
0.0,185.7242640432176,654.3305459518474,0.0,180.82454980078933,654.3305459518474,0.0,247.75240251267476,654.3305459518474,0.0,199.78411179855607,654.3305459518474,0.0,282.9299165777118,654.3305459518474,0.0,267.14240047819476,654.3305459518474
0.0,201.03382955634015,654.3305459518474,0.0,162.4162443847624,654.3305459518474,0.0,223.07587854983242,654.3305459518474,0.0,170.37142977520594,654.3305459518474,0.0,254.18885761168076,654.3305459518474,0.0,243.30423524443378,654.3305459518474
0.0,220.83103936724802,654.3305459518474,0.0,125.05226737675068,654.3305459518474,0.0,184.9128421132986,654.3305459518474,0.0,133.53909922292834,654.3305459518474,0.0,198.6493692301409,654.3305459518474,0.0,220.50896283164727,654.3305459518474
0.0,169.63135882179668,654.3305459518474,0.0,92.40086884891119,646.7314148007586,0.0,134.17874965284489,654.3305459518474,0.0,97.12987796524737,651.4604239170948,0.0,143.3458543809416,654.3305459518474,0.0,162.89004778784192,654.3305459518474
0.0,113.19531320055077,654.3305459518474,0.0,67.65042665522044,654.3305459518474,0.0,84.50326973358928,654.3305459518474,0.0,49.35922917638314,654.3305459518474,0.0,91.01682255328544,654.3305459518474,0.0,92.36192500632207,654.3305459518474
0.0,65.11795213833935,654.3305459518474,0.0,56.103364242209516,654.3305459518474,0.0,45.517594288197856,654.3305459518474,0.0,9.376319190259988,654.3305459518474,0.0,47.35636704785266,654.3305459518474,0.0,31.770205550387022,654.3305459518474
0.0,56.56895232720709,654.3305459518474,0.0,55.695974667836616,654.3305459518474,0.0,40.971751479787855,654.3305459518474,0.0,1.74595531874096,654.3305459518474,0.0,35.21009892794269,654.3305459518474,0.0,18.565324889278873,654.3305459518474
0.0,55.46318062533782,654.3305459518474,0.0,55.055791050964935,654.3305459518474,0.0,41.670133607284235,654.3305459518474,0.0,0.7565806381210826,654.3305459518474,0.0,31.776386801085472,654.3305459518474,0.0,17.75054574053309,654.3305459518474
0.0,53.775423817221565,654.3305459518474,0.0,54.47380594471795,654.3305459518474,0.0,41.37914105416075,654.3305459518474,0.0,1.3385657443680692,654.3305459518474,0.0,29.15745382297403,654.3305459518474,0.0,15.073414251796954,654.3305459518474
0.0,51.272887860359525,654.3305459518474,0.0,54.06641637034505,654.3305459518474,0.0,40.50616339479026,654.3305459518474,0.0,3.3755136162325226,654.3305459518474,0.0,25.14175658986982,654.3305459518474,0.0,10.242937869946964,654.3305459518474
0.0,48.24656530787519,654.3305459518474,0.0,53.83362232784627,654.3305459518474,0.0,39.516788714170396,654.3305459518474,0.0,5.878049573094565,654.3305459518474,0.0,22.29002956925959,654.3305459518474,0.0,6.692828721840346,654.3305459518474
0.0,45.45303679788965,654.3305459518474,0.0,53.48443126409807,654.3305459518474,0.0,38.469215522925815,654.3305459518474,0.0,7.274813828087333,654.3305459518474,0.0,15.946391911167435,654.3305459518474,0.0,4.655880849975893,654.3305459518474
0.0,43.64888296852399,654.3305459518474,0.0,53.600828285347475,654.3305459518474,0.0,37.47984084230594,654.3305459518474,0.0,7.216615317462634,654.3305459518474,0.0,11.232312550566842,654.3305459518474,0.0,1.5713597868668638,654.3305459518474
0.0,42.135721692281834,654.3305459518474,0.0,54.00821785972036,654.3305459518474,0.0,37.47984084230594,654.3305459518474,0.0,7.333012338712031,654.3305459518474,0.0,6.692828721840346,654.3305459518474,0.0,0.5237865956222879,654.3305459518474
0.0,40.68075892666436,654.3305459518474,0.0,54.24101190221916,654.3305459518474,0.0,36.31587062981197,654.3305459518474,0.0,7.565806381210827,654.3305459518474,0.0,3.608307658731317,654.3305459518474,0.0,2.0951463824891516,654.3305459518474
0.0,39.1093991397975,654.3305459518474,0.0,54.59020296596734,654.3305459518474,0.0,34.97730488544389,654.3305459518474,0.0,6.576431700590949,654.3305459518474,0.0,3.084521063109029,654.3305459518474,0.0,9.195364678702388,654.3305459518474
0.0,37.829031906054134,654.3305459518474,0.0,55.055791050964935,654.3305459518474,0.0,34.33712126857221,654.3305459518474,0.0,5.587057019971072,654.3305459518474,0.0,3.7829031906054134,654.3305459518474,0.0,21.184257867390315,654.3305459518474
0.0,65.01445080544201,654.3305459518474,0.0,59.20996400522574,654.3305459518474,0.0,61.03805287289706,654.3305459518474,0.0,22.447582229466697,654.3305459518474,0.0,31.65566486753609,654.3305459518474,0.0,49.563407810306174,654.3305459518474
0.0,122.0482012531586,654.3305459518474,0.0,74.3874127768752,654.3305459518474,0.0,117.4662386340311,654.3305459518474,0.0,58.694748185655534,654.3305459518474,0.0,100.40639288986758,654.3305459518474,0.0,100.38077924214853,654.3305459518474
0.0,137.7683358304958,654.3305459518474,0.0,105.43283258755866,654.3305459518474,0.0,176.27120259023758,654.3305459518474,0.0,81.23832734587782,654.3305459518474,0.0,170.62462390819852,654.3305459518474,0.0,143.68886419399135,654.3305459518474
0.0,161.02451595800983,654.3305459518474,0.0,178.18671761261243,654.3305459518474,0.0,224.42884086298088,654.3305459518474,0.0,95.51603938797952,649.8465853398269,0.0,225.1101801188103,654.3305459518474,0.0,183.93600766306068,654.3305459518474
0.0,179.43600086387852,654.3305459518474,0.0,208.84832742925855,654.3305459518474,0.0,253.07240201782804,654.3305459518474,0.0,100.3685944697367,650.1414609156162,0.0,259.844184798757,654.3305459518474,0.0,228.5890173389551,654.3305459518474
0.0,201.7845844017329,654.3305459518474,0.0,203.82903667573908,654.3305459518474,0.0,273.2219823823258,654.3305459518474,0.0,132.3262912403499,654.3305459518474,0.0,280.06450390426147,654.3305459518474,0.0,226.87132197081976,654.3305459518474
0.0,235.02114752566112,654.3305459518474,0.0,175.64956272546124,654.3305459518474,0.0,288.9232177495976,654.3305459518474,0.0,180.73394415624406,654.3305459518474,0.0,285.8796745964612,654.3305459518474,0.0,243.4612547176857,654.3305459518474
0.0,250.35747210896096,654.3305459518474,0.0,152.71431371108974,654.3305459518474,0.0,284.2499385699846,654.3305459518474,0.0,195.41586628287686,654.3305459518474,0.0,277.4485726870067,654.3305459518474,0.0,261.0091227047241,654.3305459518474
0.0,236.47928978112034,654.3305459518474,0.0,130.02757845944075,654.3305459518474,0.0,257.34765236360835,654.3305459518474,0.0,200.09850620303007,654.3305459518474,0.0,252.97490420664408,654.3305459518474,0.0,231.1465723166001,654.3305459518474
0.0,207.58253449328063,654.3305459518474,0.0,105.27713626575002,654.3305459518474,0.0,216.5593239692796,654.3305459518474,0.0,189.87897018443357,654.3305459518474,0.0,208.74968419561634,654.3305459518474,0.0,205.4963933933616,654.3305459518474
0.0,148.50865668385785,654.3305459518474,0.0,76.9734054341109,631.3039513859583,0.0,159.2392613387096,654.3305459518474,0.0,140.79801560180692,654.3305459518474,0.0,146.04073965728497,654.3305459518474,0.0,149.7508700395002,654.3305459518474
0.0,78.63961672927512,654.3305459518474,0.0,59.235222194974696,654.3305459518474,0.0,89.31670324377228,654.3305459518474,0.0,79.39769824782456,654.3305459518474,0.0,70.73247914442796,654.3305459518474,0.0,94.29633923876236,654.3305459518474
0.0,20.844605273167375,654.3305459518474,0.0,45.860426372262545,654.3305459518474,0.0,33.53974044946354,654.3305459518474,0.0,31.262138674988435,654.3305459518474,0.0,12.056630168837877,654.3305459518474,0.0,59.61267320932855,654.3305459518474
0.0,8.904372125578895,654.3305459518474,0.0,40.273369352291475,654.3305459518474,0.0,25.84013871736621,654.3305459518474,0.0,24.210580419874642,654.3305459518474,0.0,1.4549627656174666,654.3305459518474,0.0,53.30983573222398,654.3305459518474
0.0,5.179667445598181,654.3305459518474,0.0,28.750064248601138,654.3305459518474,0.0,26.538520844862592,654.3305459518474,0.0,27.12050595110958,654.3305459518474,0.0,0.4655880849975893,654.3305459518474,0.0,53.36803424284868,654.3305459518474
0.0,2.2115434037385495,654.3305459518474,0.0,17.110362123661407,654.3305459518474,0.0,27.00410892986018,654.3305459518474,0.0,29.041056801724633,654.3305459518474,0.0,0.11639702124939733,654.3305459518474,0.0,52.727850625976984,654.3305459518474
0.0,0.349191063748192,654.3305459518474,0.0,11.406908082440939,654.3305459518474,0.0,27.70249105735656,654.3305459518474,0.0,29.623041907971622,654.3305459518474,0.0,0.05819851062469866,654.3305459518474,0.0,51.389284881608916,654.3305459518474
0.0,0.05819851062469866,654.3305459518474,0.0,9.660952763699978,654.3305459518474,0.0,27.93528509985536,654.3305459518474,0.0,28.22627765297885,654.3305459518474,0.0,0.05819851062469866,654.3305459518474,0.0,50.10891764786555,654.3305459518474
0.0,0.11639702124939733,654.3305459518474,0.0,8.147791487457813,654.3305459518474,0.0,27.70249105735656,654.3305459518474,0.0,27.353299993608367,654.3305459518474,0.0,0.174595531874096,654.3305459518474,0.0,49.23593998849507,654.3305459518474
0.0,0.698382127496384,654.3305459518474,0.0,6.751027232465045,654.3305459518474,0.0,25.898337227990908,654.3305459518474,0.0,26.072932759865,654.3305459518474,0.0,1.1639702124939733,654.3305459518474,0.0,47.664580201628205,654.3305459518474
0.0,1.74595531874096,654.3305459518474,0.0,6.285439147467455,654.3305459518474,0.0,23.453999781753563,654.3305459518474,0.0,25.25815361111922,654.3305459518474,0.0,4.539483828726496,654.3305459518474,0.0,46.326014457260136,654.3305459518474
0.0,3.3755136162325226,654.3305459518474,0.0,6.809225743089744,654.3305459518474,0.0,23.337602760504165,654.3305459518474,0.0,24.559771483622836,654.3305459518474,0.0,8.962570636203594,654.3305459518474,0.0,43.5324859472746,654.3305459518474
0.0,5.412461488096976,654.3305459518474,0.0,6.285439147467455,654.3305459518474,0.0,24.26877893049934,654.3305459518474,0.0,23.686793824252355,654.3305459518474,0.0,14.957017230547557,654.3305459518474,0.0,40.447964884165565,654.3305459518474
0.0,7.042019785588539,654.3305459518474,0.0,4.364888296852399,654.3305459518474,0.0,25.49094765361801,654.3305459518474,0.0,23.395801271128864,654.3305459518474,0.0,21.533448931138505,654.3305459518474,0.0,34.97730488544389,654.3305459518474
0.0,33.2506042347385,654.3305459518474,0.0,23.657210722203416,654.3305459518474,0.0,49.80256083248847,654.3305459518474,0.0,49.74754181170552,654.3305459518474,0.0,45.45489313628811,654.3305459518474,0.0,52.723525713677006,654.3305459518474
0.0,102.3348036005945,654.3305459518474,0.0,67.3665039977207,654.3305459518474,0.0,120.21746608260068,654.3305459518474,0.0,108.02704056287631,654.3305459518474,0.0,102.47442474420933,654.3305459518474,0.0,111.76296232179568,654.3305459518474
0.0,169.5849105770658,654.3305459518474,0.0,110.64950848879961,654.3305459518474,0.0,184.68976426931016,654.3305459518474,0.0,173.83790449395383,654.3305459518474,0.0,183.22676391459578,654.3305459518474,0.0,171.50546142768087,654.3305459518474
0.0,221.01738516501595,654.3305459518474,0.0,151.6092529251607,654.3305459518474,0.0,235.54343324085508,654.3305459518474,0.0,235.97908276583362,654.3305459518474,0.0,246.51937216858758,654.3305459518474,0.0,219.94623239343582,654.3305459518474
0.0,252.44661496973674,654.3305459518474,0.0,174.82763463254386,654.3305459518474,0.0,265.20312814649935,654.3305459518474,0.0,257.4168902241866,654.3305459518474,0.0,277.28801826594287,654.3305459518474,0.0,254.0982519671355,654.3305459518474
0.0,262.2902008544077,654.3305459518474,0.0,183.2759571426504,654.3305459518474,0.0,281.66412364173397,654.3305459518474,0.0,277.6293494695792,654.3305459518474,0.0,293.76791297124294,654.3305459518474,0.0,271.8317548360016,654.3305459518474
0.0,258.7872508669722,654.3305459518474,0.0,179.2114221394617,654.3305459518474,0.0,287.31255866217145,654.3305459518474,0.0,287.7261294872428,654.3305459518474,0.0,298.70224614396034,654.3305459518474,0.0,275.1443895713394,654.3305459518474
0.0,236.4497066790714,654.3305459518474,0.0,173.2892151665527,654.3305459518474,0.0,277.23299924515993,654.3305459518474,0.0,266.812108624512,654.3305459518474,0.0,289.5224234564966,654.3305459518474,0.0,264.26895021564746,654.3305459518474
0.0,189.88550689310216,654.3305459518474,0.0,154.39324296562097,654.3305459518474,0.0,246.99131923326865,654.3305459518474,0.0,239.74626623621535,654.3305459518474,0.0,262.1466893050109,654.3305459518474,0.0,240.20267130965777,654.3305459518474
0.0,139.1514144326484,654.3305459518474,0.0,126.06425394423292,654.3305459518474,0.0,185.0922957444279,654.3305459518474,0.0,198.15419804309442,654.3305459518474,0.0,213.97183043161556,654.3305459518474,0.0,193.59281324344576,654.3305459518474
0.0,88.97572749810605,643.3062734499534,0.0,91.65268125785714,645.9832272097045,0.0,85.03809567916518,639.3686416310126,0.0,136.6595623677698,654.3305459518474,0.0,149.73082540697652,654.3305459518474,0.0,137.29356473394307,654.3305459518474
0.0,45.89557848950687,654.3305459518474,0.0,53.02405673632575,654.3305459518474,0.0,55.408339333539935,654.3305459518474,0.0,70.33913068086537,654.3305459518474,0.0,79.88536503272934,654.3305459518474,0.0,74.45400433456693,654.3305459518474
0.0,14.87055876931721,654.3305459518474,0.0,18.478866428048526,654.3305459518474,0.0,38.993002118548105,654.3305459518474,0.0,19.66173585060795,654.3305459518474,0.0,27.844146268354912,654.3305459518474,0.0,23.712052014001305,654.3305459518474
0.0,13.85124552867828,654.3305459518474,0.0,10.592128933695157,654.3305459518474,0.0,41.90292764978304,654.3305459518474,0.0,12.978267869307802,654.3305459518474,0.0,19.321905527399956,654.3305459518474,0.0,15.306208294295748,654.3305459518474
0.0,15.71359786866864,654.3305459518474,0.0,8.205989998082512,654.3305459518474,0.0,46.84980105288243,654.3305459518474,0.0,15.073414251796954,654.3305459518474,0.0,16.353781485540324,654.3305459518474,0.0,12.803672337433706,654.3305459518474
0.0,17.575950208658995,654.3305459518474,0.0,8.205989998082512,654.3305459518474,0.0,53.30983573222398,654.3305459518474,0.0,19.089111484901164,654.3305459518474,0.0,15.364406804920447,654.3305459518474,0.0,10.708525954944554,654.3305459518474
0.0,19.67109659114815,654.3305459518474,0.0,9.95194531682347,654.3305459518474,0.0,54.18281339159446,654.3305459518474,0.0,25.31635212174392,654.3305459518474,0.0,21.30065488863971,654.3305459518474,0.0,9.311761699951786,654.3305459518474
0.0,26.072932759865,654.3305459518474,0.0,11.75609914618913,654.3305459518474,0.0,49.58513105224326,654.3305459518474,0.0,30.4960195673421,654.3305459518474,0.0,29.506644886722224,654.3305459518474,0.0,7.85679893433432,654.3305459518474
0.0,34.97730488544389,654.3305459518474,0.0,13.211061911806597,654.3305459518474,0.0,33.75513616232522,654.3305459518474,0.0,33.114952545453534,654.3305459518474,0.0,34.628113821695706,654.3305459518474,0.0,6.0526451049686605,654.3305459518474
0.0,39.74958275666919,654.3305459518474,0.0,13.676649996804183,654.3305459518474,0.0,14.084039571177078,654.3305459518474,0.0,35.326495949192086,654.3305459518474,0.0,34.97730488544389,654.3305459518474,0.0,6.110843615593359,654.3305459518474
0.0,42.07752318165713,654.3305459518474,0.0,13.443855954305391,654.3305459518474,0.0,4.073895743728906,654.3305459518474,0.0,37.53803935293064,654.3305459518474,0.0,32.41657041795716,654.3305459518474,0.0,6.92562276433914,654.3305459518474
0.0,44.638257649143874,654.3305459518474,0.0,11.697900635564432,654.3305459518474,0.0,2.793528509985536,654.3305459518474,0.0,38.76020807604931,654.3305459518474,0.0,34.39531977919691,654.3305459518474,0.0,7.9731959555837175,654.3305459518474
0.0,43.00869935165231,654.3305459518474,0.0,10.184739359322265,654.3305459518474,0.0,9.369960210576485,654.3305459518474,0.0,40.85535445853846,654.3305459518474,0.0,37.770833395429435,654.3305459518474,0.0,8.904372125578895,654.3305459518474
0.0,40.15697233104208,654.3305459518474,0.0,9.020769146828293,654.3305459518474,0.0,8.6715780830801,654.3305459518474,0.0,43.5324859472746,654.3305459518474,0.0,39.3421931822963,654.3305459518474,0.0,9.020769146828293,654.3305459518474
0.0,68.1854303297814,654.3305459518474,0.0,30.004027870137325,654.3305459518474,0.0,10.408172661280863,654.3305459518474,0.0,59.249441034770044,654.3305459518474,0.0,67.8362392660332,654.3305459518474,0.0,32.118073462691925,654.3305459518474
0.0,150.10792096336024,654.3305459518474,0.0,73.34523087184095,654.3305459518474,0.0,30.295020423260816,654.3305459518474,0.0,100.97362596936406,654.3305459518474,0.0,137.47716554838726,654.3305459518474,0.0,98.08313283514975,654.3305459518474
0.0,222.0485277200966,654.3305459518474,0.0,117.74654729517111,654.3305459518474,0.0,86.3109585107668,654.3305459518474,0.0,156.99124266628348,654.3305459518474,0.0,191.7299277165002,654.3305459518474,0.0,165.52355506371885,654.3305459518474
0.0,263.24106619895645,654.3305459518474,0.0,159.9299613350792,654.3305459518474,0.0,172.21152568630401,654.3305459518474,0.0,196.67847972901302,654.3305459518474,0.0,230.35537274818986,654.3305459518474,0.0,220.39760163863804,654.3305459518474
0.0,260.095167135381,654.3305459518474,0.0,193.27338301073155,654.3305459518474,0.0,226.00973911937302,654.3305459518474,0.0,234.37124771027914,654.3305459518474,0.0,262.89505462505,654.3305459518474,0.0,254.35612647039818,654.3305459518474
0.0,180.67353384925076,654.3305459518474,0.0,216.71033992081811,654.3305459518474,0.0,264.69974164137085,654.3305459518474,0.0,238.87311084785975,654.3305459518474,0.0,305.07696778452976,654.3305459518474,0.0,267.7137016924583,654.3305459518474
0.0,136.05664398407387,654.3305459518474,0.0,227.96005080102205,654.3305459518474,0.0,273.0694655503589,654.3305459518474,0.0,251.69903961418575,654.3305459518474,0.0,335.69609881077486,654.3305459518474,0.0,266.9256816138898,654.3305459518474
0.0,137.03029894447005,654.3305459518474,0.0,221.72795206492415,654.3305459518474,0.0,265.9015102739957,654.3305459518474,0.0,249.48431672060545,654.3305459518474,0.0,326.08848645844444,654.3305459518474,0.0,254.29642707934514,654.3305459518474
0.0,149.43461929662777,654.3305459518474,0.0,202.84301921394604,654.3305459518474,0.0,223.59684111358308,654.3305459518474,0.0,237.41814808224228,654.3305459518474,0.0,296.9589371281059,654.3305459518474,0.0,228.03750397968236,654.3305459518474
0.0,164.16219970350335,654.3305459518474,0.0,166.69335106894113,654.3305459518474,0.0,176.80452765538513,654.3305459518474,0.0,207.08683011927894,654.3305459518474,0.0,249.7231142848176,654.3305459518474,0.0,185.32862473473855,654.3305459518474
0.0,157.03672321754115,654.3305459518474,0.0,122.4870302679789,654.3305459518474,0.0,128.56511129168155,654.3305459518474,0.0,157.69130340319325,654.3305459518474,0.0,185.7620624633485,654.3305459518474,0.0,123.38244208522667,654.3305459518474
0.0,102.60150565744222,654.3305459518474,0.0,74.71170110884455,654.3305459518474,0.0,75.47313984622079,654.3305459518474,0.0,97.4313766813693,654.3305459518474,0.0,114.59057657511521,654.3305459518474,0.0,60.868493169263175,654.3305459518474
0.0,57.633923848088784,654.3305459518474,0.0,36.45434635096857,654.3305459518474,0.0,34.27742187751917,654.3305459518474,0.0,49.44365357022997,654.3305459518474,0.0,59.453797397678144,654.3305459518474,0.0,14.738442027844112,654.3305459518474
0.0,48.53755786099868,654.3305459518474,0.0,28.808262759225837,654.3305459518474,0.0,30.205027014218608,654.3305459518474,0.0,43.88167701102279,654.3305459518474,0.0,53.193438710974576,654.3305459518474,0.0,9.13716616807769,654.3305459518474
0.0,47.839175733502294,654.3305459518474,0.0,30.03043148234451,654.3305459518474,0.0,28.982858291099934,654.3305459518474,0.0,44.69645615976857,654.3305459518474,0.0,52.49505658347819,654.3305459518474,0.0,6.809225743089744,654.3305459518474
0.0,47.7227787122529,654.3305459518474,0.0,34.104327226073416,654.3305459518474,0.0,27.76068956798126,654.3305459518474,0.0,46.03502190413665,654.3305459518474,0.0,50.34171169036434,654.3305459518474,0.0,4.364888296852399,654.3305459518474
0.0,48.18836679725049,654.3305459518474,0.0,35.85028254481438,654.3305459518474,0.0,26.305726802363797,654.3305459518474,0.0,47.02439658475652,654.3305459518474,0.0,47.02439658475652,654.3305459518474,0.0,2.0951463824891516,654.3305459518474
0.0,49.41053552036916,654.3305459518474,0.0,37.07245126793305,654.3305459518474,0.0,26.48032233423789,654.3305459518474,0.0,46.907999563507126,654.3305459518474,0.0,43.5324859472746,654.3305459518474,0.0,0.8147791487457813,654.3305459518474
0.0,51.04009381786073,654.3305459518474,0.0,38.87660509729871,654.3305459518474,0.0,27.93528509985536,654.3305459518474,0.0,45.336639776640254,654.3305459518474,0.0,40.15697233104208,654.3305459518474,0.0,0.23279404249879465,654.3305459518474
0.0,52.49505658347819,654.3305459518474,0.0,35.26829743856739,654.3305459518474,0.0,29.390247865472826,654.3305459518474,0.0,43.823478500398096,654.3305459518474,0.0,37.59623786355534,654.3305459518474,0.0,0.0,654.3305459518474
0.0,53.077041689725185,654.3305459518474,0.0,32.70756297108065,654.3305459518474,0.0,28.982858291099934,654.3305459518474,0.0,41.61193509665954,654.3305459518474,0.0,34.97730488544389,654.3305459518474,0.0,0.0,654.3305459518474
0.0,53.135240200349884,654.3305459518474,0.0,30.728813609840895,654.3305459518474,0.0,26.713116376736686,654.3305459518474,0.0,41.029949990412554,654.3305459518474,0.0,31.834585311710175,654.3305459518474,0.0,2.036947871864453,654.3305459518474
0.0,52.3786595622288,654.3305459518474,0.0,29.27385084422343,654.3305459518474,0.0,23.62859531362766,654.3305459518474,0.0,38.17822296980233,654.3305459518474,0.0,28.924659780475235,654.3305459518474,0.0,9.369960210576485,654.3305459518474
0.0,51.331086370984224,654.3305459518474,0.0,27.236902972358976,654.3305459518474,0.0,20.485875739893928,654.3305459518474,0.0,35.79208403418968,654.3305459518474,0.0,26.014734249240302,654.3305459518474,0.0,20.835066803642118,654.3305459518474
0.0,77.70640649189643,654.3305459518474,0.0,48.3097996467401,654.3305459518474,0.0,43.051533600023426,654.3305459518474,0.0,53.18593430883284,654.3305459518474,0.0,48.23906090573345,654.3305459518474,0.0,55.712049846030425,654.3305459518474
0.0,126.57496712251807,654.3305459518474,0.0,96.58215633131942,654.3305459518474,0.0,113.42078056989291,654.3305459518474,0.0,114.9056818955294,654.3305459518474,0.0,108.5414664179584,654.3305459518474,0.0,133.61566375666334,654.3305459518474
0.0,163.84612668961594,654.3305459518474,0.0,148.74445248721335,654.3305459518474,0.0,173.8521233337492,654.3305459518474,0.0,179.49755659333002,654.3305459518474,0.0,164.7557573466591,654.3305459518474,0.0,208.34661953354347,654.3305459518474
0.0,203.2895303598931,654.3305459518474,0.0,194.62598986590993,654.3305459518474,0.0,222.18117764852485,654.3305459518474,0.0,231.75584967997955,654.3305459518474,0.0,217.63065446984473,654.3305459518474,0.0,264.3342976704438,654.3305459518474
0.0,251.14981709982942,654.3305459518474,0.0,227.3969649048405,654.3305459518474,0.0,250.19709541688223,654.3305459518474,0.0,265.57439791015474,654.3305459518474,0.0,269.78041039535674,654.3305459518474,0.0,298.95658569941116,654.3305459518474
0.0,287.21452766403235,654.3305459518474,0.0,244.64915996848535,654.3305459518474,0.0,276.7202519994912,654.3305459518474,0.0,280.87142319289535,654.3305459518474,0.0,297.15296505700064,654.3305459518474,0.0,316.88826368048694,654.3305459518474
0.0,306.72074492181673,654.3305459518474,0.0,244.71989870949199,654.3305459518474,0.0,288.4465903146464,654.3305459518474,0.0,280.4247343179632,654.3305459518474,0.0,303.2276888618765,654.3305459518474,0.0,318.02865431264536,654.3305459518474
0.0,303.8154997608519,654.3305459518474,0.0,234.79135524401903,654.3305459518474,0.0,281.9156391653131,654.3305459518474,0.0,267.8772578743788,654.3305459518474,0.0,291.1850998038489,654.3305459518474,0.0,301.24522682383986,654.3305459518474
0.0,278.8322635246623,654.3305459518474,0.0,214.16832693441177,654.3305459518474,0.0,251.22409078864797,654.3305459518474,0.0,241.56949700463147,654.3305459518474,0.0,261.4279070870207,654.3305459518474,0.0,269.84275608929636,654.3305459518474
0.0,236.94134291830608,654.3305459518474,0.0,174.17755708817677,654.3305459518474,0.0,201.7514663518721,654.3305459518474,0.0,188.2005741168575,654.3305459518474,0.0,215.24751729508884,654.3305459518474,0.0,223.4799109053785,654.3305459518474
0.0,177.2854800026363,654.3305459518474,0.0,122.02947977207819,654.3305459518474,0.0,148.37954170324144,654.3305459518474,0.0,128.04750594675772,654.3305459518474,0.0,153.7497021299225,654.3305459518474,0.0,165.22081224470153,654.3305459518474
0.0,107.04834977423991,654.3305459518474,0.0,64.6293176599614,654.3305459518474,0.0,79.26240201650971,654.3305459518474,0.0,90.93354358189686,654.3305459518474,0.0,82.27936382845384,654.3305459518474,0.0,102.04310013153078,654.3305459518474
0.0,50.73188066408519,654.3305459518474,0.0,18.920874932710568,654.3305459518474,0.0,24.034484007572203,654.3305459518474,0.0,46.324513576831784,654.3305459518474,0.0,26.64555712557179,654.3305459518474,0.0,51.60167883361391,654.3305459518474
0.0,41.78653062853363,654.3305459518474,0.0,16.120987443041532,654.3305459518474,0.0,13.269260422431296,654.3305459518474,0.0,39.2257961610469,654.3305459518474,0.0,18.27433233615538,654.3305459518474,0.0,48.71215339287278,654.3305459518474
0.0,38.469215522925815,654.3305459518474,0.0,23.686793824252355,654.3305459518474,0.0,10.126540848697566,654.3305459518474,0.0,35.966679566063775,654.3305459518474,0.0,17.575950208658995,654.3305459518474,0.0,54.41560743409325,654.3305459518474
0.0,35.326495949192086,654.3305459518474,0.0,29.390247865472826,654.3305459518474,0.0,6.0526451049686605,654.3305459518474,0.0,30.088629992969206,654.3305459518474,0.0,15.539002336794544,654.3305459518474,0.0,55.113989561589634,654.3305459518474
0.0,32.00918084358427,654.3305459518474,0.0,32.00918084358427,654.3305459518474,0.0,3.1427195737337277,654.3305459518474,0.0,20.485875739893928,654.3305459518474,0.0,12.338084252436117,654.3305459518474,0.0,55.113989561589634,654.3305459518474
0.0,29.390247865472826,654.3305459518474,0.0,33.98793020482402,654.3305459518474,0.0,1.3385657443680692,654.3305459518474,0.0,14.607826166799367,654.3305459518474,0.0,10.88312148681865,654.3305459518474,0.0,55.172188072214325,654.3305459518474
0.0,27.877086589230657,654.3305459518474,0.0,34.97730488544389,654.3305459518474,0.0,0.5819851062469866,654.3305459518474,0.0,13.56025297555479,654.3305459518474,0.0,10.766724465569252,654.3305459518474,0.0,54.41560743409325,654.3305459518474
0.0,29.15745382297403,654.3305459518474,0.0,36.08307658731317,654.3305459518474,0.0,0.349191063748192,654.3305459518474,0.0,14.957017230547557,654.3305459518474,0.0,12.396282763060816,654.3305459518474,0.0,54.00821785972036,654.3305459518474
0.0,30.14682850359391,654.3305459518474,0.0,35.79208403418968,654.3305459518474,0.0,0.349191063748192,654.3305459518474,0.0,17.575950208658995,654.3305459518474,0.0,12.687275316184309,654.3305459518474,0.0,54.00821785972036,654.3305459518474
0.0,30.728813609840895,654.3305459518474,0.0,33.75513616232522,654.3305459518474,0.0,0.5819851062469866,654.3305459518474,0.0,19.030912974276465,654.3305459518474,0.0,11.465106593065636,654.3305459518474,0.0,53.54262977472277,654.3305459518474
0.0,29.97223297171981,654.3305459518474,0.0,31.42719573733728,654.3305459518474,0.0,0.8147791487457813,654.3305459518474,0.0,21.358853399264408,654.3305459518474,0.0,10.824922976193951,654.3305459518474,0.0,52.66965211535229,654.3305459518474
0.0,29.09925531234933,654.3305459518474,0.0,29.041056801724633,654.3305459518474,0.0,0.9893746806198773,654.3305459518474,0.0,21.7662429736373,654.3305459518474,0.0,11.406908082440939,654.3305459518474,0.0,50.98189530723602,654.3305459518474
0.0,52.19655962821297,654.3305459518474,0.0,48.87924452260514,654.3305459518474,0.0,25.790155524823472,654.3305459518474,0.0,43.156891271319225,654.3305459518474,0.0,32.207711413764024,654.3305459518474,0.0,73.57113274770107,654.3305459518474
0.0,125.68494659148062,654.3305459518474,0.0,97.67238604195003,654.3305459518474,0.0,94.33166908499174,654.3305459518474,0.0,87.45770812260874,654.3305459518474,0.0,103.14172288922842,654.3305459518474,0.0,144.64512082475042,654.3305459518474
0.0,193.19610756105635,654.3305459518474,0.0,155.0145273724272,654.3305459518474,0.0,164.12997029856783,654.3305459518474,0.0,115.08831501650043,654.3305459518474,0.0,171.17048920372798,654.3305459518474,0.0,208.0651654499452,654.3305459518474
0.0,230.67180122004737,654.3305459518474,0.0,207.98542142636845,654.3305459518474,0.0,220.2750233666902,654.3305459518474,0.0,141.73422760004232,654.3305459518474,0.0,226.15157205935645,654.3305459518474,0.0,255.81073377804555,654.3305459518474
0.0,261.5143655482511,654.3305459518474,0.0,245.58219247687896,654.3305459518474,0.0,261.51790049606296,654.3305459518474,0.0,173.11311875425028,654.3305459518474,0.0,262.89108517072015,654.3305459518474,0.0,286.75397540727494,654.3305459518474
0.0,264.83335926327226,654.3305459518474,0.0,263.0922620437865,654.3305459518474,0.0,280.6324478996981,654.3305459518474,0.0,204.864780552542,654.3305459518474,0.0,282.79683214276554,654.3305459518474,0.0,302.9507374195633,654.3305459518474
0.0,294.482014818963,654.3305459518474,0.0,270.15786140971056,654.3305459518474,0.0,284.1039584466862,654.3305459518474,0.0,238.58733185196155,654.3305459518474,0.0,286.26834268975364,654.3305459518474,0.0,306.60002298826726,654.3305459518474
0.0,289.1685520224783,654.3305459518474,0.0,263.3924376084651,654.3305459518474,0.0,271.2072909393536,654.3305459518474,0.0,258.80447146762424,654.3305459518474,0.0,273.7051465259456,654.3305459518474,0.0,292.1712949946271,654.3305459518474
0.0,263.2399207764982,654.3305459518474,0.0,240.9085578392959,654.3305459518474,0.0,244.40568203400304,654.3305459518474,0.0,242.8891635389341,654.3305459518474,0.0,245.39823620446467,654.3305459518474,0.0,259.0432690318364,654.3305459518474
0.0,218.12282389603462,654.3305459518474,0.0,187.20952082682425,654.3305459518474,0.0,199.6802550076886,654.3305459518474,0.0,202.48146564880096,654.3305459518474,0.0,200.67280917815023,654.3305459518474,0.0,218.51767324002552,654.3305459518474
0.0,157.10631653608957,654.3305459518474,0.0,125.40817287815246,654.3305459518474,0.0,138.2138792829697,654.3305459518474,0.0,136.53062511613848,654.3305459518474,0.0,138.34917551428455,654.3305459518474,0.0,153.65220431873854,654.3305459518474
0.0,88.79759701842009,654.3305459518474,0.0,63.77824097151306,654.3305459518474,0.0,66.64286368047534,654.3305459518474,0.0,68.55855643183526,654.3305459518474,0.0,65.99482020349181,654.3305459518474,0.0,78.28256580541509,654.3305459518474
0.0,32.82245911190169,654.3305459518474,0.0,22.758797144098928,654.3305459518474,0.0,11.0562161382644,654.3305459518474,0.0,20.383697558439884,654.3305459518474,0.0,10.590628053266808,654.3305459518474,0.0,17.923640391978843,654.3305459518474
0.0,23.51219829237826,654.3305459518474,0.0,13.793047018053581,654.3305459518474,0.0,7.740401913084923,654.3305459518474,0.0,16.93576659178731,654.3305459518474,0.0,6.460034679341552,654.3305459518474,0.0,8.846173614954198,654.3305459518474
0.0,19.67109659114815,654.3305459518474,0.0,10.824922976193951,654.3305459518474,0.0,6.98382127496384,654.3305459518474,0.0,19.96208914427164,654.3305459518474,0.0,8.904372125578895,654.3305459518474,0.0,6.110843615593359,654.3305459518474
0.0,13.793047018053581,654.3305459518474,0.0,11.34870957181624,654.3305459518474,0.0,3.317315105607824,654.3305459518474,0.0,21.067860846140917,654.3305459518474,0.0,11.115915529317444,654.3305459518474,0.0,4.423086807477099,654.3305459518474
0.0,9.311761699951786,654.3305459518474,0.0,12.803672337433706,654.3305459518474,0.0,0.9311761699951786,654.3305459518474,0.0,21.067860846140917,654.3305459518474,0.0,12.279885741811418,654.3305459518474,0.0,4.539483828726496,654.3305459518474
0.0,7.042019785588539,654.3305459518474,0.0,10.417533401821059,654.3305459518474,0.0,0.174595531874096,654.3305459518474,0.0,20.77686829301742,654.3305459518474,0.0,13.443855954305391,654.3305459518474,0.0,4.423086807477099,654.3305459518474
0.0,7.100218296213236,654.3305459518474,0.0,4.772277871225291,654.3305459518474,0.0,0.11639702124939733,654.3305459518474,0.0,18.856317442402368,654.3305459518474,0.0,13.676649996804183,654.3305459518474,0.0,3.317315105607824,654.3305459518474
0.0,7.85679893433432,654.3305459518474,0.0,0.5819851062469866,654.3305459518474,0.0,0.174595531874096,654.3305459518474,0.0,16.819369570537912,654.3305459518474,0.0,13.0364663799325,654.3305459518474,0.0,2.560734467486741,654.3305459518474
0.0,7.85679893433432,654.3305459518474,0.0,0.05819851062469866,654.3305459518474,0.0,0.698382127496384,654.3305459518474,0.0,16.237384464290926,654.3305459518474,0.0,12.803672337433706,654.3305459518474,0.0,2.3279404249879465,654.3305459518474
0.0,7.274813828087333,654.3305459518474,0.0,0.05819851062469866,654.3305459518474,0.0,2.269741914363248,654.3305459518474,0.0,15.18981127304635,654.3305459518474,0.0,15.18981127304635,654.3305459518474,0.0,1.8623523399903572,654.3305459518474
0.0,6.285439147467455,654.3305459518474,0.0,0.23279404249879465,654.3305459518474,0.0,5.761652551845168,654.3305459518474,0.0,13.85124552867828,654.3305459518474,0.0,17.575950208658995,654.3305459518474,0.0,1.5131612762421651,654.3305459518474
0.0,4.539483828726496,654.3305459518474,0.0,0.349191063748192,654.3305459518474,0.0,9.835548295574075,654.3305459518474,0.0,11.581503614315034,654.3305459518474,0.0,20.25308169739513,654.3305459518474,0.0,1.0475731912445758,654.3305459518474
0.0,18.735417779867927,654.3305459518474,0.0,10.697664333976011,654.3305459518474,0.0,33.59811668907329,654.3305459518474,0.0,34.22893956540478,654.3305459518474,0.0,41.65158985518891,654.3305459518474,0.0,25.332427299937727,654.3305459518474
0.0,50.57203715896161,654.3305459518474,0.0,25.999369986986718,654.3305459518474,0.0,86.73088831552164,654.3305459518474,0.0,100.04298298632406,654.3305459518474,0.0,108.23325326418288,654.3305459518474,0.0,99.79296834317321,654.3305459518474
0.0,113.3769786280486,654.3305459518474,0.0,43.76431229630021,654.3305459518474,0.0,143.27697197833342,654.3305459518474,0.0,164.25890755019915,654.3305459518474,0.0,164.85025339698635,654.3305459518474,0.0,171.1815285536816,654.3305459518474
0.0,173.97505706366712,654.3305459518474,0.0,59.97829490924065,614.308840861088,0.0,190.1258053377427,654.3305459518474,0.0,216.90101063088605,654.3305459518474,0.0,202.6783176095673,654.3305459518474,0.0,226.36078652151969,654.3305459518474
0.0,202.61225923883075,654.3305459518474,0.0,90.25759561227775,604.5664364733658,0.0,255.44900248391542,654.3305459518474,0.0,252.55047176060418,654.3305459518474,0.0,226.50076312310463,654.3305459518474,0.0,263.84902041089265,654.3305459518474
0.0,158.94862424355625,654.3305459518474,0.0,140.08241287365848,636.6323667722926,0.0,290.95998789247693,654.3305459518474,0.0,272.0724087386123,654.3305459518474,0.0,243.21027238106169,654.3305459518474,0.0,283.3048990181641,654.3305459518474
0.0,105.42100327311692,654.3305459518474,0.0,142.36787450824545,654.3305459518474,0.0,305.4169758367228,654.3305459518474,0.0,276.94854340070503,654.3305459518474,0.0,258.99328583929366,654.3305459518474,0.0,286.0937471578796,654.3305459518474
0.0,87.72211933453998,642.0526652863874,0.0,140.12957203432958,654.3305459518474,0.0,302.7067262981259,654.3305459518474,0.0,266.7132876618848,654.3305459518474,0.0,257.2488314009811,654.3305459518474,0.0,273.1310212798104,654.3305459518474
0.0,80.89549526181312,622.9481605482006,0.0,146.35063142047392,654.3305459518474,0.0,275.5795059093627,654.3305459518474,0.0,239.62068620341077,654.3305459518474,0.0,227.82979039794742,654.3305459518474,0.0,244.37424259355566,654.3305459518474
0.0,66.73418024096085,589.6823407891615,0.0,107.58989015746944,654.3305459518474,0.0,230.3381521475378,654.3305459518474,0.0,193.78948747522705,654.3305459518474,0.0,159.4218944596806,654.3305459518474,0.0,199.19108734235547,654.3305459518474
0.0,50.05611042345117,539.7384512126126,0.0,68.20936536808706,622.5399113199345,0.0,169.53871910986786,654.3305459518474,0.0,131.7018273437019,654.3305459518474,0.0,102.18043043022915,654.3305459518474,0.0,137.1002477209886,654.3305459518474
0.0,28.73938035661765,562.7299554979068,0.0,40.306665131137336,654.3305459518474,0.0,97.50211542237594,654.3305459518474,0.0,61.22404321269487,654.3305459518474,0.0,54.983906887500055,654.3305459518474,0.0,64.27244446508641,654.3305459518474
0.0,10.02904303751362,570.7531899279177,0.0,27.461837154745922,654.3305459518474,0.0,47.51206336966131,654.3305459518474,0.0,8.619738552138905,654.3305459518474,0.0,21.012841825357967,654.3305459518474,0.0,8.212348977766013,654.3305459518474
0.0,10.068342338072869,578.8078637983759,0.0,36.024878076688466,654.3305459518474,0.0,42.25211871353123,654.3305459518474,0.0,2.560734467486741,654.3305459518474,0.0,13.96764254992768,654.3305459518474,0.0,1.8623523399903572,654.3305459518474
0.0,11.232312550566842,587.7937138388294,0.0,43.00869935165231,654.3305459518474,0.0,43.00869935165231,654.3305459518474,0.0,1.8623523399903572,654.3305459518474,0.0,11.174114039942143,654.3305459518474,0.0,0.9311761699951786,654.3305459518474
0.0,10.941319997443347,596.546769836784,0.0,45.860426372262545,654.3305459518474,0.0,43.12509637290171,654.3305459518474,0.0,1.5131612762421651,654.3305459518474,0.0,9.835548295574075,654.3305459518474,0.0,0.5237865956222879,654.3305459518474
0.0,10.650327444319855,605.06703179224,0.0,46.50060998913423,654.3305459518474,0.0,42.310317224155924,654.3305459518474,0.0,1.74595531874096,654.3305459518474,0.0,8.26418850870721,654.3305459518474,0.0,0.174595531874096,654.3305459518474
0.0,11.639702124939733,614.3787934921918,0.0,45.685830840388455,654.3305459518474,0.0,41.26274403291135,654.3305459518474,0.0,2.0951463824891516,654.3305459518474,0.0,6.51823318996625,654.3305459518474,0.0,0.05819851062469866,654.3305459518474
0.0,11.75609914618913,623.7836728091431,0.0,43.299691904775806,654.3305459518474,0.0,39.86597977791859,654.3305459518474,0.0,2.61893297811144,654.3305459518474,0.0,4.423086807477099,654.3305459518474,0.0,0.05819851062469866,654.3305459518474
0.0,10.708525954944554,632.3504935730988,0.0,35.966679566063775,654.3305459518474,0.0,38.41101701230112,654.3305459518474,0.0,3.9574987224795093,654.3305459518474,0.0,3.7829031906054134,654.3305459518474,0.0,0.11639702124939733,654.3305459518474
0.0,9.369960210576485,639.84646174156,0.0,28.982858291099934,654.3305459518474,0.0,36.141275097937864,654.3305459518474,0.0,5.9362480837192635,654.3305459518474,0.0,4.248491275603002,654.3305459518474,0.0,0.349191063748192,654.3305459518474
0.0,11.581503614315034,649.1116646330121,0.0,28.750064248601138,654.3305459518474,0.0,33.17315105607824,654.3305459518474,0.0,7.216615317462634,654.3305459518474,0.0,4.190292764978303,654.3305459518474,0.0,0.5237865956222879,654.3305459518474
0.0,15.18981127304635,654.3305459518474,0.0,30.6706150992162,654.3305459518474,0.0,31.48539424796198,654.3305459518474,0.0,7.740401913084923,654.3305459518474,0.0,5.761652551845168,654.3305459518474,0.0,0.7565806381210826,654.3305459518474
0.0,16.237384464290926,654.3305459518474,0.0,31.36899722671258,654.3305459518474,0.0,31.834585311710175,654.3305459518474,0.0,7.9731959555837175,654.3305459518474,0.0,11.115915529317444,654.3305459518474,0.0,1.1057717018692748,654.3305459518474
0.0,40.17622699907764,654.3305459518474,0.0,53.749020205014375,654.3305459518474,0.0,53.91575587677662,654.3305459518474,0.0,23.86006620468316,654.3305459518474,0.0,38.46957098089593,654.3305459518474,0.0,24.882558935163843,654.3305459518474
0.0,102.77045312557306,654.3305459518474,0.0,104.50669224580369,654.3305459518474,0.0,107.01240769250748,654.3305459518474,0.0,54.757649553669815,654.3305459518474,0.0,92.57767617715388,654.3305459518474,0.0,94.04067653186824,654.3305459518474
0.0,163.87509755616182,654.3305459518474,0.0,148.25210533203847,654.3305459518474,0.0,139.7298645910835,654.3305459518474,0.0,75.97370231947764,654.3305459518474,0.0,109.71347421954928,654.3305459518474,0.0,160.42566570908087,654.3305459518474
0.0,213.69691305668584,654.3305459518474,0.0,190.0455281272108,654.3305459518474,0.0,171.52718466961792,654.3305459518474,0.0,112.98062840362932,654.3305459518474,0.0,136.06989513039605,654.3305459518474,0.0,209.23602782907787,654.3305459518474
0.0,251.619295590609,654.3305459518474,0.0,212.74012323897165,654.3305459518474,0.0,199.1703317938916,654.3305459518474,0.0,170.673461678283,654.3305459518474,0.0,211.49941076375762,654.3305459518474,0.0,248.14778504362087,654.3305459518474
0.0,271.0169756872558,654.3305459518474,0.0,210.583598856016,654.3305459518474,0.0,237.7910964553111,654.3305459518474,0.0,180.9919963884918,654.3305459518474,0.0,225.38395207128175,654.3305459518474,0.0,274.48848623424396,654.3305459518474
0.0,273.9222208482207,654.3305459518474,0.0,201.99212025448276,654.3305459518474,0.0,275.96667312222684,654.3305459518474,0.0,152.97289913029266,654.3305459518474,0.0,171.6895954290802,654.3305459518474,0.0,280.32255613650915,654.3305459518474
0.0,262.30592057463144,654.3305459518474,0.0,195.62322440664164,654.3305459518474,0.0,249.55355458118373,654.3305459518474,0.0,108.09645615243966,654.3305459518474,0.0,157.25300757532813,654.3305459518474,0.0,265.20012638564265,654.3305459518474
0.0,237.4059633098305,654.3305459518474,0.0,188.0054007655046,654.3305459518474,0.0,216.69762196145115,654.3305459518474,0.0,90.16945854163403,644.5000044934815,0.0,161.99384600610603,654.3305459518474,0.0,239.72136350443648,654.3305459518474
0.0,186.58841414900309,654.3305459518474,0.0,161.8392951067556,654.3305459518474,0.0,171.5223265703628,654.3305459518474,0.0,70.10483575793822,614.6048402514197,0.0,131.88110324584608,654.3305459518474,0.0,198.28499163312424,654.3305459518474
0.0,132.6391847643955,654.3305459518474,0.0,122.71046356993747,654.3305459518474,0.0,142.60667207245763,654.3305459518474,0.0,45.66110583759467,560.2659460890143,0.0,90.08600184126037,644.4165477931077,0.0,134.96412342852676,654.3305459518474
0.0,64.6356766396449,654.3305459518474,0.0,76.08020541323168,654.3305459518474,0.0,96.89973022563515,654.3305459518474,0.0,19.622436550048704,575.9638953290532,0.0,46.760518559780444,654.3305459518474,0.0,62.263756543827604,654.3305459518474
0.0,13.349537632963195,654.3305459518474,0.0,38.324558551070766,654.3305459518474,0.0,44.71853485967577,654.3305459518474,0.0,7.158416806837935,581.6906287745236,0.0,15.073414251796954,654.3305459518474,0.0,8.162010327253164,654.3305459518474
0.0,5.645255530595771,654.3305459518474,0.0,35.50109148106618,654.3305459518474,0.0,38.41101701230112,654.3305459518474,0.0,3.3755136162325226,584.3910396675096,0.0,12.687275316184309,654.3305459518474,0.0,1.8041538293656585,654.3305459518474
0.0,3.49191063748192,654.3305459518474,0.0,36.83965722543426,654.3305459518474,0.0,36.95605424668366,654.3305459518474,0.0,0.8147791487457813,585.0428629865063,0.0,11.81429765681383,654.3305459518474,0.0,0.698382127496384,654.3305459518474
0.0,2.735329999360837,654.3305459518474,0.0,37.47984084230594,654.3305459518474,0.0,36.490466161686065,654.3305459518474,0.0,0.349191063748192,585.3222158375048,0.0,13.152863401181898,654.3305459518474,0.0,0.11639702124939733,654.3305459518474
0.0,3.084521063109029,654.3305459518474,0.0,36.665061693560155,654.3305459518474,0.0,37.01425275730835,654.3305459518474,0.0,1.5713597868668638,586.5793036669983,0.0,17.2849576555355,654.3305459518474,0.0,0.0,654.3305459518474
0.0,4.190292764978303,654.3305459518474,0.0,34.744510842945104,654.3305459518474,0.0,36.31587062981197,654.3305459518474,0.0,0.87297765937048,587.2776857944947,0.0,14.607826166799367,654.3305459518474,0.0,0.05819851062469866,654.3305459518474
0.0,4.597682339351194,654.3305459518474,0.0,32.998555524204136,654.3305459518474,0.0,35.55928999169088,654.3305459518474,0.0,0.0,587.2776857944947,0.0,4.3066897862277,654.3305459518474,0.0,0.05819851062469866,654.3305459518474
0.0,4.015697233104208,654.3305459518474,0.0,32.00918084358427,654.3305459518474,0.0,35.50109148106618,654.3305459518474,0.0,0.40738957437289064,587.603597453993,0.0,1.6877568081162613,654.3305459518474,0.0,0.174595531874096,654.3305459518474
0.0,3.317315105607824,654.3305459518474,0.0,31.019806162964386,654.3305459518474,0.0,36.25767211918726,654.3305459518474,0.0,7.624004891835525,593.7028013674613,0.0,0.5819851062469866,654.3305459518474,0.0,0.349191063748192,654.3305459518474
0.0,2.15334489311385,654.3305459518474,0.0,30.612416588591497,654.3305459518474,0.0,36.08307658731317,654.3305459518474,0.0,18.27433233615538,608.3222672363856,0.0,0.0,654.3305459518474,0.0,0.5819851062469866,654.3305459518474
0.0,0.698382127496384,654.3305459518474,0.0,31.36899722671258,654.3305459518474,0.0,35.67568701294028,654.3305459518474,0.0,28.284476163603546,630.9498481672684,0.0,0.0,654.3305459518474,0.0,0.698382127496384,654.3305459518474
0.0,0.11639702124939733,654.3305459518474,0.0,31.310798716087884,654.3305459518474,0.0,36.08307658731317,654.3305459518474,0.0,33.75513616232522,654.3305459518474,0.0,0.5819851062469866,654.3305459518474,0.0,0.7565806381210826,654.3305459518474
0.0,18.090553792726144,654.3305459518474,0.0,54.59841828404931,654.3305459518474,0.0,59.68526828873364,654.3305459518474,0.0,41.203044641858305,654.3305459518474,0.0,21.20333480644082,654.3305459518474,0.0,24.19203666777931,654.3305459518474
0.0,45.73838128726988,654.3305459518474,0.0,113.93652957641828,654.3305459518474,0.0,131.95148652888264,654.3305459518474,0.0,82.03535270701639,654.3305459518474,0.0,78.42890138668353,654.3305459518474,0.0,89.82830506698272,654.3305459518474
0.0,82.94348248363119,654.3305459518474,0.0,167.5019489669885,654.3305459518474,0.0,203.12297241711593,654.3305459518474,0.0,149.75422725832703,654.3305459518474,0.0,143.8746768048041,654.3305459518474,0.0,154.96436645089943,654.3305459518474
0.0,132.77783821453718,654.3305459518474,0.0,206.39330609103772,654.3305459518474,0.0,257.09578138205904,654.3305459518474,0.0,222.2077589897171,654.3305459518474,0.0,215.01454552360494,654.3305459518474,0.0,209.57735903271418,654.3305459518474
0.0,143.01777432362744,654.3305459518474,0.0,232.31407747690594,654.3305459518474,0.0,295.026023776094,654.3305459518474,0.0,266.0791075667265,654.3305459518474,0.0,247.95843748499624,654.3305459518474,0.0,235.85986171271253,654.3305459518474
0.0,132.77783821453718,654.3305459518474,0.0,243.44906994527392,654.3305459518474,0.0,315.6458725958595,654.3305459518474,0.0,272.43546318418566,654.3305459518474,0.0,255.2931284331217,654.3305459518474,0.0,254.74947493396078,654.3305459518474
0.0,188.07349320362465,654.3305459518474,0.0,251.89271208511036,654.3305459518474,0.0,320.5377269781759,654.3305459518474,0.0,273.80396748857277,654.3305459518474,0.0,250.19205958864202,654.3305459518474,0.0,273.511651784006,654.3305459518474
0.0,240.24682870947217,654.3305459518474,0.0,250.07751890579112,654.3305459518474,0.0,310.069677196857,654.3305459518474,0.0,264.1256163952357,654.3305459518474,0.0,244.53894419793437,654.3305459518474,0.0,266.11558283541416,654.3305459518474
0.0,179.8705049663988,654.3305459518474,0.0,221.70455021357364,654.3305459518474,0.0,283.71007679616844,654.3305459518474,0.0,236.91511703508397,654.3305459518474,0.0,236.0717224777624,654.3305459518474,0.0,235.29191771727588,654.3305459518474
0.0,88.08067113882838,642.4112170906758,0.0,177.75460303544577,654.3305459518474,0.0,238.22020927162112,654.3305459518474,0.0,192.5295203319775,654.3305459518474,0.0,192.89725514782103,654.3305459518474,0.0,195.52758293385617,654.3305459518474
0.0,53.735156823189136,596.146373913865,0.0,120.43454040487578,654.3305459518474,0.0,175.1824737600353,654.3305459518474,0.0,132.53232621267136,654.3305459518474,0.0,130.97482980762976,654.3305459518474,0.0,134.22008302078763,654.3305459518474
0.0,25.77275719518637,616.7645796700141,0.0,62.540352528170686,654.3305459518474,0.0,103.08767156191867,654.3305459518474,0.0,65.01480626341214,654.3305459518474,0.0,49.92849632326312,654.3305459518474,0.0,62.83470230012099,654.3305459518474
0.0,5.105749214749784,620.849179041814,0.0,25.73478104607041,654.3305459518474,0.0,47.92731280414605,654.3305459518474,0.0,13.415596003699743,654.3305459518474,0.0,19.96208914427164,654.3305459518474,0.0,7.902457214577069,654.3305459518474
0.0,3.7247046799807144,623.8289427857985,0.0,21.475250420513806,654.3305459518474,0.0,43.64888296852399,654.3305459518474,0.0,8.962570636203594,654.3305459518474,0.0,38.87660509729871,654.3305459518474,0.0,1.222168723118672,654.3305459518474
0.0,8.904372125578895,630.9524404862616,0.0,20.660471271768024,654.3305459518474,0.0,46.03502190413665,654.3305459518474,0.0,9.078967657452992,654.3305459518474,0.0,41.43733956478545,654.3305459518474,0.0,0.174595531874096,654.3305459518474
0.0,17.110362123661407,644.6407301851907,0.0,20.835066803642118,654.3305459518474,0.0,47.315389137880004,654.3305459518474,0.0,11.930694678063224,654.3305459518474,0.0,35.09370190669329,654.3305459518474,0.0,0.05819851062469866,654.3305459518474
0.0,21.7662429736373,654.3305459518474,0.0,20.25308169739513,654.3305459518474,0.0,47.7227787122529,654.3305459518474,0.0,17.92514127240719,654.3305459518474,0.0,27.353299993608367,654.3305459518474,0.0,0.23279404249879465,654.3305459518474
0.0,23.744992334877054,654.3305459518474,0.0,19.321905527399956,654.3305459518474,0.0,47.08259509538122,654.3305459518474,0.0,25.14175658986982,654.3305459518474,0.0,23.744992334877054,654.3305459518474,0.0,0.9893746806198773,654.3305459518474
0.0,25.31635212174392,654.3305459518474,0.0,17.459553187409597,654.3305459518474,0.0,46.03502190413665,654.3305459518474,0.0,32.41657041795716,654.3305459518474,0.0,21.533448931138505,654.3305459518474,0.0,2.560734467486741,654.3305459518474
0.0,23.686793824252355,654.3305459518474,0.0,16.17918595366623,654.3305459518474,0.0,45.39483828726496,654.3305459518474,0.0,36.432267651061366,654.3305459518474,0.0,22.75561765425718,654.3305459518474,0.0,4.539483828726496,654.3305459518474
0.0,20.42767722926923,654.3305459518474,0.0,16.64477403866382,654.3305459518474,0.0,44.114471053521584,654.3305459518474,0.0,38.76020807604931,654.3305459518474,0.0,28.168079142354156,654.3305459518474,0.0,6.227240636842756,654.3305459518474
0.0,20.07848616552104,654.3305459518474,0.0,17.459553187409597,654.3305459518474,0.0,42.65950828790412,654.3305459518474,0.0,41.029949990412554,654.3305459518474,0.0,28.400873184852944,654.3305459518474,0.0,8.26418850870721,654.3305459518474
0.0,26.014734249240302,654.3305459518474,0.0,18.390729357404776,654.3305459518474,0.0,42.135721692281834,654.3305459518474,0.0,43.299691904775806,654.3305459518474,0.0,25.25815361111922,654.3305459518474,0.0,10.359334891196362,654.3305459518474
0.0,34.33712126857221,654.3305459518474,0.0,18.79811893177767,654.3305459518474,0.0,41.08814850103725,654.3305459518474,0.0,43.76527998977339,654.3305459518474,0.0,22.63922063300778,654.3305459518474,0.0,11.406908082440939,654.3305459518474
0.0,57.63260069664548,654.3305459518474,0.0,35.66968349122689,654.3305459518474,0.0,59.4335750361694,654.3305459518474,0.0,65.68757474318946,654.3305459518474,0.0,46.81553758056339,654.3305459518474,0.0,32.35554787546082,654.3305459518474
0.0,100.83400482574923,654.3305459518474,0.0,67.83827333341672,654.3305459518474,0.0,128.1481832477834,654.3305459518474,0.0,133.06979846113384,654.3305459518474,0.0,116.38572512191078,654.3305459518474,0.0,104.96945629892963,654.3305459518474
0.0,152.83910377940617,654.3305459518474,0.0,73.23669371070339,654.3305459518474,0.0,192.70075864502476,654.3305459518474,0.0,200.91761026407585,654.3305459518474,0.0,192.655100364782,654.3305459518474,0.0,176.35801650943804,654.3305459518474
0.0,215.02894209238536,654.3305459518474,0.0,80.73176135090758,635.062307302755,0.0,244.00429598134357,654.3305459518474,0.0,261.06264084507876,654.3305459518474,0.0,251.42376678128596,654.3305459518474,0.0,231.25414178426448,654.3305459518474
0.0,264.66662359151,654.3305459518474,0.0,165.5186969644637,654.3305459518474,0.0,278.9553749835653,654.3305459518474,0.0,287.22556701398594,654.3305459518474,0.0,279.5450422209391,654.3305459518474,0.0,268.0675731264766,654.3305459518474
0.0,274.879800630423,654.3305459518474,0.0,231.88328605118258,654.3305459518474,0.0,300.6809955052001,654.3305459518474,0.0,282.36197258227514,654.3305459518474,0.0,290.9788871025424,654.3305459518474,0.0,288.9862743594774,654.3305459518474
0.0,283.28882383997035,654.3305459518474,0.0,224.30326083017638,654.3305459518474,0.0,308.6416512304018,654.3305459518474,0.0,276.6835990018186,654.3305459518474,0.0,310.71789840282554,654.3305459518474,0.0,295.20883462605,654.3305459518474
0.0,271.0166202292857,654.3305459518474,0.0,186.04740695272875,654.3305459518474,0.0,301.8904462689518,654.3305459518474,0.0,269.86483478920354,654.3305459518474,0.0,302.9222997399727,654.3305459518474,0.0,283.06088789672674,654.3305459518474
0.0,233.75800089256975,654.3305459518474,0.0,147.0443331777002,654.3305459518474,0.0,277.5992331805751,654.3305459518474,0.0,241.65074190863658,654.3305459518474,0.0,273.65745417831926,654.3305459518474,0.0,251.5687792111111,654.3305459518474
0.0,164.32143097312385,654.3305459518474,0.0,142.76104524282297,654.3305459518474,0.0,233.39759274988296,654.3305459518474,0.0,212.62972973943556,654.3305459518474,0.0,230.2705928963729,654.3305459518474,0.0,203.87522814293703,654.3305459518474
0.0,105.30407306491236,654.3305459518474,0.0,116.2221689399903,654.3305459518474,0.0,171.0079007152807,654.3305459518474,0.0,162.32192606342016,654.3305459518474,0.0,166.07674703240502,654.3305459518474,0.0,141.4776762482229,654.3305459518474
0.0,77.0536826446428,654.3305459518474,0.0,55.534452553299644,654.3305459518474,0.0,97.52419412228315,654.3305459518474,0.0,100.33494323292072,654.3305459518474,0.0,94.14082064593876,654.3305459518474,0.0,70.96209369708501,654.3305459518474
0.0,52.455757282918945,654.3305459518474,0.0,15.480803826169845,654.3305459518474,0.0,39.56244699441314,654.3305459518474,0.0,49.879303095208506,654.3305459518474,0.0,31.406795646843477,654.3305459518474,0.0,17.206359054417007,654.3305459518474
0.0,50.51630722223844,654.3305459518474,0.0,31.25260020546318,654.3305459518474,0.0,33.580540630451125,654.3305459518474,0.0,44.81285318101797,654.3305459518474,0.0,18.099736804281285,654.3305459518474,0.0,17.517751698034296,654.3305459518474
0.0,47.839175733502294,654.3305459518474,0.0,51.73847594535711,654.3305459518474,0.0,32.649364460455956,654.3305459518474,0.0,40.971751479787855,654.3305459518474,0.0,15.829994889918037,654.3305459518474,0.0,24.094183398625244,654.3305459518474
0.0,43.64888296852399,654.3305459518474,0.0,54.59020296596734,654.3305459518474,0.0,32.649364460455956,654.3305459518474,0.0,33.638739141075824,654.3305459518474,0.0,15.888193400542736,654.3305459518474,0.0,29.73943892922102,654.3305459518474
0.0,38.469215522925815,654.3305459518474,0.0,54.00821785972036,654.3305459518474,0.0,34.97730488544389,654.3305459518474,0.0,24.559771483622836,654.3305459518474,0.0,14.025841060552379,654.3305459518474,0.0,32.30017339670776,654.3305459518474
0.0,33.23134956670293,654.3305459518474,0.0,52.727850625976984,654.3305459518474,0.0,32.53296743920656,654.3305459518474,0.0,16.17918595366623,654.3305459518474,0.0,10.301136380571663,654.3305459518474,0.0,30.205027014218608,654.3305459518474
0.0,30.088629992969206,654.3305459518474,0.0,51.50568190285831,654.3305459518474,0.0,31.136203184213784,654.3305459518474,0.0,10.01014382744817,654.3305459518474,0.0,8.380585529956607,654.3305459518474,0.0,26.829513397986084,654.3305459518474
0.0,29.041056801724633,654.3305459518474,0.0,49.29413849911976,654.3305459518474,0.0,29.623041907971622,654.3305459518474,0.0,5.528858509346373,654.3305459518474,0.0,5.878049573094565,654.3305459518474,0.0,24.501572972998137,654.3305459518474
0.0,29.44844637609752,654.3305459518474,0.0,47.7809772228776,654.3305459518474,0.0,30.6706150992162,654.3305459518474,0.0,2.61893297811144,654.3305459518474,0.0,3.6665061693560155,654.3305459518474,0.0,24.152381909249943,654.3305459518474
0.0,30.96160765233969,654.3305459518474,0.0,49.06134445662097,654.3305459518474,0.0,30.5542180779668,654.3305459518474,0.0,0.698382127496384,654.3305459518474,0.0,1.74595531874096,654.3305459518474,0.0,23.62859531362766,654.3305459518474
0.0,31.834585311710175,654.3305459518474,0.0,51.971269987855905,654.3305459518474,0.0,26.538520844862592,654.3305459518474,0.0,0.0,654.3305459518474,0.0,0.4655880849975893,654.3305459518474,0.0,22.348228079884287,654.3305459518474
0.0,30.787012120465597,654.3305459518474,0.0,54.124614880969766,654.3305459518474,0.0,20.835066803642118,654.3305459518474,0.0,0.0,654.3305459518474,0.0,0.11639702124939733,654.3305459518474,0.0,19.61289808052345,654.3305459518474
0.0,49.29917432735998,654.3305459518474,0.0,77.48297318993784,654.3305459518474,0.0,36.460883059637126,654.3305459518474,0.0,22.86919064363494,654.3305459518474,0.0,22.586057950623296,654.3305459518474,0.0,38.41605284054133,654.3305459518474
0.0,105.47566683592977,654.3305459518474,0.0,118.00856898174871,654.3305459518474,0.0,104.82630020750294,654.3305459518474,0.0,98.93571040402641,654.3305459518474,0.0,90.45276896363073,654.3305459518474,0.0,107.19353993305015,654.3305459518474
0.0,162.95142578830837,654.3305459518474,0.0,136.39011532759835,654.3305459518474,0.0,174.98951220505091,654.3305459518474,0.0,171.30578543504288,654.3305459518474,0.0,157.75321459061485,654.3305459518474,0.0,174.96593262471538,654.3305459518474
0.0,188.30275229831153,654.3305459518474,0.0,174.96054133850504,654.3305459518474,0.0,227.01501124920165,654.3305459518474,0.0,226.9427716277667,654.3305459518474,0.0,214.01466467998665,654.3305459518474,0.0,229.39964930438595,654.3305459518474
0.0,240.36755064302153,654.3305459518474,0.0,154.00722117521502,654.3305459518474,0.0,261.98966983175893,654.3305459518474,0.0,264.88087388191354,654.3305459518474,0.0,256.3397339308931,654.3305459518474,0.0,262.7022707990507,654.3305459518474
0.0,268.5784640337468,654.3305459518474,0.0,140.0394008963023,654.3305459518474,0.0,283.7310100736175,654.3305459518474,0.0,283.76262724304985,654.3305459518474,0.0,274.7716189272556,654.3305459518474,0.0,281.92535536382337,654.3305459518474
0.0,241.7847149885081,654.3305459518474,0.0,139.7091090426196,654.3305459518474,0.0,290.5937539570618,654.3305459518474,0.0,285.6942174436185,654.3305459518474,0.0,274.0889565199829,654.3305459518474,0.0,284.09759946700274,654.3305459518474
0.0,255.4112040637845,654.3305459518474,0.0,134.825114520415,654.3305459518474,0.0,280.12570417574284,654.3305459518474,0.0,272.04096929816484,654.3305459518474,0.0,258.50411817396053,654.3305459518474,0.0,268.93587041557697,654.3305459518474
0.0,248.61601943150504,654.3305459518474,0.0,129.70832595571162,654.3305459518474,0.0,251.41140427988907,654.3305459518474,0.0,240.696697074246,654.3305459518474,0.0,233.50198272770558,654.3305459518474,0.0,240.36154712130818,654.3305459518474
0.0,216.4537885689987,654.3305459518474,0.0,129.42051289242988,654.3305459518474,0.0,205.34741150920658,654.3305459518474,0.0,192.64291559237017,654.3305459518474,0.0,192.2402063882674,654.3305459518474,0.0,195.77927618642042,654.3305459518474
0.0,161.08103585922112,654.3305459518474,0.0,128.3729397011853,654.3305459518474,0.0,144.4048223801099,654.3305459518474,0.0,129.76087640259306,654.3305459518474,0.0,130.82416931406132,654.3305459518474,0.0,130.16976685739425,654.3305459518474
0.0,92.7062579708151,654.3305459518474,0.0,92.61812090017133,654.3305459518474,0.0,75.63051477744284,654.3305459518474,0.0,58.089183499072995,654.3305459518474,0.0,60.2928670426997,654.3305459518474,0.0,60.11509202098385,654.3305459518474
0.0,40.36936628304708,654.3305459518474,0.0,45.067725923423964,654.3305459518474,0.0,22.34354770961419,654.3305459518474,0.0,5.341722747090328,654.3305459518474,0.0,7.02947955520659,654.3305459518474,0.0,9.939405086441521,654.3305459518474
0.0,31.659989779836074,654.3305459518474,0.0,40.15697233104208,654.3305459518474,0.0,16.17918595366623,654.3305459518474,0.0,1.1639702124939733,654.3305459518474,0.0,2.269741914363248,654.3305459518474,0.0,9.195364678702388,654.3305459518474
0.0,24.734367015496932,654.3305459518474,0.0,39.400391692921,654.3305459518474,0.0,14.957017230547557,654.3305459518474,0.0,0.7565806381210826,654.3305459518474,0.0,0.6401836168716852,654.3305459518474,0.0,12.978267869307802,654.3305459518474
0.0,17.75054574053309,654.3305459518474,0.0,39.1093991397975,654.3305459518474,0.0,14.549627656174666,654.3305459518474,0.0,0.5819851062469866,654.3305459518474,0.0,0.05819851062469866,654.3305459518474,0.0,17.168560634286106,654.3305459518474
0.0,12.454481273685513,654.3305459518474,0.0,39.05120062917281,654.3305459518474,0.0,14.72422318804876,654.3305459518474,0.0,0.4655880849975893,654.3305459518474,0.0,0.0,654.3305459518474,0.0,21.7080444630126,654.3305459518474
0.0,10.01014382744817,654.3305459518474,0.0,38.70200956542461,654.3305459518474,0.0,15.422605315545146,654.3305459518474,0.0,0.40738957437289064,654.3305459518474,0.0,0.0,654.3305459518474,0.0,25.31635212174392,654.3305459518474
0.0,8.555181061830703,654.3305459518474,0.0,36.78145871480955,654.3305459518474,0.0,16.411979996165023,654.3305459518474,0.0,0.2909925531234933,654.3305459518474,0.0,0.0,654.3305459518474,0.0,27.00410892986018,654.3305459518474
0.0,8.438784040581305,654.3305459518474,0.0,32.940357013579444,654.3305459518474,0.0,19.147309995525863,654.3305459518474,0.0,0.349191063748192,654.3305459518474,0.0,0.0,654.3305459518474,0.0,27.993483610480055,654.3305459518474
0.0,9.13716616807769,654.3305459518474,0.0,29.681240418596317,654.3305459518474,0.0,21.009662335516218,654.3305459518474,0.0,0.4655880849975893,654.3305459518474,0.0,0.349191063748192,654.3305459518474,0.0,29.85583595047041,654.3305459518474
0.0,9.95194531682347,654.3305459518474,0.0,27.12050595110958,654.3305459518474,0.0,21.7662429736373,654.3305459518474,0.0,0.6401836168716852,654.3305459518474,0.0,1.5713597868668638,654.3305459518474,0.0,32.53296743920656,654.3305459518474
0.0,11.115915529317444,654.3305459518474,0.0,24.559771483622836,654.3305459518474,0.0,20.835066803642118,654.3305459518474,0.0,1.1639702124939733,654.3305459518474,0.0,2.560734467486741,654.3305459518474,0.0,35.50109148106618,654.3305459518474
0.0,12.047091699312622,654.3305459518474,0.0,22.75561765425718,654.3305459518474,0.0,18.216133825530683,654.3305459518474,0.0,2.0951463824891516,654.3305459518474,0.0,2.0951463824891516,654.3305459518474,0.0,36.83965722543426,654.3305459518474
0.0,34.15970170482648,654.3305459518474,0.0,43.889892329104754,654.3305459518474,0.0,34.249339655898574,654.3305459518474,0.0,24.173137457713857,654.3305459518474,0.0,22.950968734595186,654.3305459518474,0.0,53.25031407015598,654.3305459518474
0.0,96.34803913737734,654.3305459518474,0.0,104.01452281961386,654.3305459518474,0.0,97.62690549069235,654.3305459518474,0.0,88.8357508965211,654.3305459518474,0.0,96.03832510317345,654.3305459518474,0.0,96.39802232992005,654.3305459518474
0.0,163.65316513463156,654.3305459518474,0.0,167.30863195403398,654.3305459518474,0.0,153.98435251081975,654.3305459518474,0.0,152.5640086754914,654.3305459518474,0.0,166.35255305225996,654.3305459518474,0.0,152.3873790762338,654.3305459518474
0.0,224.02630938786314,654.3305459518474,0.0,195.6045029255613,654.3305459518474,0.0,202.37160533622009,654.3305459518474,0.0,203.67873164014077,654.3305459518474,0.0,221.19833967657354,654.3305459518474,0.0,190.751770114819,654.3305459518474
0.0,264.92785531359954,654.3305459518474,0.0,228.07812643168486,654.3305459518474,0.0,231.60501145742606,654.3305459518474,0.0,247.19921054398856,654.3305459518474,0.0,258.2367052011726,654.3305459518474,0.0,219.08226001663547,654.3305459518474
0.0,289.59651941633007,654.3305459518474,0.0,173.52015287065305,654.3305459518474,0.0,249.57130836879094,654.3305459518474,0.0,273.43923443358597,654.3305459518474,0.0,278.03391501208046,654.3305459518474,0.0,270.8639256683337,654.3305459518474
0.0,296.53954051030627,654.3305459518474,0.0,197.35981898484238,654.3305459518474,0.0,242.4112129525396,654.3305459518474,0.0,271.3865668414978,654.3305459518474,0.0,280.8809616624206,654.3305459518474,0.0,295.6882860928729,654.3305459518474
0.0,282.4222051602834,654.3305459518474,0.0,213.43064550635614,654.3305459518474,0.0,218.77908269110006,654.3305459518474,0.0,232.1256185632066,654.3305459518474,0.0,268.2752867082115,654.3305459518474,0.0,282.30713129047723,654.3305459518474
0.0,254.94729458820035,654.3305459518474,0.0,259.2083260941853,654.3305459518474,0.0,191.37658946943714,654.3305459518474,0.0,159.83246352389526,654.3305459518474,0.0,240.69819795467438,654.3305459518474,0.0,249.36156071967255,654.3305459518474
0.0,215.9756602536192,654.3305459518474,0.0,220.25409008924123,654.3305459518474,0.0,134.13044506971553,654.3305459518474,0.0,112.79145857398976,654.3305459518474,0.0,198.22361363265776,654.3305459518474,0.0,200.98216775438402,654.3305459518474
0.0,159.70785118456388,654.3305459518474,0.0,158.38818465026128,654.3305459518474,0.0,78.91974766143007,633.2502936132774,0.0,86.87068718812154,641.201233139969,0.0,139.74108167002214,654.3305459518474,0.0,138.9023674829707,654.3305459518474
0.0,93.65315386103397,654.3305459518474,0.0,89.38894286520727,654.3305459518474,0.0,30.67097055718631,654.3305459518474,0.0,50.235030867625255,654.3305459518474,0.0,68.08828797656757,654.3305459518474,0.0,80.77856505360856,654.3305459518474
0.0,42.82942344950811,654.3305459518474,0.0,39.86915926776034,654.3305459518474,0.0,4.132094254353605,654.3305459518474,0.0,25.956535738615603,654.3305459518474,0.0,10.52925005280036,654.3305459518474,0.0,37.59941735339709,654.3305459518474
0.0,38.294619991051725,654.3305459518474,0.0,40.73895743728906,654.3305459518474,0.0,2.61893297811144,654.3305459518474,0.0,21.475250420513806,654.3305459518474,0.0,2.3861389356126455,654.3305459518474,0.0,33.580540630451125,654.3305459518474
0.0,37.130649778557746,654.3305459518474,0.0,43.64888296852399,654.3305459518474,0.0,1.2803672337433705,654.3305459518474,0.0,19.61289808052345,654.3305459518474,0.0,0.87297765937048,654.3305459518474,0.0,33.92973169419932,654.3305459518474
0.0,35.09370190669329,654.3305459518474,0.0,45.27844126601556,654.3305459518474,0.0,0.6401836168716852,654.3305459518474,0.0,18.856317442402368,654.3305459518474,0.0,1.1639702124939733,654.3305459518474,0.0,34.569915311071,654.3305459518474
0.0,33.580540630451125,654.3305459518474,0.0,44.98744871289207,654.3305459518474,0.0,0.174595531874096,654.3305459518474,0.0,19.496501059274053,654.3305459518474,0.0,1.74595531874096,654.3305459518474,0.0,35.09370190669329,654.3305459518474
0.0,30.787012120465597,654.3305459518474,0.0,43.64888296852399,654.3305459518474,0.0,0.05819851062469866,654.3305459518474,0.0,22.581022122383082,654.3305459518474,0.0,1.6877568081162613,654.3305459518474,0.0,34.33712126857221,654.3305459518474
0.0,28.866461269850536,654.3305459518474,0.0,41.495538075410145,654.3305459518474,0.0,0.05819851062469866,654.3305459518474,0.0,28.982858291099934,654.3305459518474,0.0,1.3385657443680692,654.3305459518474,0.0,30.5542180779668,654.3305459518474
0.0,27.877086589230657,654.3305459518474,0.0,37.53803935293064,654.3305459518474,0.0,0.349191063748192,654.3305459518474,0.0,35.61748850231558,654.3305459518474,0.0,3.3755136162325226,654.3305459518474,0.0,27.12050595110958,654.3305459518474
0.0,28.808262759225837,654.3305459518474,0.0,33.28954807732764,654.3305459518474,0.0,1.2803672337433705,654.3305459518474,0.0,38.76020807604931,654.3305459518474,0.0,10.184739359322265,654.3305459518474,0.0,23.163007228630068,654.3305459518474
0.0,27.877086589230657,654.3305459518474,0.0,30.728813609840895,654.3305459518474,0.0,1.6877568081162613,654.3305459518474,0.0,38.76020807604931,654.3305459518474,0.0,15.71359786866864,654.3305459518474,0.0,19.90389063364694,654.3305459518474
0.0,25.72374169611681,654.3305459518474,0.0,28.63366722735174,654.3305459518474,0.0,1.4549627656174666,654.3305459518474,0.0,37.59623786355534,654.3305459518474,0.0,23.686793824252355,654.3305459518474,0.0,18.914515953027067,654.3305459518474
0.0,24.152381909249943,654.3305459518474,0.0,27.12050595110958,654.3305459518474,0.0,1.1057717018692748,654.3305459518474,0.0,35.966679566063775,654.3305459518474,0.0,27.236902972358976,654.3305459518474,0.0,17.983339783031887,654.3305459518474
0.0,42.56386681511863,654.3305459518474,0.0,45.616948437780266,654.3305459518474,0.0,21.186114205788773,654.3305459518474,0.0,57.314849073344696,654.3305459518474,0.0,48.62437178019914,654.3305459518474,0.0,29.27720806305023,654.3305459518474
0.0,105.88155552987432,654.3305459518474,0.0,112.32754909840558,654.3305459518474,0.0,58.23233959049969,654.3305459518474,0.0,132.5287912648595,654.3305459518474,0.0,114.33137892040922,654.3305459518474,0.0,73.42700896280121,654.3305459518474
0.0,174.05497881622892,654.3305459518474,0.0,174.63228355220582,654.3305459518474,0.0,95.17002781407307,654.3305459518474,0.0,201.89612332372715,654.3305459518474,0.0,189.3203869295371,654.3305459518474,0.0,131.1733603778095,654.3305459518474
0.0,228.50123572628146,654.3305459518474,0.0,230.57916150811857,654.3305459518474,0.0,146.83529644452202,654.3305459518474,0.0,255.69751624663792,654.3305459518474,0.0,243.1500398030535,654.3305459518474,0.0,180.6852841151446,654.3305459518474
0.0,263.25881998656365,654.3305459518474,0.0,268.6100812031793,654.3305459518474,0.0,195.1297318290085,654.3305459518474,0.0,289.4374658756946,654.3305459518474,0.0,276.6807749699469,654.3305459518474,0.0,229.45634693458234,654.3305459518474
0.0,286.00375374883737,654.3305459518474,0.0,290.78874957942963,654.3305459518474,0.0,242.97429884872113,654.3305459518474,0.0,305.80414304958697,654.3305459518474,0.0,292.74859973060404,654.3305459518474,0.0,263.6712453891768,654.3305459518474
0.0,302.9696366296288,654.3305459518474,0.0,290.35460093487944,654.3305459518474,0.0,266.5386921300107,654.3305459518474,0.0,305.9079998404544,654.3305459518474,0.0,295.7152228920353,654.3305459518474,0.0,266.01172604454666,654.3305459518474
0.0,292.9168362827945,654.3305459518474,0.0,260.9654984918649,654.3305459518474,0.0,257.1810944208311,654.3305459518474,0.0,292.49540559761135,654.3305459518474,0.0,252.5532957924758,654.3305459518474,0.0,253.53966871223898,654.3305459518474
0.0,266.66259355340185,654.3305459518474,0.0,181.9009161295947,654.3305459518474,0.0,225.12890159989067,654.3305459518474,0.0,266.9049260654259,654.3305459518474,0.0,248.9747489647785,654.3305459518474,0.0,230.83871462079466,654.3305459518474
0.0,221.336282210775,654.3305459518474,0.0,157.70101960170354,654.3305459518474,0.0,176.33576008054578,654.3305459518474,0.0,225.54397330539035,654.3305459518474,0.0,173.78270774418584,654.3305459518474,0.0,189.92612934510467,654.3305459518474
0.0,160.6846856348018,654.3305459518474,0.0,138.639990338423,654.3305459518474,0.0,115.59134606365879,654.3305459518474,0.0,166.85222688059153,654.3305459518474,0.0,114.74177025563881,654.3305459518474,0.0,134.3048628726046,654.3305459518474
0.0,90.37831754582716,654.3305459518474,0.0,68.03008946594286,654.3305459518474,0.0,61.22218687429641,654.3305459518474,0.0,95.45262732012954,654.3305459518474,0.0,69.29906189176252,654.3305459518474,0.0,70.05281849801196,654.3305459518474
0.0,36.66038132329006,654.3305459518474,0.0,14.544947285904568,654.3305459518474,0.0,21.218876797679464,654.3305459518474,0.0,40.567541395256725,654.3305459518474,0.0,44.50614090767078,654.3305459518474,0.0,20.78004778285917,654.3305459518474
0.0,30.321424035468006,654.3305459518474,0.0,8.904372125578895,654.3305459518474,0.0,16.353781485540324,654.3305459518474,0.0,33.40594509857703,654.3305459518474,0.0,42.775905309153515,654.3305459518474,0.0,16.295582974915625,654.3305459518474
0.0,27.70249105735656,654.3305459518474,0.0,5.005071913724085,654.3305459518474,0.0,15.829994889918037,654.3305459518474,0.0,25.432749142993313,654.3305459518474,0.0,44.40546360664508,654.3305459518474,0.0,16.062788932416833,654.3305459518474
0.0,21.882639994886695,654.3305459518474,0.0,1.8041538293656585,654.3305459518474,0.0,17.459553187409597,654.3305459518474,0.0,18.099736804281285,654.3305459518474,0.0,46.907999563507126,654.3305459518474,0.0,14.607826166799367,654.3305459518474
0.0,15.073414251796954,654.3305459518474,0.0,0.4655880849975893,654.3305459518474,0.0,19.438302548649354,654.3305459518474,0.0,12.396282763060816,654.3305459518474,0.0,47.95557275475169,654.3305459518474,0.0,12.454481273685513,654.3305459518474
0.0,10.824922976193951,654.3305459518474,0.0,0.2909925531234933,654.3305459518474,0.0,21.824441484261996,654.3305459518474,0.0,9.020769146828293,654.3305459518474,0.0,48.421160839749284,654.3305459518474,0.0,10.47573191244576,654.3305459518474
0.0,10.126540848697566,654.3305459518474,0.0,0.8147791487457813,654.3305459518474,0.0,23.977786377375846,654.3305459518474,0.0,6.809225743089744,654.3305459518474,0.0,48.0137712653764,654.3305459518474,0.0,7.682203402460224,654.3305459518474
0.0,9.660952763699978,654.3305459518474,0.0,2.0951463824891516,654.3305459518474,0.0,22.23183105863489,654.3305459518474,0.0,5.528858509346373,654.3305459518474,0.0,45.91862488288725,654.3305459518474,0.0,6.867424253714441,654.3305459518474
0.0,8.962570636203594,654.3305459518474,0.0,3.550109148106618,654.3305459518474,0.0,18.914515953027067,654.3305459518474,0.0,4.423086807477099,654.3305459518474,0.0,43.12509637290171,654.3305459518474,0.0,6.401836168716853,654.3305459518474
0.0,8.496982551206004,654.3305459518474,0.0,5.179667445598181,654.3305459518474,0.0,17.75054574053309,654.3305459518474,0.0,2.6771314887361384,654.3305459518474,0.0,42.193920202906526,654.3305459518474,0.0,6.460034679341552,654.3305459518474
0.0,8.147791487457813,654.3305459518474,0.0,7.216615317462634,654.3305459518474,0.0,17.75054574053309,654.3305459518474,0.0,0.7565806381210826,654.3305459518474,0.0,42.717706798528816,654.3305459518474,0.0,8.26418850870721,654.3305459518474
0.0,6.401836168716853,654.3305459518474,0.0,9.719151274324677,654.3305459518474,0.0,19.380104038024655,654.3305459518474,0.0,0.11639702124939733,654.3305459518474,0.0,43.76527998977339,654.3305459518474,0.0,12.803672337433706,654.3305459518474
0.0,22.67251641185364,654.3305459518474,0.0,34.99020057379596,654.3305459518474,0.0,42.40499100346824,654.3305459518474,0.0,21.337130157327323,654.3305459518474,0.0,65.60261716238746,654.3305459518474,0.0,38.28075660922648,654.3305459518474
0.0,79.18565975378968,654.3305459518474,0.0,103.99730221896182,654.3305459518474,0.0,106.1882678032215,654.3305459518474,0.0,96.89558304232021,654.3305459518474,0.0,138.0512907945224,654.3305459518474,0.0,99.1698275979685,654.3305459518474
0.0,138.0613624510028,654.3305459518474,0.0,174.56004393077083,654.3305459518474,0.0,160.99157563713408,654.3305459518474,0.0,170.42176842571877,654.3305459518474,0.0,207.57431917519867,654.3305459518474,0.0,178.37738832268033,654.3305459518474
0.0,191.02589752526058,654.3305459518474,0.0,229.80853975918717,654.3305459518474,0.0,213.7468962492286,654.3305459518474,0.0,228.21209951155643,654.3305459518474,0.0,262.63718012178737,654.3305459518474,0.0,234.7348353428077,654.3305459518474
0.0,233.533422168153,654.3305459518474,0.0,266.7336877523786,654.3305459518474,0.0,250.27401540858736,654.3305459518474,0.0,267.81119950364223,654.3305459518474,0.0,304.41956356700604,654.3305459518474,0.0,251.2839679086861,654.3305459518474
0.0,260.42148953473384,654.3305459518474,0.0,282.96974906522627,654.3305459518474,0.0,254.58070519481504,654.3305459518474,0.0,287.39601536254503,654.3305459518474,0.0,330.67530717682706,654.3305459518474,0.0,246.05078232273326,654.3305459518474
0.0,273.2064403910872,654.3305459518474,0.0,282.04643275534295,654.3305459518474,0.0,272.43210596535886,654.3305459518474,0.0,289.20484956218087,654.3305459518474,0.0,334.85305971142344,654.3305459518474,0.0,230.86547369097195,654.3305459518474
0.0,270.5229499226675,654.3305459518474,0.0,264.36326853698966,654.3305459518474,0.0,294.67047373266234,654.3305459518474,0.0,276.868088461188,654.3305459518474,0.0,322.29772340772723,654.3305459518474,0.0,232.50289184857536,654.3305459518474
0.0,247.67733885936812,654.3305459518474,0.0,239.76852266510758,654.3305459518474,0.0,274.4830949480336,654.3305459518474,0.0,259.3374410748017,654.3305459518474,0.0,291.7446507522186,654.3305459518474,0.0,228.439857725815,654.3305459518474
0.0,199.8831104901684,654.3305459518474,0.0,198.75526008839194,654.3305459518474,0.0,229.63023155051619,654.3305459518474,0.0,211.29619982330777,654.3305459518474,0.0,242.18556785421245,654.3305459518474,0.0,192.63302166487483,654.3305459518474
0.0,134.72346952591613,654.3305459518474,0.0,138.28611890440467,654.3305459518474,0.0,171.93421878602072,654.3305459518474,0.0,150.2529333931854,654.3305459518474,0.0,178.18989710245418,654.3305459518474,0.0,144.81203422549774,654.3305459518474
0.0,60.73169605751999,654.3305459518474,0.0,69.09338237741113,654.3305459518474,0.0,103.6333591284631,654.3305459518474,0.0,78.75583602153948,654.3305459518474,0.0,105.31961505615101,654.3305459518474,0.0,84.88557884719827,654.3305459518474
0.0,6.238279986796357,654.3305459518474,0.0,19.100150834854762,654.3305459518474,0.0,56.47145451602316,654.3305459518474,0.0,30.86410984115574,654.3305459518474,0.0,53.19661820081633,654.3305459518474,0.0,41.85576848911194,654.3305459518474
0.0,3.1427195737337277,654.3305459518474,0.0,17.401354676784898,654.3305459518474,0.0,53.89182083847097,654.3305459518474,0.0,26.771314887361385,654.3305459518474,0.0,50.39991020098904,654.3305459518474,0.0,34.04612871544872,654.3305459518474
0.0,3.4337121268572206,654.3305459518474,0.0,17.75054574053309,654.3305459518474,0.0,52.84424764722639,654.3305459518474,0.0,25.25815361111922,654.3305459518474,0.0,51.389284881608916,654.3305459518474,0.0,23.279404249879466,654.3305459518474
0.0,3.899300211854811,654.3305459518474,0.0,17.168560634286106,654.3305459518474,0.0,51.62207892410771,654.3305459518474,0.0,21.358853399264408,654.3305459518474,0.0,51.389284881608916,654.3305459518474,0.0,14.258635103051171,654.3305459518474
0.0,4.3066897862277,654.3305459518474,0.0,15.597200847419243,654.3305459518474,0.0,50.22531466911495,654.3305459518474,0.0,19.72929510177285,654.3305459518474,0.0,51.04009381786073,654.3305459518474,0.0,20.07848616552104,654.3305459518474
0.0,4.248491275603002,654.3305459518474,0.0,13.211061911806597,654.3305459518474,0.0,49.17774147787037,654.3305459518474,0.0,19.96208914427164,654.3305459518474,0.0,50.80729977536193,654.3305459518474,0.0,34.8609078641945,654.3305459518474
0.0,4.132094254353605,654.3305459518474,0.0,11.115915529317444,654.3305459518474,0.0,48.65395488224808,654.3305459518474,0.0,19.61289808052345,654.3305459518474,0.0,50.690902754112535,654.3305459518474,0.0,39.516788714170396,654.3305459518474
0.0,4.830476381849989,654.3305459518474,0.0,9.195364678702388,654.3305459518474,0.0,48.53755786099868,654.3305459518474,0.0,20.02028765489634,654.3305459518474,0.0,48.944947435371574,654.3305459518474,0.0,38.87660509729871,654.3305459518474
0.0,5.528858509346373,654.3305459518474,0.0,6.634630211215648,654.3305459518474,0.0,46.326014457260136,654.3305459518474,0.0,21.067860846140917,654.3305459518474,0.0,46.03502190413665,654.3305459518474,0.0,39.1093991397975,654.3305459518474
0.0,5.412461488096976,654.3305459518474,0.0,4.423086807477099,654.3305459518474,0.0,44.23086807477098,654.3305459518474,0.0,22.17363254801019,654.3305459518474,0.0,44.34726509602038,654.3305459518474,0.0,43.06689786227701,654.3305459518474
0.0,4.423086807477099,654.3305459518474,0.0,2.8517270206102348,654.3305459518474,0.0,41.14634701166195,654.3305459518474,0.0,21.940838505511394,654.3305459518474,0.0,42.775905309153515,654.3305459518474,0.0,46.03502190413665,654.3305459518474
0.0,2.9099255312349332,654.3305459518474,0.0,1.8623523399903572,654.3305459518474,0.0,38.469215522925815,654.3305459518474,0.0,21.184257867390315,654.3305459518474,0.0,39.80778126729388,654.3305459518474,0.0,47.19899211663062,654.3305459518474
0.0,22.334364698059048,654.3305459518474,0.0,22.501100369821295,654.3305459518474,0.0,56.48117071453346,654.3305459518474,0.0,39.09553575797226,654.3305459518474,0.0,50.426847000151405,654.3305459518474,0.0,64.51406606117023,654.3305459518474
0.0,91.48462243465161,654.3305459518474,0.0,92.45827739504779,654.3305459518474,0.0,130.546862413778,654.3305459518474,0.0,98.41492556926084,654.3305459518474,0.0,102.53730362510413,654.3305459518474,0.0,109.02709913547966,654.3305459518474
0.0,162.47365293089894,654.3305459518474,0.0,162.206239958111,654.3305459518474,0.0,195.03805981055288,654.3305459518474,0.0,164.87701246716367,654.3305459518474,0.0,174.73914210392996,654.3305459518474,0.0,179.57412112706498,654.3305459518474
0.0,219.8172951418045,654.3305459518474,0.0,218.04926112315633,654.3305459518474,0.0,243.41277240557136,654.3305459518474,0.0,218.34961441681997,654.3305459518474,0.0,237.2783492096424,654.3305459518474,0.0,245.7341761218907,654.3305459518474
0.0,258.1627869703242,654.3305459518474,0.0,255.25118282967586,654.3305459518474,0.0,275.2682909947305,654.3305459518474,0.0,256.6683471751624,654.3305459518474,0.0,263.3611758970028,654.3305459518474,0.0,288.0010468621724,654.3305459518474
0.0,280.2800773461081,654.3305459518474,0.0,273.12466230012694,654.3305459518474,0.0,291.4461537969534,654.3305459518474,0.0,279.21660670565484,654.3305459518474,0.0,275.7261969486013,654.3305459518474,0.0,300.3550285638173,654.3305459518474
0.0,288.1243360500605,654.3305459518474,0.0,271.8364352062717,654.3305459518474,0.0,292.9546347029255,654.3305459518474,0.0,286.1957476103486,654.3305459518474,0.0,290.4316986555696,654.3305459518474,0.0,309.37747632005903,654.3305459518474
0.0,281.1639166264472,654.3305459518474,0.0,254.4395831707718,654.3305459518474,0.0,281.0348016458308,654.3305459518474,0.0,277.1826605946471,654.3305459518474,0.0,288.39775254456185,654.3305459518474,0.0,298.83550830789164,654.3305459518474
0.0,257.7346418474874,654.3305459518474,0.0,222.96319420537998,654.3305459518474,0.0,253.18879903907745,654.3305459518474,0.0,249.98938183514736,654.3305459518474,0.0,266.22526541900993,654.3305459518474,0.0,267.23954283140864,654.3305459518474
0.0,218.4452558896055,654.3305459518474,0.0,174.0946335747583,654.3305459518474,0.0,200.36742005624637,654.3305459518474,0.0,205.0154410461104,654.3305459518474,0.0,220.74793812484447,654.3305459518474,0.0,222.3159406928845,654.3305459518474
0.0,160.56828861355243,654.3305459518474,0.0,112.22086827566648,654.3305459518474,0.0,138.59751154802197,654.3305459518474,0.0,142.81138389333583,654.3305459518474,0.0,159.30832147030284,654.3305459518474,0.0,156.73001094419394,654.3305459518474
0.0,92.15571230501551,654.3305459518474,0.0,52.70648284201002,654.3305459518474,0.0,64.06623176377985,654.3305459518474,0.0,71.18534927005854,654.3305459518474,0.0,87.61622847628902,654.3305459518474,0.0,100.35216383357277,654.3305459518474
0.0,42.736606008594265,654.3305459518474,0.0,15.557901546859991,654.3305459518474,0.0,12.61335708533591,654.3305459518474,0.0,18.70062112059372,654.3305459518474,0.0,31.969881543025018,654.3305459518474,0.0,56.428975725622145,654.3305459518474
0.0,40.04057530979268,654.3305459518474,0.0,15.829994889918037,654.3305459518474,0.0,9.078967657452992,654.3305459518474,0.0,12.978267869307802,654.3305459518474,0.0,25.31635212174392,654.3305459518474,0.0,54.88119551909084,654.3305459518474
0.0,39.691384246044485,654.3305459518474,0.0,8.380585529956607,654.3305459518474,0.0,7.042019785588539,654.3305459518474,0.0,10.184739359322265,654.3305459518474,0.0,24.443374462373438,654.3305459518474,0.0,53.83362232784627,654.3305459518474
0.0,39.05120062917281,654.3305459518474,0.0,1.5131612762421651,654.3305459518474,0.0,5.9944465943439615,654.3305459518474,0.0,8.555181061830703,654.3305459518474,0.0,22.98841169675597,654.3305459518474,0.0,52.14586551973,654.3305459518474
0.0,38.469215522925815,654.3305459518474,0.0,2.15334489311385,654.3305459518474,0.0,5.412461488096976,654.3305459518474,0.0,8.147791487457813,654.3305459518474,0.0,21.358853399264408,654.3305459518474,0.0,50.98189530723602,654.3305459518474
0.0,38.64381105479991,654.3305459518474,0.0,14.025841060552379,654.3305459518474,0.0,5.005071913724085,654.3305459518474,0.0,7.100218296213236,654.3305459518474,0.0,20.660471271768024,654.3305459518474,0.0,50.34171169036434,654.3305459518474
0.0,37.59623786355534,654.3305459518474,0.0,20.660471271768024,654.3305459518474,0.0,5.005071913724085,654.3305459518474,0.0,6.169042126218058,654.3305459518474,0.0,20.25308169739513,654.3305459518474,0.0,49.41053552036916,654.3305459518474
0.0,35.326495949192086,654.3305459518474,0.0,13.676649996804183,654.3305459518474,0.0,4.190292764978303,654.3305459518474,0.0,5.121468934973482,654.3305459518474,0.0,19.67109659114815,654.3305459518474,0.0,48.421160839749284,654.3305459518474
0.0,33.28954807732764,654.3305459518474,0.0,5.179667445598181,654.3305459518474,0.0,2.3279404249879465,654.3305459518474,0.0,4.597682339351194,654.3305459518474,0.0,19.030912974276465,654.3305459518474,0.0,46.84980105288243,654.3305459518474
0.0,31.776386801085472,654.3305459518474,0.0,1.6877568081162613,654.3305459518474,0.0,0.7565806381210826,654.3305459518474,0.0,3.9574987224795093,654.3305459518474,0.0,18.27433233615538,654.3305459518474,0.0,44.34726509602038,654.3305459518474
0.0,30.321424035468006,654.3305459518474,0.0,0.349191063748192,654.3305459518474,0.0,0.174595531874096,654.3305459518474,0.0,3.3755136162325226,654.3305459518474,0.0,18.448927868029475,654.3305459518474,0.0,40.447964884165565,654.3305459518474
0.0,29.215652333598733,654.3305459518474,0.0,0.11639702124939733,654.3305459518474,0.0,0.0,654.3305459518474,0.0,4.190292764978303,654.3305459518474,0.0,18.623523399903572,654.3305459518474,0.0,33.92973169419932,654.3305459518474
0.0,47.600378169290124,654.3305459518474,0.0,5.80263046181782,654.3305459518474,0.0,20.87940193244158,654.3305459518474,0.0,22.30442613804,654.3305459518474,0.0,35.55328646997749,654.3305459518474,0.0,46.0211585223114,654.3305459518474
0.0,125.3278956676206,654.3305459518474,0.0,20.138541014544195,649.4690869663916,0.0,84.7083370124376,654.3305459518474,0.0,58.01676614865294,654.3305459518474,0.0,100.58248930217005,654.3305459518474,0.0,104.66256629659739,654.3305459518474
0.0,195.48642729489845,654.3305459518474,0.0,32.42646434545252,654.3305459518474,0.0,148.82040478544528,654.3305459518474,0.0,83.94371878521962,654.3305459518474,0.0,167.2113118718351,654.3305459518474,0.0,168.89270970026786,654.3305459518474
0.0,248.84581171314719,654.3305459518474,0.0,48.46903091636061,602.799576868208,0.0,209.57735903271418,654.3305459518474,0.0,108.67208227900316,654.3305459518474,0.0,215.00085987076477,654.3305459518474,0.0,222.1388765871089,654.3305459518474
0.0,285.9848545387719,654.3305459518474,0.0,69.63156554181384,572.4311424100218,0.0,230.73989365816746,654.3305459518474,0.0,137.5388990068238,654.3305459518474,0.0,248.594473918553,654.3305459518474,0.0,264.0015372428595,654.3305459518474
0.0,307.9354092427936,654.3305459518474,0.0,74.41020239272264,546.8413448027445,0.0,239.6145049527123,654.3305459518474,0.0,172.9838260446488,654.3305459518474,0.0,270.30437471996413,654.3305459518474,0.0,283.07678534593543,654.3305459518474
0.0,314.04157248811686,654.3305459518474,0.0,81.23682646544947,528.078171268194,0.0,246.7824602290755,654.3305459518474,0.0,192.42866530196673,654.3305459518474,0.0,279.50609837835,654.3305459518474,0.0,284.93445731565566,654.3305459518474
0.0,304.9356680315015,654.3305459518474,0.0,97.96205544363023,526.0402267118242,0.0,247.52332114697288,654.3305459518474,0.0,200.73701121048833,654.3305459518474,0.0,273.71282865707235,654.3305459518474,0.0,270.59068690281754,654.3305459518474
0.0,278.2315569373349,654.3305459518474,0.0,111.73170061033335,535.4255872000908,0.0,230.2554063631044,654.3305459518474,0.0,190.09286501686694,654.3305459518474,0.0,249.18096166608507,654.3305459518474,0.0,240.169730988782,654.3305459518474
0.0,232.83918722397152,654.3305459518474,0.0,101.38322734010552,536.5321690721753,0.0,183.57163006604395,654.3305459518474,0.0,158.72819270245432,654.3305459518474,0.0,205.16177662737886,654.3305459518474,0.0,193.88866389582444,654.3305459518474
0.0,170.31419895805442,654.3305459518474,0.0,69.59694661152469,506.1291156837,0.0,122.28770973331102,654.3305459518474,0.0,99.25796466861227,653.5885106204597,0.0,143.29587118839888,654.3305459518474,0.0,131.06482321667195,654.3305459518474
0.0,99.0152766986181,654.3305459518474,0.0,32.76461605924711,532.3408085310977,0.0,53.063533765870055,654.3305459518474,0.0,45.148358591925984,654.3305459518474,0.0,72.29112097192782,654.3305459518474,0.0,58.601930744741686,654.3305459518474
0.0,47.77311736276575,654.3305459518474,0.0,4.190292764978303,535.6930427430802,0.0,6.56071198036725,654.3305459518474,0.0,10.983798787844348,654.3305459518474,0.0,19.430442688537507,654.3305459518474,0.0,5.870189712982715,654.3305459518474
0.0,47.897374244127,654.3305459518474,0.0,5.121468934973482,539.790217891059,0.0,5.063270424348783,654.3305459518474,0.0,11.34870957181624,654.3305459518474,0.0,16.120987443041532,654.3305459518474,0.0,5.878049573094565,654.3305459518474
0.0,47.54818318037881,654.3305459518474,0.0,5.005071913724085,543.7942754220383,0.0,5.063270424348783,654.3305459518474,0.0,15.073414251796954,654.3305459518474,0.0,14.084039571177078,654.3305459518474,0.0,6.809225743089744,654.3305459518474
0.0,45.685830840388455,654.3305459518474,0.0,6.110843615593359,548.6829503145129,0.0,4.481285318101797,654.3305459518474,0.0,19.496501059274053,654.3305459518474,0.0,10.766724465569252,654.3305459518474,0.0,8.147791487457813,654.3305459518474
0.0,42.775905309153515,654.3305459518474,0.0,8.26418850870721,555.2943011214787,0.0,3.084521063109029,654.3305459518474,0.0,22.69741914363248,654.3305459518474,0.0,7.798600423709622,654.3305459518474,0.0,10.592128933695157,654.3305459518474
0.0,41.495538075410145,654.3305459518474,0.0,9.544555742450582,562.9299457154392,0.0,1.3385657443680692,654.3305459518474,0.0,23.04661020738067,654.3305459518474,0.0,5.470659998721674,654.3305459518474,0.0,12.803672337433706,654.3305459518474
0.0,40.15697233104208,654.3305459518474,0.0,9.13716616807769,570.2396786499014,0.0,0.349191063748192,654.3305459518474,0.0,19.438302548649354,654.3305459518474,0.0,4.3066897862277,654.3305459518474,0.0,15.71359786866864,654.3305459518474
0.0,35.61748850231558,654.3305459518474,0.0,8.438784040581305,576.9907058823665,0.0,0.05819851062469866,654.3305459518474,0.0,11.697900635564432,654.3305459518474,0.0,5.587057019971072,654.3305459518474,0.0,18.623523399903572,654.3305459518474
0.0,31.310798716087884,654.3305459518474,0.0,6.634630211215648,582.2984100513389,0.0,0.0,654.3305459518474,0.0,11.465106593065636,654.3305459518474,0.0,8.147791487457813,654.3305459518474,0.0,19.496501059274053,654.3305459518474
0.0,28.284476163603546,654.3305459518474,0.0,5.587057019971072,586.7680556673158,0.0,0.0,654.3305459518474,0.0,13.211061911806597,654.3305459518474,0.0,9.95194531682347,654.3305459518474,0.0,17.2267591449108,654.3305459518474
0.0,24.152381909249943,654.3305459518474,0.0,6.401836168716853,591.8895246022893,0.0,0.87297765937048,654.3305459518474,0.0,12.396282763060816,654.3305459518474,0.0,11.290511061191541,654.3305459518474,0.0,15.829994889918037,654.3305459518474
0.0,18.914515953027067,654.3305459518474,0.0,7.449409359961429,597.8490520902584,0.0,4.132094254353605,654.3305459518474,0.0,8.6715780830801,654.3305459518474,0.0,11.81429765681383,654.3305459518474,0.0,14.666024677424062,654.3305459518474
0.0,32.891874701465056,654.3305459518474,0.0,26.17228690944741,618.7868816178163,0.0,25.450325201615478,654.3305459518474,0.0,18.840775451163726,654.3305459518474,0.0,31.145919382724095,654.3305459518474,0.0,30.272941723353615,654.3305459518474
0.0,99.00326965519133,654.3305459518474,0.0,76.23475631258208,654.3305459518474,0.0,92.28200325376028,654.3305459518474,0.0,52.71752219196361,654.3305459518474,0.0,99.42319945994618,654.3305459518474,0.0,102.4401612718903,654.3305459518474
0.0,166.225116681057,654.3305459518474,0.0,136.49468303440605,654.3305459518474,0.0,164.24150922056202,654.3305459518474,0.0,90.13183785048817,654.3305459518474,0.0,168.7952118890839,654.3305459518474,0.0,173.37099325751296,654.3305459518474
0.0,219.3249479866296,654.3305459518474,0.0,192.27950568882662,654.3305459518474,0.0,215.9382172914584,654.3305459518474,0.0,133.94648879730124,654.3305459518474,0.0,215.95243613125373,654.3305459518474,0.0,229.49714711556993,654.3305459518474
0.0,254.69913628344793,654.3305459518474,0.0,207.7808873344753,654.3305459518474,0.0,247.94625271258445,654.3305459518474,0.0,164.6049191241056,654.3305459518474,0.0,235.77172464206882,654.3305459518474,0.0,268.03763456645754,654.3305459518474
0.0,273.014624258561,654.3305459518474,0.0,162.2406811594151,654.3305459518474,0.0,269.35730110076014,654.3305459518474,0.0,190.14806176663492,654.3305459518474,0.0,245.67350903736445,654.3305459518474,0.0,287.57529126468927,654.3305459518474
0.0,276.38545750452346,654.3305459518474,0.0,128.21927744676017,654.3305459518474,0.0,283.2244440786472,654.3305459518474,0.0,195.63126199573856,654.3305459518474,0.0,240.9294911167448,654.3305459518474,0.0,290.0385279209921,654.3305459518474
0.0,265.6846136807057,654.3305459518474,0.0,112.52122156933017,654.3305459518474,0.0,285.90625593765344,654.3305459518474,0.0,215.23329845529346,654.3305459518474,0.0,204.3802932574789,654.3305459518474,0.0,271.6884210155898,654.3305459518474
0.0,238.67379031319192,654.3305459518474,0.0,148.228881209673,654.3305459518474,0.0,263.79982718283804,654.3305459518474,0.0,205.4997506121884,654.3305459518474,0.0,141.03098737329077,654.3305459518474,0.0,244.50300211620197,654.3305459518474
0.0,193.6227518034648,654.3305459518474,0.0,111.71748177053797,654.3305459518474,0.0,222.7880654865507,654.3305459518474,0.0,158.44788404131432,654.3305459518474,0.0,88.5618012150646,642.892347166912,0.0,200.0324478322935,654.3305459518474
0.0,131.5476319023216,654.3305459518474,0.0,40.71591104390869,595.0464569957561,0.0,164.5383275664139,654.3305459518474,0.0,117.90020954959624,654.3305459518474,0.0,52.88558101516915,595.7779281820812,0.0,126.08165227387002,654.3305459518474
0.0,59.89165871902525,654.3305459518474,0.0,11.322128230623997,604.1041595802553,0.0,92.23899127640411,654.3305459518474,0.0,70.82008302811653,654.3305459518474,0.0,22.582700731796486,613.8440887675183,0.0,37.132683845941266,654.3305459518474
0.0,10.584269073583306,654.3305459518474,0.0,1.2803672337433705,605.12845336725,0.0,48.58789651151153,654.3305459518474,0.0,45.162044244766165,654.3305459518474,0.0,7.274813828087333,619.6639398299882,0.0,3.550109148106618,654.3305459518474
0.0,9.195364678702388,654.3305459518474,0.0,9.893746806198772,613.043450812209,0.0,50.34171169036434,654.3305459518474,0.0,47.19899211663062,654.3305459518474,0.0,3.550109148106618,622.5040271484735,0.0,2.61893297811144,654.3305459518474
0.0,10.068342338072869,654.3305459518474,0.0,16.17918595366623,625.986799575142,0.0,49.11954296724567,654.3305459518474,0.0,48.47935935037398,654.3305459518474,0.0,2.3861389356126455,624.4129382969636,0.0,5.528858509346373,654.3305459518474
0.0,13.0946648905572,654.3305459518474,0.0,18.27433233615538,640.6062654440663,0.0,47.7227787122529,654.3305459518474,0.0,48.53755786099868,654.3305459518474,0.0,1.4549627656174666,625.5769085094576,0.0,13.734848507428882,654.3305459518474
0.0,17.459553187409597,654.3305459518474,0.0,18.565324889278873,654.3305459518474,0.0,46.907999563507126,654.3305459518474,0.0,47.315389137880004,654.3305459518474,0.0,0.11639702124939733,625.6700261264571,0.0,25.665543185492112,654.3305459518474
0.0,20.136684676145737,654.3305459518474,0.0,16.004590421792134,654.3305459518474,0.0,45.39483828726496,654.3305459518474,0.0,45.336639776640254,654.3305459518474,0.0,1.0475731912445758,626.5080846794527,0.0,35.21009892794269,654.3305459518474
0.0,18.332530846780077,654.3305459518474,0.0,14.31683361367587,654.3305459518474,0.0,44.40546360664508,654.3305459518474,0.0,43.24149339415111,654.3305459518474,0.0,6.401836168716853,631.6295536144262,0.0,36.83965722543426,654.3305459518474
0.0,15.71359786866864,654.3305459518474,0.0,15.888193400542736,654.3305459518474,0.0,43.18329488352641,654.3305459518474,0.0,42.193920202906526,654.3305459518474,0.0,12.745473826809006,641.8259326758734,0.0,33.05675403482884,654.3305459518474
0.0,13.909444039302981,654.3305459518474,0.0,18.914515953027067,654.3305459518474,0.0,42.193920202906526,654.3305459518474,0.0,42.48491275603003,654.3305459518474,0.0,19.321905527399956,654.3305459518474,0.0,30.437821056717404,654.3305459518474
0.0,13.211061911806597,654.3305459518474,0.0,16.17918595366623,654.3305459518474,0.0,42.310317224155924,654.3305459518474,0.0,43.00869935165231,654.3305459518474,0.0,23.977786377375846,654.3305459518474,0.0,29.97223297171981,654.3305459518474
0.0,12.105290209937321,654.3305459518474,0.0,18.623523399903572,654.3305459518474,0.0,41.72833211790894,654.3305459518474,0.0,42.89230233040291,654.3305459518474,0.0,26.713116376736686,654.3305459518474,0.0,30.6706150992162,654.3305459518474
0.0,9.95194531682347,654.3305459518474,0.0,28.750064248601138,654.3305459518474,0.0,40.85535445853846,654.3305459518474,0.0,42.65950828790412,654.3305459518474,0.0,26.713116376736686,654.3305459518474,0.0,29.15745382297403,654.3305459518474
0.0,26.439699882235356,654.3305459518474,0.0,56.61328745600656,654.3305459518474,0.0,51.225906428673476,654.3305459518474,0.0,46.60764626984343,654.3305459518474,0.0,39.4037489117478,654.3305459518474,0.0,47.623957749625674,654.3305459518474
0.0,94.83337698070682,654.3305459518474,0.0,137.0194373235015,654.3305459518474,0.0,78.33740709721297,654.3305459518474,0.0,72.2610046829237,654.3305459518474,0.0,95.88227332339468,654.3305459518474,0.0,121.71790939947584,654.3305459518474
0.0,168.03863125096282,654.3305459518474,0.0,215.0158686750482,654.3305459518474,0.0,99.84127292630255,654.3305459518474,0.0,116.26597088183456,654.3305459518474,0.0,174.85721773459278,654.3305459518474,0.0,181.66326398784076,654.3305459518474
0.0,232.26223794596473,654.3305459518474,0.0,258.7534219011711,654.3305459518474,0.0,121.82962605045516,654.3305459518474,0.0,156.55091277103483,654.3305459518474,0.0,232.95276021334928,654.3305459518474,0.0,245.30038293531064,654.3305459518474
0.0,279.51678227033347,654.3305459518474,0.0,202.39915437088553,654.3305459518474,0.0,133.7101598069906,654.3305459518474,0.0,191.14176135955478,654.3305459518474,0.0,268.795716085007,654.3305459518474,0.0,278.06667760397113,654.3305459518474
0.0,304.5172391071751,654.3305459518474,0.0,167.24204039634228,654.3305459518474,0.0,168.60304029858764,654.3305459518474,0.0,206.75803914602454,654.3305459518474,0.0,283.0844674770623,654.3305459518474,0.0,295.63662429091676,654.3305459518474
0.0,309.9910785957385,654.3305459518474,0.0,267.87654695843855,654.3305459518474,0.0,209.61630287530335,654.3305459518474,0.0,211.35104111510563,654.3305459518474,0.0,286.12968923961205,654.3305459518474,0.0,297.4864364005251,654.3305459518474
0.0,301.55997668628396,654.3305459518474,0.0,303.03366093298183,654.3305459518474,0.0,278.15313606520147,654.3305459518474,0.0,198.5440115588451,654.3305459518474,0.0,269.0567700781114,654.3305459518474,0.0,282.9098719451882,654.3305459518474
0.0,276.345447288024,654.3305459518474,0.0,289.65568562042796,654.3305459518474,0.0,256.34573745260644,654.3305459518474,0.0,163.07700582111292,654.3305459518474,0.0,237.21379171933424,654.3305459518474,0.0,251.02609340542335,654.3305459518474
0.0,231.79461579358363,654.3305459518474,0.0,246.10058778629096,654.3305459518474,0.0,207.3482395703535,654.3305459518474,0.0,125.76336746361406,654.3305459518474,0.0,200.0605300539141,654.3305459518474,0.0,200.06238639231256,654.3305459518474
0.0,167.64324872001671,654.3305459518474,0.0,179.4356454059084,654.3305459518474,0.0,139.29439279509,654.3305459518474,0.0,91.15679915487038,645.4873451067178,0.0,147.96579314918506,654.3305459518474,0.0,130.89958842533807,654.3305459518474
0.0,92.06757523437176,654.3305459518474,0.0,103.3219664848458,654.3305459518474,0.0,62.699406068806134,654.3305459518474,0.0,58.61711727801021,654.3305459518474,0.0,83.33779864066696,654.3305459518474,0.0,44.81020687813139,654.3305459518474
0.0,33.28954807732764,654.3305459518474,0.0,48.820690554010326,654.3305459518474,0.0,7.266953967975483,654.3305459518474,0.0,41.90292764978304,654.3305459518474,0.0,30.895549281603145,654.3305459518474,0.0,9.835548295574075,654.3305459518474
0.0,21.649845952387903,654.3305459518474,0.0,46.26781594663544,654.3305459518474,0.0,4.772277871225291,654.3305459518474,0.0,41.08814850103725,654.3305459518474,0.0,23.453999781753563,654.3305459518474,0.0,10.592128933695157,654.3305459518474
0.0,12.57087829493491,654.3305459518474,0.0,43.299691904775806,654.3305459518474,0.0,3.49191063748192,654.3305459518474,0.0,39.05120062917281,654.3305459518474,0.0,16.93576659178731,654.3305459518474,0.0,14.142238081801773,654.3305459518474
0.0,6.110843615593359,654.3305459518474,0.0,37.07245126793305,654.3305459518474,0.0,2.3861389356126455,654.3305459518474,0.0,36.141275097937864,654.3305459518474,0.0,12.338084252436117,654.3305459518474,0.0,16.93576659178731,654.3305459518474
0.0,2.61893297811144,654.3305459518474,0.0,29.506644886722224,654.3305459518474,0.0,1.1057717018692748,654.3305459518474,0.0,32.76576148170535,654.3305459518474,0.0,12.396282763060816,654.3305459518474,0.0,21.126059356765616,654.3305459518474
0.0,1.6877568081162613,654.3305459518474,0.0,25.665543185492112,654.3305459518474,0.0,0.8147791487457813,654.3305459518474,0.0,27.877086589230657,654.3305459518474,0.0,11.115915529317444,654.3305459518474,0.0,26.713116376736686,654.3305459518474
0.0,1.5713597868668638,654.3305459518474,0.0,23.62859531362766,654.3305459518474,0.0,1.222168723118672,654.3305459518474,0.0,23.337602760504165,654.3305459518474,0.0,10.184739359322265,654.3305459518474,0.0,29.390247865472826,654.3305459518474
0.0,1.74595531874096,654.3305459518474,0.0,22.17363254801019,654.3305459518474,0.0,2.560734467486741,654.3305459518474,0.0,17.80874425115779,654.3305459518474,0.0,9.719151274324677,654.3305459518474,0.0,31.834585311710175,654.3305459518474
0.0,3.4337121268572206,654.3305459518474,0.0,21.417051909889107,654.3305459518474,0.0,4.888674892474688,654.3305459518474,0.0,14.607826166799367,654.3305459518474,0.0,8.962570636203594,654.3305459518474,0.0,35.67568701294028,654.3305459518474
0.0,7.042019785588539,654.3305459518474,0.0,22.581022122383082,654.3305459518474,0.0,8.6715780830801,654.3305459518474,0.0,13.56025297555479,654.3305459518474,0.0,9.428158721201184,654.3305459518474,0.0,38.993002118548105,654.3305459518474
0.0,13.56025297555479,654.3305459518474,0.0,24.676168504872233,654.3305459518474,0.0,12.803672337433706,654.3305459518474,0.0,12.105290209937321,654.3305459518474,0.0,9.544555742450582,654.3305459518474,0.0,40.73895743728906,654.3305459518474
0.0,21.591647441763204,654.3305459518474,0.0,26.596719355487288,654.3305459518474,0.0,13.618451486179488,654.3305459518474,0.0,10.88312148681865,654.3305459518474,0.0,9.369960210576485,654.3305459518474,0.0,41.90292764978304,654.3305459518474
0.0,43.71361818781726,654.3305459518474,0.0,47.483981148040726,654.3305459518474,0.0,24.482851491917742,654.3305459518474,0.0,24.997277346999834,654.3305459518474,0.0,21.560385730300865,654.3305459518474,0.0,61.09925314437845,654.3305459518474
0.0,109.67381946101993,654.3305459518474,0.0,119.95941385035296,654.3305459518474,0.0,47.83652943061572,654.3305459518474,0.0,74.51706094444677,654.3305459518474,0.0,66.65858340069904,654.3305459518474,0.0,129.1719991297074,654.3305459518474
0.0,182.029675652241,654.3305459518474,0.0,201.2449003569019,654.3305459518474,0.0,67.62269989156998,654.3305459518474,0.0,123.20316618308249,654.3305459518474,0.0,130.30824257855087,654.3305459518474,0.0,195.76938225892502,654.3305459518474
0.0,231.5195206896689,654.3305459518474,0.0,261.27671340649715,654.3305459518474,0.0,77.03999699180262,631.37054294365,0.0,167.35128847342003,654.3305459518474,0.0,191.75103872293428,654.3305459518474,0.0,246.8275853223631,654.3305459518474
0.0,273.46863980664983,654.3305459518474,0.0,295.5262307913807,654.3305459518474,0.0,92.9347271010139,624.3052700446639,0.0,203.92088642317975,654.3305459518474,0.0,234.22712392537926,654.3305459518474,0.0,281.80860288460394,654.3305459518474
0.0,294.8057699639772,654.3305459518474,0.0,303.7338993988767,654.3305459518474,0.0,106.75789040807159,629.7115823711212,0.0,233.91237406293516,654.3305459518474,0.0,255.5060555720819,654.3305459518474,0.0,295.8520200037784,654.3305459518474
0.0,305.953302662727,654.3305459518474,0.0,315.36273990284786,654.3305459518474,0.0,118.24207394018775,644.3052415232713,0.0,242.80738544797384,654.3305459518474,0.0,261.44866263548465,654.3305459518474,0.0,295.7812812627718,654.3305459518474
0.0,294.0806287663035,654.3305459518474,0.0,303.93357539151464,654.3305459518474,0.0,113.49805601956811,654.3305459518474,0.0,227.50250030512137,654.3305459518474,0.0,244.49531998507518,654.3305459518474,0.0,284.1067824785579,654.3305459518474
0.0,266.95658786738204,654.3305459518474,0.0,266.229768060295,654.3305459518474,0.0,97.01348094399799,651.3440268958454,0.0,208.05448155796174,654.3305459518474,0.0,202.9739905329609,654.3305459518474,0.0,258.20173081291335,654.3305459518474
0.0,221.4431407624991,654.3305459518474,0.0,225.04190995170518,654.3305459518474,0.0,73.82653867706225,625.1705655729077,0.0,156.54808873916318,654.3305459518474,0.0,158.87302740329443,654.3305459518474,0.0,212.96823691120034,654.3305459518474
0.0,158.4557439014262,654.3305459518474,0.0,158.23063199005418,654.3305459518474,0.0,47.05168884188899,572.2222544147967,0.0,95.39478426747493,649.7253302193224,0.0,106.93248593994569,654.3305459518474,0.0,147.9029142682903,654.3305459518474
0.0,89.21584821376152,654.3305459518474,0.0,79.84085217494483,654.3305459518474,0.0,21.73498126217496,589.6102394245366,0.0,45.88135964971151,654.3305459518474,0.0,47.45121855615003,654.3305459518474,0.0,76.65433065936682,654.3305459518474
0.0,41.029949990412554,654.3305459518474,0.0,52.96064466847578,654.3305459518474,0.0,6.92562276433914,595.150737636008,0.0,8.380585529956607,654.3305459518474,0.0,6.343637658092154,654.3305459518474,0.0,30.728813609840895,654.3305459518474
0.0,40.79715594791376,654.3305459518474,0.0,52.14586551973,654.3305459518474,0.0,5.063270424348783,599.201353975487,0.0,4.015697233104208,654.3305459518474,0.0,5.8198510624698665,654.3305459518474,0.0,24.676168504872233,654.3305459518474
0.0,40.79715594791376,654.3305459518474,0.0,51.331086370984224,654.3305459518474,0.0,3.9574987224795093,602.3673529534706,0.0,1.222168723118672,654.3305459518474,0.0,5.878049573094565,654.3305459518474,0.0,22.581022122383082,654.3305459518474
0.0,38.934803607923406,654.3305459518474,0.0,50.92369679661133,654.3305459518474,0.0,2.9681240418596317,604.7418521869582,0.0,0.4655880849975893,654.3305459518474,0.0,5.354262977472277,654.3305459518474,0.0,20.194883186770436,654.3305459518474
0.0,36.60686318293546,654.3305459518474,0.0,50.28351317973964,654.3305459518474,0.0,2.036947871864453,606.3714104844498,0.0,0.8147791487457813,654.3305459518474,0.0,4.248491275603002,654.3305459518474,0.0,19.61289808052345,654.3305459518474
0.0,34.51171680044631,654.3305459518474,0.0,50.05071913724085,654.3305459518474,0.0,1.396764254992768,607.488821888444,0.0,1.8041538293656585,654.3305459518474,0.0,3.317315105607824,654.3305459518474,0.0,21.7080444630126,654.3305459518474
0.0,32.125577864833666,654.3305459518474,0.0,49.17774147787037,654.3305459518474,0.0,0.9311761699951786,608.2337628244402,0.0,2.3861389356126455,654.3305459518474,0.0,2.9681240418596317,654.3305459518474,0.0,22.057235526760792,654.3305459518474
0.0,30.437821056717404,654.3305459518474,0.0,48.421160839749284,654.3305459518474,0.0,0.5237865956222879,608.652792100938,0.0,1.222168723118672,654.3305459518474,0.0,3.1427195737337277,654.3305459518474,0.0,19.380104038024655,654.3305459518474
0.0,28.22627765297885,654.3305459518474,0.0,47.19899211663062,654.3305459518474,0.0,0.5237865956222879,609.0718213774358,0.0,0.698382127496384,654.3305459518474,0.0,3.7247046799807144,654.3305459518474,0.0,15.24800978367105,654.3305459518474
0.0,25.84013871736621,654.3305459518474,0.0,47.19899211663062,654.3305459518474,0.0,0.5237865956222879,609.4908506539335,0.0,0.698382127496384,654.3305459518474,0.0,5.412461488096976,654.3305459518474,0.0,11.174114039942143,654.3305459518474
0.0,25.374550632368617,654.3305459518474,0.0,46.84980105288243,654.3305459518474,0.0,0.40738957437289064,609.8167623134318,0.0,0.698382127496384,654.3305459518474,0.0,6.867424253714441,654.3305459518474,0.0,7.158416806837935,654.3305459518474
0.0,29.15745382297403,654.3305459518474,0.0,45.27844126601556,654.3305459518474,0.0,0.349191063748192,610.0961151644303,0.0,0.5237865956222879,654.3305459518474,0.0,7.39121084933673,654.3305459518474,0.0,4.597682339351194,654.3305459518474
0.0,46.82489832110359,654.3305459518474,0.0,49.59466952176851,654.3305459518474,0.0,17.357552734940615,623.9821573523828,0.0,10.930458376474805,654.3305459518474,0.0,23.907225365354257,654.3305459518474,0.0,22.913170314464285,654.3305459518474
0.0,109.94609053306303,654.3305459518474,0.0,110.87858985450148,654.3305459518474,0.0,67.92490952363212,654.3305459518474,0.0,42.38326776153115,654.3305459518474,0.0,75.03766805022731,654.3305459518474,0.0,89.65838990537874,654.3305459518474
0.0,175.41880275034598,654.3305459518474,0.0,194.32695972368953,654.3305459518474,0.0,129.36452617817375,654.3305459518474,0.0,82.26082007635851,654.3305459518474,0.0,122.09103550152972,654.3305459518474,0.0,156.35327084578034,654.3305459518474
0.0,225.10850150939692,654.3305459518474,0.0,249.75473145425008,654.3305459518474,0.0,183.6361875563522,654.3305459518474,0.0,100.01004266544831,654.3305459518474,0.0,154.57101798733683,654.3305459518474,0.0,207.03702465572127,654.3305459518474
0.0,259.8771251196327,654.3305459518474,0.0,264.76862404397906,654.3305459518474,0.0,234.4945368981672,654.3305459518474,0.0,117.75926525453811,654.3305459518474,0.0,181.66361944581087,654.3305459518474,0.0,233.47840314737002,654.3305459518474
0.0,275.23702928326816,654.3305459518474,0.0,269.8839117282541,654.3305459518474,0.0,268.62765726180146,654.3305459518474,0.0,146.77241756362722,654.3305459518474,0.0,200.02158621132494,654.3305459518474,0.0,235.5767290197009,654.3305459518474
0.0,270.59518954410254,654.3305459518474,0.0,238.74885396649853,654.3305459518474,0.0,277.16093735271,654.3305459518474,0.0,171.6895954290802,654.3305459518474,0.0,218.04608163331454,654.3305459518474,0.0,206.90490791424816,654.3305459518474
0.0,257.0834188806621,654.3305459518474,0.0,225.67759092729185,654.3305459518474,0.0,264.02361594276675,654.3305459518474,0.0,162.53971130163552,654.3305459518474,0.0,184.8284177194518,654.3305459518474,0.0,146.89667444498846,654.3305459518474
0.0,236.39583308074668,654.3305459518474,0.0,195.98177621093006,654.3305459518474,0.0,234.82482875184994,654.3305459518474,0.0,147.42832090072258,654.3305459518474,0.0,143.54306179967807,654.3305459518474,0.0,97.21165605620763,651.542202008055
0.0,192.89257477755092,654.3305459518474,0.0,159.5285752824197,654.3305459518474,0.0,184.32035084405322,654.3305459518474,0.0,106.94202440947095,654.3305459518474,0.0,86.64142809343461,640.971974045282,0.0,82.03553043600144,633.5777324440564
0.0,135.63071065760562,654.3305459518474,0.0,117.57477579516865,654.3305459518474,0.0,117.08278409796388,654.3305459518474,0.0,55.300335359357554,609.6308813112049,0.0,23.913584345037762,564.8855583903197,0.0,61.71471175845635,595.2924442025128
0.0,71.0798138697777,654.3305459518474,0.0,67.81283741468272,654.3305459518474,0.0,56.25659199011663,654.3305459518474,0.0,17.528968776972956,623.6540563327833,0.0,7.289032667882685,570.7167845246258,0.0,15.227609693177254,607.4745319570546
0.0,27.12050595110958,654.3305459518474,0.0,24.035984888000545,654.3305459518474,0.0,10.47573191244576,654.3305459518474,0.0,2.3861389356126455,625.5629674812734,0.0,2.15334489311385,572.4394604391169,0.0,43.64888296852399,642.3936383318738
0.0,22.75561765425718,654.3305459518474,0.0,21.184257867390315,654.3305459518474,0.0,9.369960210576485,654.3305459518474,0.0,2.0951463824891516,627.2390845872648,0.0,1.6877568081162613,573.7896658856099,0.0,50.34171169036434,654.3305459518474
0.0,19.61289808052345,654.3305459518474,0.0,18.157935314905984,654.3305459518474,0.0,10.301136380571663,654.3305459518474,0.0,3.2009180843584266,629.7998190547515,0.0,2.9099255312349332,576.1176063105978,0.0,52.7860491366017,654.3305459518474
0.0,16.52837701741442,654.3305459518474,0.0,14.840620209298159,654.3305459518474,0.0,12.687275316184309,654.3305459518474,0.0,6.51823318996625,635.0144056067245,0.0,6.460034679341552,581.285634054071,0.0,53.135240200349884,654.3305459518474
0.0,15.71359786866864,654.3305459518474,0.0,13.618451486179488,654.3305459518474,0.0,14.084039571177078,654.3305459518474,0.0,14.433230634925268,646.5609901146647,0.0,13.211061911806597,591.8544835835163,0.0,51.214689349734826,654.3305459518474
0.0,14.607826166799367,654.3305459518474,0.0,10.88312148681865,654.3305459518474,0.0,14.258635103051171,654.3305459518474,0.0,27.70249105735656,654.3305459518474,0.0,19.26370701677526,607.2654491969365,0.0,45.627632329763756,654.3305459518474
0.0,11.81429765681383,654.3305459518474,0.0,8.438784040581305,654.3305459518474,0.0,12.047091699312622,654.3305459518474,0.0,39.74958275666919,654.3305459518474,0.0,21.7080444630126,624.6318847673466,0.0,43.18329488352641,654.3305459518474
0.0,7.85679893433432,654.3305459518474,0.0,7.507607870586128,654.3305459518474,0.0,7.158416806837935,654.3305459518474,0.0,46.79160254225773,654.3305459518474,0.0,23.163007228630068,643.1622905502506,0.0,42.135721692281834,654.3305459518474
0.0,5.23786595622288,654.3305459518474,0.0,7.624004891835525,654.3305459518474,0.0,1.4549627656174666,654.3305459518474,0.0,49.58513105224326,654.3305459518474,0.0,24.908962547371026,654.3305459518474,0.0,39.691384246044485,654.3305459518474
0.0,4.539483828726496,654.3305459518474,0.0,7.158416806837935,654.3305459518474,0.0,0.05819851062469866,654.3305459518474,0.0,50.34171169036434,654.3305459518474,0.0,27.12050595110958,654.3305459518474,0.0,29.215652333598733,654.3305459518474
0.0,5.9944465943439615,654.3305459518474,0.0,6.51823318996625,654.3305459518474,0.0,0.0,654.3305459518474,0.0,50.05071913724085,654.3305459518474,0.0,27.993483610480055,654.3305459518474,0.0,22.057235526760792,654.3305459518474
0.0,8.205989998082512,654.3305459518474,0.0,6.169042126218058,654.3305459518474,0.0,0.8147791487457813,654.3305459518474,0.0,49.52693254161856,654.3305459518474,0.0,26.014734249240302,654.3305459518474,0.0,18.448927868029475,654.3305459518474
0.0,24.75344395454744,654.3305459518474,0.0,20.640248910259285,654.3305459518474,0.0,21.156175645769725,654.3305459518474,0.0,55.75585178787472,654.3305459518474,0.0,41.33065874204636,654.3305459518474,0.0,35.34875237808435,654.3305459518474
0.0,80.57606502909894,654.3305459518474,0.0,52.21263480640678,654.3305459518474,0.0,89.39865906371757,654.3305459518474,0.0,92.03763667435271,654.3305459518474,0.0,106.37708217489094,654.3305459518474,0.0,82.91318846564202,654.3305459518474
0.0,147.4644407114401,654.3305459518474,0.0,76.72242309748687,654.3305459518474,0.0,166.53147349643405,654.3305459518474,0.0,150.62702718871245,654.3305459518474,0.0,162.19970324944245,654.3305459518474,0.0,136.87645896105985,654.3305459518474
0.0,201.78644074013133,654.3305459518474,0.0,126.7235145001551,654.3305459518474,0.0,218.2328619376005,654.3305459518474,0.0,195.02366324177248,654.3305459518474,0.0,217.03294964337405,654.3305459518474,0.0,224.26192746223364,654.3305459518474
0.0,242.02890383893057,654.3305459518474,0.0,212.33158824214047,654.3305459518474,0.0,221.46521946240634,654.3305459518474,0.0,235.84025158670693,654.3305459518474,0.0,249.703247381279,654.3305459518474,0.0,281.18714074881257,654.3305459518474
0.0,265.1119893149989,654.3305459518474,0.0,263.34881339560593,654.3305459518474,0.0,252.5121401535181,654.3305459518474,0.0,272.9682550623781,654.3305459518474,0.0,273.1622829912728,654.3305459518474,0.0,310.6862812333931,654.3305459518474
0.0,275.97003034105364,654.3305459518474,0.0,275.912009559414,654.3305459518474,0.0,278.4972913007095,654.3305459518474,0.0,291.48191814970073,654.3305459518474,0.0,273.15592401158926,654.3305459518474,0.0,316.3315367639889,654.3305459518474
0.0,271.8220386374913,654.3305459518474,0.0,262.88322531060834,654.3305459518474,0.0,296.83317936631636,654.3305459518474,0.0,282.114959699981,654.3305459518474,0.0,277.819664721677,654.3305459518474,0.0,281.163383439492,654.3305459518474
0.0,249.82414704381344,654.3305459518474,0.0,232.73754222947264,654.3305459518474,0.0,272.77793981028026,654.3305459518474,0.0,258.46242934804764,654.3305459518474,0.0,254.3306905516642,654.3305459518474,0.0,278.2077996280143,654.3305459518474
0.0,209.57214547548895,654.3305459518474,0.0,185.432481525606,654.3305459518474,0.0,225.9541869116349,654.3305459518474,0.0,216.4283526502647,654.3305459518474,0.0,213.24033025425834,654.3305459518474,0.0,219.49097274245162,654.3305459518474
0.0,151.55838108769268,654.3305459518474,0.0,121.41005170367043,654.3305459518474,0.0,169.71631640259866,654.3305459518474,0.0,152.49088040913114,654.3305459518474,0.0,154.62568155014964,654.3305459518474,0.0,90.87834683212884,645.2088927839762
0.0,81.37944936992099,654.3305459518474,0.0,51.05334496418291,654.3305459518474,0.0,97.99428484856577,654.3305459518474,0.0,92.98285395515818,654.3305459518474,0.0,85.78999594701617,654.3305459518474,0.0,51.80621292550706,654.3305459518474
0.0,30.728813609840895,654.3305459518474,0.0,2.8517270206102348,654.3305459518474,0.0,57.32553296532818,654.3305459518474,0.0,56.7435478590812,654.3305459518474,0.0,38.06182594855293,654.3305459518474,0.0,36.024878076688466,654.3305459518474
0.0,26.945910419235485,654.3305459518474,0.0,1.4549627656174666,654.3305459518474,0.0,57.500128497202276,654.3305459518474,0.0,56.7435478590812,654.3305459518474,0.0,38.00362743792823,654.3305459518474,0.0,25.607344674867413,654.3305459518474
0.0,25.14175658986982,654.3305459518474,0.0,0.5819851062469866,654.3305459518474,0.0,57.616525518451674,654.3305459518474,0.0,56.56895232720709,654.3305459518474,0.0,36.95605424668366,654.3305459518474,0.0,15.946391911167435,654.3305459518474
0.0,25.78194020674151,654.3305459518474,0.0,0.2909925531234933,654.3305459518474,0.0,57.441929986577584,654.3305459518474,0.0,55.92876871033541,654.3305459518474,0.0,33.46414360920173,654.3305459518474,0.0,8.846173614954198,654.3305459518474
0.0,26.771314887361385,654.3305459518474,0.0,0.8147791487457813,654.3305459518474,0.0,56.918143390955294,654.3305459518474,0.0,54.88119551909084,654.3305459518474,0.0,28.750064248601138,654.3305459518474,0.0,4.3066897862277,654.3305459518474
0.0,28.168079142354156,654.3305459518474,0.0,1.74595531874096,654.3305459518474,0.0,56.103364242209516,654.3305459518474,0.0,53.36803424284868,654.3305459518474,0.0,25.083558079245122,654.3305459518474,0.0,2.8517270206102348,654.3305459518474
0.0,29.15745382297403,654.3305459518474,0.0,1.8041538293656585,654.3305459518474,0.0,55.40498211471312,654.3305459518474,0.0,51.73847594535711,654.3305459518474,0.0,22.813816164881878,654.3305459518474,0.0,2.0951463824891516,654.3305459518474
0.0,30.96160765233969,654.3305459518474,0.0,2.61893297811144,654.3305459518474,0.0,54.706599987216734,654.3305459518474,0.0,49.87612360536675,654.3305459518474,0.0,19.496501059274053,654.3305459518474,0.0,1.1639702124939733,654.3305459518474
0.0,31.60179126921138,654.3305459518474,0.0,7.216615317462634,654.3305459518474,0.0,54.532004455342644,654.3305459518474,0.0,47.897374244127,654.3305459518474,0.0,16.17918595366623,654.3305459518474,0.0,0.7565806381210826,654.3305459518474
0.0,27.469697014857765,654.3305459518474,0.0,8.6133795724554,654.3305459518474,0.0,54.76479849784145,654.3305459518474,0.0,46.326014457260136,654.3305459518474,0.0,13.56025297555479,654.3305459518474,0.0,0.6401836168716852,654.3305459518474
0.0,23.163007228630068,654.3305459518474,0.0,7.740401913084923,654.3305459518474,0.0,54.59020296596734,654.3305459518474,0.0,44.92925020226737,654.3305459518474,0.0,11.581503614315034,654.3305459518474,0.0,0.349191063748192,654.3305459518474
0.0,20.485875739893928,654.3305459518474,0.0,7.274813828087333,654.3305459518474,0.0,53.83362232784627,654.3305459518474,0.0,44.17266956414628,654.3305459518474,0.0,9.544555742450582,654.3305459518474,0.0,0.11639702124939733,654.3305459518474
0.0,34.40185648786547,654.3305459518474,0.0,25.955212587172312,654.3305459518474,0.0,70.24427917256799,654.3305459518474,0.0,54.3465473025,654.3305459518474,0.0,24.3917126604173,654.3305459518474,0.0,18.947811731872925,654.3305459518474
0.0,96.37479820755462,654.3305459518474,0.0,79.28315756497362,654.3305459518474,0.0,127.6885986844992,654.3305459518474,0.0,94.86428323419904,654.3305459518474,0.0,84.20177101746735,654.3305459518474,0.0,89.88650357760743,654.3305459518474
0.0,163.05395942773254,654.3305459518474,0.0,147.39370197043345,654.3305459518474,0.0,194.2088840930267,654.3305459518474,0.0,153.96960048406922,654.3305459518474,0.0,145.7499248331465,654.3305459518474,0.0,159.8012018124329,654.3305459518474
0.0,213.84942988865276,654.3305459518474,0.0,204.06254163417813,654.3305459518474,0.0,259.87191156240743,654.3305459518474,0.0,211.4767988768952,654.3305459518474,0.0,195.3436266614419,654.3305459518474,0.0,215.15505531214507,654.3305459518474
0.0,244.43244110418036,654.3305459518474,0.0,215.04015917132404,654.3305459518474,0.0,301.54893733633037,654.3305459518474,0.0,249.1632078784778,654.3305459518474,0.0,224.756308684792,654.3305459518474,0.0,253.21741444765314,654.3305459518474
0.0,261.76641425878546,654.3305459518474,0.0,188.5987806796753,654.3305459518474,0.0,327.4161905818439,654.3305459518474,0.0,266.57895912404314,654.3305459518474,0.0,250.03053747410505,654.3305459518474,0.0,273.19707965054704,654.3305459518474
0.0,265.45967949831874,654.3305459518474,0.0,213.10856897075539,654.3305459518474,0.0,332.19482743275273,654.3305459518474,0.0,277.67615317228024,654.3305459518474,0.0,257.97865296892485,654.3305459518474,0.0,277.4408905558799,654.3305459518474
0.0,259.89920381953993,654.3305459518474,0.0,209.18250968872323,654.3305459518474,0.0,318.906490071271,654.3305459518474,0.0,271.31511718455096,654.3305459518474,0.0,254.59360088316706,654.3305459518474,0.0,266.2901783672882,654.3305459518474
0.0,233.94063401354077,654.3305459518474,0.0,175.67703271157876,654.3305459518474,0.0,287.9617475616132,654.3305459518474,0.0,246.12266648619814,654.3305459518474,0.0,230.21743021398845,654.3305459518474,0.0,238.0147074862548,654.3305459518474
0.0,189.97646799561753,654.3305459518474,0.0,159.1263992652721,654.3305459518474,0.0,237.72000225633434,654.3305459518474,0.0,200.9584104450634,654.3305459518474,0.0,195.74130003730443,654.3305459518474,0.0,191.00849919562347,654.3305459518474
0.0,127.80067079344862,654.3305459518474,0.0,79.99257904242361,634.323124994271,0.0,170.12070421611486,654.3305459518474,0.0,140.88411860506716,654.3305459518474,0.0,137.85647290113957,654.3305459518474,0.0,127.0285481640889,654.3305459518474
0.0,58.68035161687513,654.3305459518474,0.0,22.651938592374783,652.4446758681709,0.0,93.47219934947638,654.3305459518474,0.0,81.026901087346,654.3305459518474,0.0,78.01179561380033,654.3305459518474,0.0,55.33327568023331,654.3305459518474
0.0,13.909444039302981,654.3305459518474,0.0,31.718188290460777,654.3305459518474,0.0,44.521860627894476,654.3305459518474,0.0,51.331086370984224,654.3305459518474,0.0,32.47476892858185,654.3305459518474,0.0,9.95194531682347,654.3305459518474
0.0,8.496982551206004,654.3305459518474,0.0,37.42164233168124,654.3305459518474,0.0,44.17266956414628,654.3305459518474,0.0,51.913071477231206,654.3305459518474,0.0,28.459071695477647,654.3305459518474,0.0,11.174114039942143,654.3305459518474
0.0,6.285439147467455,654.3305459518474,0.0,37.188848289182445,654.3305459518474,0.0,41.495538075410145,654.3305459518474,0.0,52.029468498480604,654.3305459518474,0.0,24.734367015496932,654.3305459518474,0.0,13.734848507428882,654.3305459518474
0.0,5.645255530595771,654.3305459518474,0.0,28.34267467422825,654.3305459518474,0.0,35.03550339606859,654.3305459518474,0.0,51.09829232848543,654.3305459518474,0.0,22.29002956925959,654.3305459518474,0.0,17.86694276178249,654.3305459518474
0.0,6.227240636842756,654.3305459518474,0.0,17.634148719283694,654.3305459518474,0.0,28.168079142354156,654.3305459518474,0.0,49.52693254161856,654.3305459518474,0.0,19.61289808052345,654.3305459518474,0.0,24.501572972998137,654.3305459518474
0.0,7.333012338712031,654.3305459518474,0.0,19.90389063364694,654.3305459518474,0.0,23.86138935612645,654.3305459518474,0.0,47.43178615912941,654.3305459518474,0.0,17.692347229908396,654.3305459518474,0.0,33.114952545453534,654.3305459518474
0.0,8.089592976833115,654.3305459518474,0.0,36.83965722543426,654.3305459518474,0.0,22.057235526760792,654.3305459518474,0.0,45.220242755390856,654.3305459518474,0.0,17.110362123661407,654.3305459518474,0.0,34.569915311071,654.3305459518474
0.0,6.576431700590949,654.3305459518474,0.0,37.59623786355534,654.3305459518474,0.0,22.057235526760792,654.3305459518474,0.0,42.65950828790412,654.3305459518474,0.0,17.052163613036708,654.3305459518474,0.0,29.681240418596317,654.3305459518474
0.0,5.528858509346373,654.3305459518474,0.0,34.162525736698115,654.3305459518474,0.0,24.26877893049934,654.3305459518474,0.0,40.56436190541496,654.3305459518474,0.0,16.819369570537912,654.3305459518474,0.0,27.993483610480055,654.3305459518474
0.0,6.92562276433914,654.3305459518474,0.0,35.326495949192086,654.3305459518474,0.0,24.85076403674633,654.3305459518474,0.0,39.1093991397975,654.3305459518474,0.0,16.17918595366623,654.3305459518474,0.0,28.34267467422825,654.3305459518474
0.0,10.068342338072869,654.3305459518474,0.0,45.51123530851436,654.3305459518474,0.0,24.443374462373438,654.3305459518474,0.0,37.829031906054134,654.3305459518474,0.0,14.142238081801773,654.3305459518474,0.0,28.109880631729453,654.3305459518474
0.0,15.18981127304635,654.3305459518474,0.0,53.95001934909566,654.3305459518474,0.0,24.443374462373438,654.3305459518474,0.0,36.54866467231076,654.3305459518474,0.0,11.290511061191541,654.3305459518474,0.0,30.845210631090293,654.3305459518474
0.0,30.927166451035596,654.3305459518474,0.0,63.21312100794799,654.3305459518474,0.0,34.70220978152916,654.3305459518474,0.0,52.38519627089735,654.3305459518474,0.0,24.690565073652646,654.3305459518474,0.0,48.3930786181287,654.3305459518474
0.0,73.2821742619611,654.3305459518474,0.0,107.7025745019219,654.3305459518474,0.0,76.39495527567578,654.3305459518474,0.0,122.38635296695318,654.3305459518474,0.0,91.33828685338315,654.3305459518474,0.0,116.32734888230101,654.3305459518474
0.0,120.70681147691889,654.3305459518474,0.0,177.50087571549798,654.3305459518474,0.0,126.57532258048819,654.3305459518474,0.0,196.2931688545473,654.3305459518474,0.0,156.93525595202735,654.3305459518474,0.0,178.56284547552298,654.3305459518474
0.0,161.64915758364285,654.3305459518474,0.0,244.07935963465022,654.3305459518474,0.0,159.8858039352648,654.3305459518474,0.0,249.83968903505206,654.3305459518474,0.0,213.1227878105507,654.3305459518474,0.0,196.57162117728888,654.3305459518474
0.0,178.24695019062065,654.3305459518474,0.0,286.66716148807444,654.3305459518474,0.0,192.16125232917878,654.3305459518474,0.0,285.9704579699915,654.3305459518474,0.0,252.50013311009133,654.3305459518474,0.0,227.28206876401947,654.3305459518474
0.0,193.3033215707506,654.3305459518474,0.0,321.081913664292,654.3305459518474,0.0,194.94692097905246,654.3305459518474,0.0,302.38111481471327,654.3305459518474,0.0,274.21789377161423,654.3305459518474,0.0,262.30238562681956,654.3305459518474
0.0,195.37656698231763,654.3305459518474,0.0,325.7505124736349,654.3305459518474,0.0,248.56735939040564,654.3305459518474,0.0,296.97333369688636,654.3305459518474,0.0,279.3079232661404,654.3305459518474,0.0,274.764904489602,654.3305459518474
0.0,204.13328037518477,654.3305459518474,0.0,309.47833135006977,654.3305459518474,0.0,255.30116602221864,654.3305459518474,0.0,277.637031600706,654.3305459518474,0.0,270.9239805173569,654.3305459518474,0.0,283.44284155236556,654.3305459518474
0.0,150.50816159356154,654.3305459518474,0.0,277.0597268647291,654.3305459518474,0.0,231.5290591591941,654.3305459518474,0.0,242.81338896968725,654.3305459518474,0.0,247.58434368946925,654.3305459518474,0.0,270.5036952546319,654.3305459518474
0.0,88.02883160788717,642.3593775597345,0.0,228.7810112004663,654.3305459518474,0.0,165.82037340957066,654.3305459518474,0.0,194.10052466087424,654.3305459518474,0.0,205.61146726316764,654.3305459518474,0.0,220.43186511095712,654.3305459518474
0.0,43.20104867113362,585.5604262308682,0.0,162.91980861887592,654.3305459518474,0.0,142.16466356779557,654.3305459518474,0.0,140.07419755557652,654.3305459518474,0.0,143.08797987767892,654.3305459518474,0.0,149.18496011144703,654.3305459518474
0.0,25.653002955110164,606.0828285949564,0.0,87.35349587377117,654.3305459518474,0.0,78.7934567126853,654.3305459518474,0.0,81.53664657215799,654.3305459518474,0.0,77.2550372466942,654.3305459518474,0.0,69.94428133687441,654.3305459518474
0.0,21.824441484261996,623.542381782366,0.0,36.665061693560155,654.3305459518474,0.0,39.1093991397975,654.3305459518474,0.0,42.193920202906526,654.3305459518474,0.0,46.907999563507126,654.3305459518474,0.0,19.147309995525863,654.3305459518474
0.0,10.592128933695157,632.0160849293221,0.0,34.744510842945104,654.3305459518474,0.0,37.36344382105654,654.3305459518474,0.0,39.57498722479509,654.3305459518474,0.0,47.02439658475652,654.3305459518474,0.0,17.92514127240719,654.3305459518474
0.0,3.084521063109029,634.4837017798094,0.0,33.522342119826426,654.3305459518474,0.0,36.19947360856257,654.3305459518474,0.0,37.30524531043184,654.3305459518474,0.0,48.47935935037398,654.3305459518474,0.0,16.411979996165023,654.3305459518474
0.0,7.274813828087333,640.3035528422793,0.0,30.612416588591497,654.3305459518474,0.0,34.802709353569796,654.3305459518474,0.0,34.802709353569796,654.3305459518474,0.0,48.47935935037398,654.3305459518474,0.0,14.957017230547557,654.3305459518474
0.0,3.9574987224795093,643.4695518202628,0.0,27.70249105735656,654.3305459518474,0.0,33.40594509857703,654.3305459518474,0.0,33.114952545453534,654.3305459518474,0.0,49.41053552036916,654.3305459518474,0.0,15.829994889918037,654.3305459518474
0.0,3.7247046799807144,646.4493155642474,0.0,23.62859531362766,654.3305459518474,0.0,33.05675403482884,654.3305459518474,0.0,32.183776375458365,654.3305459518474,0.0,50.51630722223844,654.3305459518474,0.0,17.86694276178249,654.3305459518474
0.0,0.2909925531234933,646.6821096067462,0.0,20.36947871864453,654.3305459518474,0.0,34.104327226073416,654.3305459518474,0.0,31.659989779836074,654.3305459518474,0.0,50.92369679661133,654.3305459518474,0.0,21.009662335516218,654.3305459518474
0.0,0.05819851062469866,646.7286684152459,0.0,19.321905527399956,654.3305459518474,0.0,35.67568701294028,654.3305459518474,0.0,33.17315105607824,654.3305459518474,0.0,50.80729977536193,654.3305459518474,0.0,23.221205739254767,654.3305459518474
0.0,0.05819851062469866,646.7752272237457,0.0,18.914515953027067,654.3305459518474,0.0,37.36344382105654,654.3305459518474,0.0,35.67568701294028,654.3305459518474,0.0,51.56388041348302,654.3305459518474,0.0,27.353299993608367,654.3305459518474
0.0,2.560734467486741,648.823814797735,0.0,17.634148719283694,654.3305459518474,0.0,36.83965722543426,654.3305459518474,0.0,35.38469445981679,654.3305459518474,0.0,52.0876670091053,654.3305459518474,0.0,31.42719573733728,654.3305459518474
0.0,10.533930423070458,654.3305459518474,0.0,14.607826166799367,654.3305459518474,0.0,37.65443637418004,654.3305459518474,0.0,35.15190041731799,654.3305459518474,0.0,52.3786595622288,654.3305459518474,0.0,35.15190041731799,654.3305459518474
0.0,15.946391911167435,654.3305459518474,0.0,12.396282763060816,654.3305459518474,0.0,39.2839946716716,654.3305459518474,0.0,34.628113821695706,654.3305459518474,0.0,52.2040640303547,654.3305459518474,0.0,38.70200956542461,654.3305459518474
0.0,25.18909347952598,654.3305459518474,0.0,22.713316592841235,654.3305459518474,0.0,47.02607519416993,654.3305459518474,0.0,49.13393953602609,654.3305459518474,0.0,65.71733557422345,654.3305459518474,0.0,58.08865031211782,654.3305459518474
0.0,69.02582312624625,654.3305459518474,0.0,63.77691782006977,654.3305459518474,0.0,87.61137037703386,654.3305459518474,0.0,115.23111564995699,654.3305459518474,0.0,133.0602599916086,654.3305459518474,0.0,132.5742718161172,654.3305459518474
0.0,118.0910579886492,654.3305459518474,0.0,107.65294676734928,654.3305459518474,0.0,124.06925167581429,654.3305459518474,0.0,177.76864414625607,654.3305459518474,0.0,200.91911114450414,654.3305459518474,0.0,206.90419699830795,654.3305459518474
0.0,160.5357037506468,654.3305459518474,0.0,176.26369818809584,654.3305459518474,0.0,160.09934330972806,654.3305459518474,0.0,203.5084610205667,654.3305459518474,0.0,244.51200739877203,654.3305459518474,0.0,264.13612255823415,654.3305459518474
0.0,185.13830948264078,654.3305459518474,0.0,215.1361561020796,654.3305459518474,0.0,198.9182830833572,654.3305459518474,0.0,213.58484094773644,654.3305459518474,0.0,254.68906462696754,654.3305459518474,0.0,281.80824742663384,654.3305459518474
0.0,191.39866816934432,654.3305459518474,0.0,221.0316040048113,654.3305459518474,0.0,240.5921293674384,654.3305459518474,0.0,237.19807199911054,654.3305459518474,0.0,239.79792803817145,654.3305459518474,0.0,278.4845733413425,654.3305459518474
0.0,181.6290005155217,654.3305459518474,0.0,223.92112944555242,654.3305459518474,0.0,265.99061503811265,654.3305459518474,0.0,268.66660110439057,654.3305459518474,0.0,207.09619085981916,654.3305459518474,0.0,235.95028962827274,654.3305459518474
0.0,167.48808558516322,654.3305459518474,0.0,213.84792900822444,654.3305459518474,0.0,268.9115799193012,654.3305459518474,0.0,254.7113210558598,654.3305459518474,0.0,159.91538703731374,654.3305459518474,0.0,225.376882175658,654.3305459518474
0.0,134.30504060158964,654.3305459518474,0.0,188.70581696038448,654.3305459518474,0.0,187.46553899168848,654.3305459518474,0.0,192.48836469301978,654.3305459518474,0.0,144.03955613816788,654.3305459518474,0.0,230.67144576207727,654.3305459518474
0.0,88.53839936371412,642.8689453155615,0.0,154.34776241436327,654.3305459518474,0.0,114.08719006998672,654.3305459518474,0.0,126.80175764330349,654.3305459518474,0.0,135.64943213868605,654.3305459518474,0.0,214.57068068054446,654.3305459518474
0.0,44.501993724355856,587.3709390399174,0.0,100.3749534494202,654.3305459518474,0.0,83.70871294635225,638.0392588981997,0.0,81.8513964346021,636.1819423864495,0.0,114.9053264375593,654.3305459518474,0.0,174.3439373019689,654.3305459518474
0.0,14.740120637257519,599.1630355497234,0.0,43.028131748672934,654.3305459518474,0.0,64.30317298959358,654.3305459518474,0.0,48.6840711712522,654.3305459518474,0.0,72.1382486819908,654.3305459518474,0.0,101.90780390021592,654.3305459518474
0.0,3.084521063109029,601.6306524002107,0.0,5.9362480837192635,654.3305459518474,0.0,56.0451657315848,654.3305459518474,0.0,28.750064248601138,654.3305459518474,0.0,42.42671424540532,654.3305459518474,0.0,55.87057019971072,654.3305459518474
0.0,2.269741914363248,603.4464459317013,0.0,9.253563189327087,654.3305459518474,0.0,55.40498211471312,654.3305459518474,0.0,25.665543185492112,654.3305459518474,0.0,40.15697233104208,654.3305459518474,0.0,55.46318062533782,654.3305459518474
0.0,1.5713597868668638,604.7035337611948,0.0,13.0946648905572,654.3305459518474,0.0,54.88119551909084,654.3305459518474,0.0,21.999037016136093,654.3305459518474,0.0,38.469215522925815,654.3305459518474,0.0,54.41560743409325,654.3305459518474
0.0,1.396764254992768,605.820945165189,0.0,15.829994889918037,654.3305459518474,0.0,54.99759254034023,654.3305459518474,0.0,17.2849576555355,654.3305459518474,0.0,38.993002118548105,654.3305459518474,0.0,51.62207892410771,654.3305459518474
0.0,1.1639702124939733,606.7521213351841,0.0,19.67109659114815,654.3305459518474,0.0,55.34678360408843,654.3305459518474,0.0,15.888193400542736,654.3305459518474,0.0,39.3421931822963,654.3305459518474,0.0,46.384212967884835,654.3305459518474
0.0,0.9893746806198773,607.5436210796801,0.0,24.035984888000545,654.3305459518474,0.0,55.52137913596252,654.3305459518474,0.0,15.306208294295748,654.3305459518474,0.0,39.2257961610469,654.3305459518474,0.0,37.01425275730835,654.3305459518474
0.0,0.87297765937048,608.2420032071765,0.0,27.00410892986018,654.3305459518474,0.0,55.46318062533782,654.3305459518474,0.0,13.56025297555479,654.3305459518474,0.0,38.58561254417521,654.3305459518474,0.0,26.014734249240302,654.3305459518474
0.0,1.0475731912445758,609.0800617601722,0.0,29.15745382297403,654.3305459518474,0.0,54.99759254034023,654.3305459518474,0.0,11.174114039942143,654.3305459518474,0.0,36.141275097937864,654.3305459518474,0.0,16.99396510241201,654.3305459518474
0.0,1.1639702124939733,610.0112379301673,0.0,30.5542180779668,654.3305459518474,0.0,53.48443126409807,654.3305459518474,0.0,10.999518508068046,654.3305459518474,0.0,31.42719573733728,654.3305459518474,0.0,11.115915529317444,654.3305459518474
0.0,0.8147791487457813,610.663061249164,0.0,33.114952545453534,654.3305459518474,0.0,51.389284881608916,654.3305459518474,0.0,18.157935314905984,654.3305459518474,0.0,26.771314887361385,654.3305459518474,0.0,8.6133795724554,654.3305459518474
0.0,0.174595531874096,610.8027376746633,0.0,36.665061693560155,654.3305459518474,0.0,48.421160839749284,654.3305459518474,0.0,26.887711908610783,654.3305459518474,0.0,25.84013871736621,654.3305459518474,0.0,8.031394466208416,654.3305459518474
0.0,0.11639702124939733,610.8958552916628,0.0,39.98237679916799,654.3305459518474,0.0,45.51123530851436,654.3305459518474,0.0,31.60179126921138,654.3305459518474,0.0,27.41149850423307,654.3305459518474,0.0,7.798600423709622,654.3305459518474
0.0,3.169478643911028,613.4314382067915,0.0,54.10121302961926,654.3305459518474,0.0,53.70636368562832,654.3305459518474,0.0,43.44302572518756,654.3305459518474,0.0,38.67542822423237,654.3305459518474,0.0,25.14043343842653,654.3305459518474
0.0,10.795162145159956,599.2266003519514,0.0,107.75159000099146,654.3305459518474,0.0,72.46386016540345,654.3305459518474,0.0,86.3313586012606,654.3305459518474,0.0,87.28293486174958,654.3305459518474,0.0,99.30212206842667,654.3305459518474
0.0,21.43462796851127,595.6612283204627,0.0,167.55846886819978,654.3305459518474,0.0,110.31232446847821,654.3305459518474,0.0,143.07579510526708,654.3305459518474,0.0,180.6581695869972,654.3305459518474,0.0,171.70681602973224,654.3305459518474
0.0,41.07764233803883,536.7388706585015,0.0,243.90026146149103,654.3305459518474,0.0,151.15099151331978,654.3305459518474,0.0,186.63725191908756,654.3305459518474,0.0,244.09693569327237,654.3305459518474,0.0,227.8440092377428,654.3305459518474
0.0,89.67878999587253,526.417660654374,0.0,279.71645826297146,654.3305459518474,0.0,186.20274781656724,654.3305459518474,0.0,203.52453619876047,654.3305459518474,0.0,281.47663242150776,654.3305459518474,0.0,265.9567070237637,654.3305459518474
0.0,146.48292589093205,563.6040013671196,0.0,297.1086299282012,654.3305459518474,0.0,197.9244057614523,654.3305459518474,0.0,194.56814681325537,654.3305459518474,0.0,298.17042195924114,654.3305459518474,0.0,285.9788510170585,654.3305459518474
0.0,161.3725615992998,612.7020506465594,0.0,283.1958286700714,654.3305459518474,0.0,247.28999391751893,654.3305459518474,0.0,179.33249953098118,654.3305459518474,0.0,292.4433883376852,654.3305459518474,0.0,289.5164199347832,654.3305459518474
0.0,123.06168870106917,631.1514016074148,0.0,258.8999352114247,654.3305459518474,0.0,214.86820994233653,654.3305459518474,0.0,159.50853064989602,654.3305459518474,0.0,266.3670983589933,654.3305459518474,0.0,276.336619734439,654.3305459518474
0.0,60.489541274480985,591.6409428818957,0.0,225.542294695977,654.3305459518474,0.0,203.93457207601995,654.3305459518474,0.0,108.68162074852842,654.3305459518474,0.0,218.90333957246133,654.3305459518474,0.0,247.07963403289745,654.3305459518474
0.0,36.13862879505129,527.7795716769471,0.0,182.2199909043388,654.3305459518474,0.0,187.4075182100488,654.3305459518474,0.0,61.79180947914651,616.1223554309939,0.0,171.10443083299145,654.3305459518474,0.0,199.68175588811698,654.3305459518474
0.0,20.45779351827334,448.2373651952204,0.0,83.65705114439612,637.9875970962435,0.0,152.94878636300194,654.3305459518474,0.0,46.878594190443245,563.0009496214371,0.0,109.89442873110688,654.3305459518474,0.0,136.09815508100166,654.3305459518474
0.0,10.227218149723267,456.419139714999,0.0,47.87865276304661,654.3305459518474,0.0,88.14619632260974,654.3305459518474,0.0,26.189507510099453,583.9525556295167,0.0,47.78937026994462,654.3305459518474,0.0,64.72999496098709,654.3305459518474
0.0,16.295582974915625,469.4556060949315,0.0,32.88215850295474,654.3305459518474,0.0,43.4160889260252,654.3305459518474,0.0,14.31683361367587,595.4060225204574,0.0,10.417533401821059,654.3305459518474,0.0,20.485875739893928,654.3305459518474
0.0,22.406426590508985,487.3807473673387,0.0,36.141275097937864,654.3305459518474,0.0,42.717706798528816,654.3305459518474,0.0,14.607826166799367,607.0922834538969,0.0,2.8517270206102348,654.3305459518474,0.0,25.432749142993313,654.3305459518474
0.0,23.337602760504165,506.05082957574206,0.0,39.400391692921,654.3305459518474,0.0,40.79715594791376,654.3305459518474,0.0,16.353781485540324,620.1753086423291,0.0,4.248491275603002,654.3305459518474,0.0,30.437821056717404,654.3305459518474
0.0,17.401354676784898,519.97191331717,0.0,40.273369352291475,654.3305459518474,0.0,36.665061693560155,654.3305459518474,0.0,20.77686829301742,636.796803276743,0.0,17.575950208658995,654.3305459518474,0.0,33.23134956670293,654.3305459518474
0.0,15.888193400542736,532.6824680376042,0.0,42.36851573478063,654.3305459518474,0.0,31.36899722671258,654.3305459518474,0.0,25.432749142993313,654.3305459518474,0.0,18.507126378654174,654.3305459518474,0.0,35.442892970441484,654.3305459518474
0.0,20.136684676145737,548.7918157785208,0.0,39.74958275666919,654.3305459518474,0.0,25.14175658986982,654.3305459518474,0.0,25.956535738615603,654.3305459518474,0.0,33.34774658795233,654.3305459518474,0.0,37.130649778557746,654.3305459518474
0.0,27.12050595110958,570.4882205394084,0.0,35.79208403418968,654.3305459518474,0.0,22.057235526760792,654.3305459518474,0.0,22.464625101133684,654.3305459518474,0.0,50.92369679661133,654.3305459518474,0.0,38.06182594855293,654.3305459518474
0.0,41.78653062853363,603.9174450422353,0.0,37.65443637418004,654.3305459518474,0.0,17.2849576555355,654.3305459518474,0.0,18.332530846780077,654.3305459518474,0.0,54.64840147659204,654.3305459518474,0.0,37.65443637418004,654.3305459518474
0.0,50.749101264737234,644.5167260540251,0.0,45.220242755390856,654.3305459518474,0.0,11.988893188687923,654.3305459518474,0.0,19.089111484901164,654.3305459518474,0.0,54.706599987216734,654.3305459518474,0.0,36.83965722543426,654.3305459518474
0.0,51.09829232848543,654.3305459518474,0.0,43.823478500398096,654.3305459518474,0.0,6.809225743089744,654.3305459518474,0.0,23.163007228630068,654.3305459518474,0.0,45.627632329763756,654.3305459518474,0.0,36.432267651061366,654.3305459518474
0.0,48.82855041412218,654.3305459518474,0.0,42.60130977727942,654.3305459518474,0.0,4.539483828726496,654.3305459518474,0.0,27.469697014857765,654.3305459518474,0.0,35.85028254481438,654.3305459518474,0.0,35.67568701294028,654.3305459518474
0.0,46.15141892538605,654.3305459518474,0.0,42.25211871353123,654.3305459518474,0.0,3.608307658731317,654.3305459518474,0.0,32.125577864833666,654.3305459518474,0.0,42.54311126665472,654.3305459518474,0.0,35.50109148106618,654.3305459518474
0.0,53.202977180499836,654.3305459518474,0.0,44.79713346079427,654.3305459518474,0.0,20.042544083788602,654.3305459518474,0.0,51.99184780733476,654.3305459518474,0.0,58.81847188006161,654.3305459518474,0.0,41.5632750555601,654.3305459518474
0.0,101.66096874690683,654.3305459518474,0.0,55.26518324211324,654.3305459518474,0.0,92.92068599020361,654.3305459518474,0.0,90.11072684405414,654.3305459518474,0.0,130.61910203521302,654.3305459518474,0.0,72.61973421619716,654.3305459518474
0.0,179.4624044760857,654.3305459518474,0.0,65.85916851420686,654.3305459518474,0.0,160.72919849258636,654.3305459518474,0.0,131.61465796653133,654.3305459518474,0.0,202.20583735793105,654.3305459518474,0.0,119.69518036740676,654.3305459518474
0.0,234.8130784859561,654.3305459518474,0.0,64.66861696052064,618.9991629123681,0.0,219.57346174935208,654.3305459518474,0.0,171.45759135106954,654.3305459518474,0.0,254.88255936890704,654.3305459518474,0.0,173.47935268966543,654.3305459518474
0.0,258.66378395009906,654.3305459518474,0.0,69.22081874861415,588.2199816609823,0.0,251.97634651446904,654.3305459518474,0.0,194.21038497345506,654.3305459518474,0.0,297.82741214619136,654.3305459518474,0.0,220.6964540518734,654.3305459518474
0.0,252.52768214475674,654.3305459518474,0.0,84.61216235269694,572.8321440136792,0.0,273.58874950469624,654.3305459518474,0.0,207.05671383027482,654.3305459518474,0.0,313.8070998362047,654.3305459518474,0.0,254.6566574930469,654.3305459518474
0.0,239.63101463742416,654.3305459518474,0.0,78.05295125275804,550.8850952664372,0.0,277.0020615410596,654.3305459518474,0.0,205.00086674834492,654.3305459518474,0.0,310.20665203758523,654.3305459518474,0.0,272.09916780878956,654.3305459518474
0.0,221.9478504190709,654.3305459518474,0.0,60.55542191623249,511.44051718266974,0.0,265.17186643503703,654.3305459518474,0.0,182.1898746153347,654.3305459518474,0.0,293.9926694246448,654.3305459518474,0.0,261.8592316996993,654.3305459518474
0.0,218.65093540395685,654.3305459518474,0.0,49.0429784335107,460.48349561618045,0.0,238.10602404674026,654.3305459518474,0.0,152.03633167408717,654.3305459518474,0.0,261.1116563441483,654.3305459518474,0.0,233.8668935116775,654.3305459518474
0.0,199.81952069333332,654.3305459518474,0.0,34.63164876950757,395.11514438568804,0.0,189.33496122730256,654.3305459518474,0.0,121.13406795483041,654.3305459518474,0.0,208.28559699104713,654.3305459518474,0.0,185.98452807183395,654.3305459518474
0.0,155.72173705350863,654.3305459518474,0.0,27.974939858384722,323.0900842440727,0.0,123.81191035950677,654.3305459518474,0.0,83.63011434523375,637.9606602970812,0.0,137.22114738352303,654.3305459518474,0.0,120.3529400429006,654.3305459518474
0.0,93.86687096448227,654.3305459518474,0.0,16.49711530595208,336.28777648883437,0.0,50.864530592513454,654.3305459518474,0.0,60.57846830961286,654.3305459518474,0.0,57.20030839049376,654.3305459518474,0.0,51.525114299878936,654.3305459518474
0.0,54.35740892346856,654.3305459518474,0.0,4.132094254353605,339.59345189231726,0.0,9.020769146828293,654.3305459518474,0.0,52.3204610516041,654.3305459518474,0.0,6.51823318996625,654.3305459518474,0.0,11.872496167438527,654.3305459518474
0.0,53.251637221599275,654.3305459518474,0.0,11.465106593065636,348.7655371667698,0.0,10.766724465569252,654.3305459518474,0.0,51.331086370984224,654.3305459518474,0.0,1.5131612762421651,654.3305459518474,0.0,9.020769146828293,654.3305459518474
0.0,51.331086370984224,654.3305459518474,0.0,19.67109659114815,364.5024144396883,0.0,12.978267869307802,654.3305459518474,0.0,49.75972658411735,654.3305459518474,0.0,7.333012338712031,654.3305459518474,0.0,6.92562276433914,654.3305459518474
0.0,48.59575637162338,654.3305459518474,0.0,23.57039680300296,383.3587318820907,0.0,15.829994889918037,654.3305459518474,0.0,47.7227787122529,654.3305459518474,0.0,21.7080444630126,654.3305459518474,0.0,5.179667445598181,654.3305459518474
0.0,45.860426372262545,654.3305459518474,0.0,26.422123823613195,404.49643094098127,0.0,17.92514127240719,654.3305459518474,0.0,46.15141892538605,654.3305459518474,0.0,33.23134956670293,654.3305459518474,0.0,3.7247046799807144,654.3305459518474
0.0,42.60130977727942,654.3305459518474,0.0,33.40594509857703,431.2211870198429,0.0,20.07848616552104,654.3305459518474,0.0,44.92925020226737,654.3305459518474,0.0,35.67568701294028,654.3305459518474,0.0,2.793528509985536,654.3305459518474
0.0,38.469215522925815,654.3305459518474,0.0,37.07245126793305,460.8791480341893,0.0,23.919587866751147,654.3305459518474,0.0,44.17266956414628,654.3305459518474,0.0,35.67568701294028,654.3305459518474,0.0,3.1427195737337277,654.3305459518474
0.0,34.33712126857221,654.3305459518474,0.0,40.79715594791376,493.5168727925203,0.0,26.422123823613195,654.3305459518474,0.0,43.939875521647494,654.3305459518474,0.0,42.834103819778214,654.3305459518474,0.0,4.888674892474688,654.3305459518474
0.0,29.623041907971622,654.3305459518474,0.0,43.7070814791487,528.4825379758393,0.0,25.956535738615603,654.3305459518474,0.0,44.05627254289689,654.3305459518474,0.0,49.468734030993865,654.3305459518474,0.0,6.692828721840346,654.3305459518474
0.0,25.025359568620424,654.3305459518474,0.0,48.59575637162338,567.359143073138,0.0,24.32697744112404,654.3305459518474,0.0,43.4160889260252,654.3305459518474,0.0,52.2040640303547,654.3305459518474,0.0,7.565806381210827,654.3305459518474
0.0,20.136684676145737,654.3305459518474,0.0,50.63270424348784,607.8653064679282,0.0,23.163007228630068,654.3305459518474,0.0,42.019324671032436,654.3305459518474,0.0,53.775423817221565,654.3305459518474,0.0,6.98382127496384,654.3305459518474
0.0,14.957017230547557,654.3305459518474,0.0,52.14586551973,649.5819988837122,0.0,23.686793824252355,654.3305459518474,0.0,40.33156786291617,654.3305459518474,0.0,55.34678360408843,654.3305459518474,0.0,7.042019785588539,654.3305459518474
0.0,24.121120197787604,654.3305459518474,0.0,66.48177607245638,654.3305459518474,0.0,33.65931696055468,654.3305459518474,0.0,41.12594692116816,654.3305459518474,0.0,69.00003174954213,654.3305459518474,0.0,22.076312465811302,654.3305459518474
0.0,87.85573695644143,654.3305459518474,0.0,116.92487597978665,654.3305459518474,0.0,80.44845092891089,654.3305459518474,0.0,61.72071528016975,654.3305459518474,0.0,139.63201132192944,654.3305459518474,0.0,68.19382337684843,654.3305459518474
0.0,152.14557975116495,654.3305459518474,0.0,175.00151924847768,654.3305459518474,0.0,141.41461963834305,654.3305459518474,0.0,101.40009248278744,654.3305459518474,0.0,211.40438152647522,654.3305459518474,0.0,131.90168106532494,654.3305459518474
0.0,214.62022936656922,654.3305459518474,0.0,225.27788348404573,654.3305459518474,0.0,189.85071023382793,654.3305459518474,0.0,140.56354294989472,654.3305459518474,0.0,266.10233168909195,654.3305459518474,0.0,214.68628773730572,654.3305459518474
0.0,254.2996065691869,654.3305459518474,0.0,240.67240657797026,654.3305459518474,0.0,225.52542955329506,654.3305459518474,0.0,171.74425899189302,654.3305459518474,0.0,300.38646800426477,654.3305459518474,0.0,256.3915734618343,654.3305459518474
0.0,276.4782749454373,654.3305459518474,0.0,234.039277247183,654.3305459518474,0.0,254.60313935269232,654.3305459518474,0.0,190.02044766644687,654.3305459518474,0.0,318.6280377485294,654.3305459518474,0.0,275.5375603059169,654.3305459518474
0.0,279.8915869818007,654.3305459518474,0.0,234.1085151077613,654.3305459518474,0.0,252.61653013134074,654.3305459518474,0.0,198.27845492445562,654.3305459518474,0.0,321.2265706361471,654.3305459518474,0.0,278.64884043920324,654.3305459518474
0.0,264.8730140218017,654.3305459518474,0.0,225.52807585618166,654.3305459518474,0.0,210.76490882554373,654.3305459518474,0.0,189.14429051723462,654.3305459518474,0.0,307.4333458891084,654.3305459518474,0.0,270.2995166207089,654.3305459518474
0.0,232.7878808799855,654.3305459518474,0.0,219.8528817655668,654.3305459518474,0.0,145.10656172643309,654.3305459518474,0.0,157.78429857309214,654.3305459518474,0.0,276.9227520240009,654.3305459518474,0.0,248.5344190695299,654.3305459518474
0.0,183.784024018049,654.3305459518474,0.0,192.30105120177868,654.3305459518474,0.0,141.93072410283858,654.3305459518474,0.0,128.25839901833436,654.3305459518474,0.0,229.03570621388727,654.3305459518474,0.0,208.03858410875299,654.3305459518474
0.0,122.784737258756,654.3305459518474,0.0,139.13366064504115,654.3305459518474,0.0,113.91162684463944,654.3305459518474,0.0,92.7474136097728,647.0779595616202,0.0,162.9149505196208,654.3305459518474,0.0,147.20921251106398,654.3305459518474
0.0,49.27259298616774,654.3305459518474,0.0,66.63782785223513,654.3305459518474,0.0,49.69570228076433,654.3305459518474,0.0,39.12229482814956,654.3305459518474,0.0,89.71905698990497,654.3305459518474,0.0,76.9342838625367,654.3305459518474
0.0,20.660471271768024,654.3305459518474,0.0,24.79256552612163,654.3305459518474,0.0,16.17918595366623,654.3305459518474,0.0,12.16348872056202,654.3305459518474,0.0,52.14586551973,654.3305459518474,0.0,35.03550339606859,654.3305459518474
0.0,25.083558079245122,654.3305459518474,0.0,24.967161057995725,654.3305459518474,0.0,12.105290209937321,654.3305459518474,0.0,9.835548295574075,654.3305459518474,0.0,52.4368580728535,654.3305459518474,0.0,32.125577864833666,654.3305459518474
0.0,25.956535738615603,654.3305459518474,0.0,25.49094765361801,654.3305459518474,0.0,8.380585529956607,654.3305459518474,0.0,9.13716616807769,654.3305459518474,0.0,52.0876670091053,654.3305459518474,0.0,31.136203184213784,654.3305459518474
0.0,22.581022122383082,654.3305459518474,0.0,25.083558079245122,654.3305459518474,0.0,5.412461488096976,654.3305459518474,0.0,9.311761699951786,654.3305459518474,0.0,52.96064466847578,654.3305459518474,0.0,30.728813609840895,654.3305459518474
0.0,19.438302548649354,654.3305459518474,0.0,21.940838505511394,654.3305459518474,0.0,3.7247046799807144,654.3305459518474,0.0,11.174114039942143,654.3305459518474,0.0,55.98696722096011,654.3305459518474,0.0,29.85583595047041,654.3305459518474
0.0,22.581022122383082,654.3305459518474,0.0,17.80874425115779,654.3305459518474,0.0,2.61893297811144,654.3305459518474,0.0,13.211061911806597,654.3305459518474,0.0,57.441929986577584,654.3305459518474,0.0,30.6706150992162,654.3305459518474
0.0,19.787493612397544,654.3305459518474,0.0,14.142238081801773,654.3305459518474,0.0,1.3385657443680692,654.3305459518474,0.0,17.80874425115779,654.3305459518474,0.0,57.616525518451674,654.3305459518474,0.0,31.194401694838486,654.3305459518474
0.0,14.200436592426472,654.3305459518474,0.0,11.581503614315034,654.3305459518474,0.0,0.174595531874096,654.3305459518474,0.0,22.98841169675597,654.3305459518474,0.0,57.09273892282938,654.3305459518474,0.0,30.03043148234451,654.3305459518474
0.0,12.221687231186719,654.3305459518474,0.0,9.660952763699978,654.3305459518474,0.0,0.0,654.3305459518474,0.0,29.15745382297403,654.3305459518474,0.0,55.92876871033541,654.3305459518474,0.0,27.70249105735656,654.3305459518474
0.0,11.232312550566842,654.3305459518474,0.0,7.914997444959019,654.3305459518474,0.0,0.7565806381210826,654.3305459518474,0.0,34.51171680044631,654.3305459518474,0.0,55.113989561589634,654.3305459518474,0.0,25.14175658986982,654.3305459518474
0.0,13.211061911806597,654.3305459518474,0.0,6.0526451049686605,654.3305459518474,0.0,6.169042126218058,654.3305459518474,0.0,38.00362743792823,654.3305459518474,0.0,53.01884317910048,654.3305459518474,0.0,21.009662335516218,654.3305459518474
0.0,15.71359786866864,654.3305459518474,0.0,4.015697233104208,654.3305459518474,0.0,13.211061911806597,654.3305459518474,0.0,38.17822296980233,654.3305459518474,0.0,48.944947435371574,654.3305459518474,0.0,16.761171059913213,654.3305459518474
0.0,28.87449885894744,654.3305459518474,0.0,14.208474181523378,654.3305459518474,0.0,17.2267591449108,654.3305459518474,0.0,39.86915926776034,654.3305459518474,0.0,58.17510877334817,654.3305459518474,0.0,27.213501121008484,654.3305459518474
0.0,46.875414700601496,654.3305459518474,0.0,76.34965245340314,654.3305459518474,0.0,24.025123267032004,653.3556692188794,0.0,60.360070835894476,654.3305459518474,0.0,134.9589098713015,654.3305459518474,0.0,98.83017500374558,654.3305459518474
0.0,69.93810008617598,654.3305459518474,0.0,135.5084878436279,654.3305459518474,0.0,31.14441850229575,654.3305459518474,0.0,92.86831327230725,654.3305459518474,0.0,212.40647416646206,654.3305459518474,0.0,167.7240591175038,654.3305459518474
0.0,180.25095774160937,654.3305459518474,0.0,179.93974282697712,654.3305459518474,0.0,51.045485104071055,605.3760310559185,0.0,128.5806532829202,654.3305459518474,0.0,269.6022799156708,654.3305459518474,0.0,221.32409743836314,654.3305459518474
0.0,219.17993555680442,654.3305459518474,0.0,213.1227878105507,654.3305459518474,0.0,92.14838563185884,597.5244166877774,0.0,149.60003181694674,654.3305459518474,0.0,305.89192466226064,654.3305459518474,0.0,255.9841838874614,654.3305459518474
0.0,204.59233175151383,654.3305459518474,0.0,223.30134591917454,654.3305459518474,0.0,153.4055468944145,640.248854203309,0.0,157.16751680757096,654.3305459518474,0.0,324.29705058844576,654.3305459518474,0.0,264.5363631884354,654.3305459518474
0.0,124.90178461216729,654.3305459518474,0.0,225.37759309159827,654.3305459518474,0.0,170.02223871145773,654.3305459518474,0.0,151.91225252171097,654.3305459518474,0.0,327.0166608675829,654.3305459518474,0.0,250.24293142611003,654.3305459518474
0.0,114.80818408434547,654.3305459518474,0.0,197.72340661737104,654.3305459518474,0.0,139.1514144326484,654.3305459518474,0.0,147.20435441180882,654.3305459518474,0.0,312.7939678462642,654.3305459518474,0.0,239.62704518309425,654.3305459518474
0.0,84.12299468736381,638.4535406392113,0.0,158.47181907961996,654.3305459518474,0.0,92.30408195366748,646.6346279055149,0.0,123.15697471588456,654.3305459518474,0.0,284.5106371051189,654.3305459518474,0.0,232.5644475780269,654.3305459518474
0.0,48.182541004522164,586.6360816437334,0.0,123.09913166322998,654.3305459518474,0.0,58.718327765991084,605.3529556715059,0.0,101.80094534849178,654.3305459518474,0.0,235.27398620068362,654.3305459518474,0.0,189.69669252143268,654.3305459518474
0.0,29.24576862260284,515.8818502663362,0.0,83.7814857547424,638.1120317065898,0.0,36.74569436206217,542.0986500335681,0.0,81.07723973785886,635.4077856897063,0.0,165.60780172858063,654.3305459518474,0.0,123.36204199473289,654.3305459518474
0.0,11.960633238082277,525.450356856802,0.0,48.54727405950899,654.3305459518474,0.0,16.18086456307963,555.0433416840318,0.0,61.04405639461045,654.3305459518474,0.0,90.91446664284634,654.3305459518474,0.0,48.42805300638796,654.3305459518474
0.0,5.412461488096976,529.7803260472796,0.0,31.36899722671258,654.3305459518474,0.0,9.719151274324677,562.8186627034916,0.0,54.35740892346856,654.3305459518474,0.0,52.14586551973,654.3305459518474,0.0,5.528858509346373,654.3305459518474
0.0,4.015697233104208,532.9928838337629,0.0,35.21009892794269,654.3305459518474,0.0,10.592128933695157,571.2923658504477,0.0,54.82299700846614,654.3305459518474,0.0,50.45810871161374,654.3305459518474,0.0,7.158416806837935,654.3305459518474
0.0,3.608307658731317,535.879529960748,0.0,38.00362743792823,654.3305459518474,0.0,11.930694678063224,580.8369215928983,0.0,55.055791050964935,654.3305459518474,0.0,49.00314594599627,654.3305459518474,0.0,11.290511061191541,654.3305459518474
0.0,6.227240636842756,540.8613224702221,0.0,39.2257961610469,654.3305459518474,0.0,15.829994889918037,593.5009175048327,0.0,54.706599987216734,654.3305459518474,0.0,48.59575637162338,654.3305459518474,0.0,14.957017230547557,654.3305459518474
0.0,12.978267869307802,551.2439367656684,0.0,38.41101701230112,654.3305459518474,0.0,20.194883186770436,609.6568240542491,0.0,54.124614880969766,654.3305459518474,0.0,48.82855041412218,654.3305459518474,0.0,17.75054574053309,654.3305459518474
0.0,20.835066803642118,567.9119902085821,0.0,36.665061693560155,654.3305459518474,0.0,25.374550632368617,629.956464560144,0.0,53.36803424284868,654.3305459518474,0.0,49.75972658411735,654.3305459518474,0.0,20.835066803642118,654.3305459518474
0.0,22.75561765425718,586.1164843319879,0.0,32.53296743920656,654.3305459518474,0.0,28.517270206102342,652.7702807250259,0.0,52.2040640303547,654.3305459518474,0.0,50.749101264737234,654.3305459518474,0.0,23.163007228630068,654.3305459518474
0.0,21.417051909889107,603.2501258598992,0.0,27.353299993608367,654.3305459518474,0.0,31.776386801085472,654.3305459518474,0.0,50.690902754112535,654.3305459518474,0.0,50.80729977536193,654.3305459518474,0.0,25.607344674867413,654.3305459518474
0.0,18.623523399903572,618.148944579822,0.0,22.057235526760792,654.3305459518474,0.0,35.21009892794269,654.3305459518474,0.0,49.06134445662097,654.3305459518474,0.0,49.75972658411735,654.3305459518474,0.0,30.787012120465597,654.3305459518474
0.0,16.58657552803912,631.4182050022533,0.0,18.332530846780077,654.3305459518474,0.0,34.744510842945104,654.3305459518474,0.0,48.0137712653764,654.3305459518474,0.0,47.54818318037881,654.3305459518474,0.0,35.26829743856739,654.3305459518474
0.0,14.840620209298159,643.2907011696918,0.0,16.58657552803912,654.3305459518474,0.0,33.92973169419932,654.3305459518474,0.0,48.47935935037398,654.3305459518474,0.0,47.08259509538122,654.3305459518474,0.0,38.58561254417521,654.3305459518474
0.0,13.0364663799325,653.7198742736379,0.0,16.062788932416833,654.3305459518474,0.0,33.638739141075824,654.3305459518474,0.0,48.82855041412218,654.3305459518474,0.0,46.03502190413665,654.3305459518474,0.0,38.76020807604931,654.3305459518474
0.0,21.712902562267757,654.3305459518474,0.0,26.96966772855609,654.3305459518474,0.0,44.62271565790524,654.3305459518474,0.0,53.490790243781575,654.3305459518474,0.0,52.632031424206446,654.3305459518474,0.0,42.79330363879062,654.3305459518474
0.0,68.38563950937456,654.3305459518474,0.0,81.17059036572788,654.3305459518474,0.0,101.09338020944026,654.3305459518474,0.0,78.966373635146,654.3305459518474,0.0,92.2296305358639,654.3305459518474,0.0,87.64616703630807,654.3305459518474
0.0,124.6549494588582,654.3305459518474,0.0,133.90233139748682,654.3305459518474,0.0,178.97977351942112,654.3305459518474,0.0,118.01342708100387,654.3305459518474,0.0,162.35822360312272,654.3305459518474,0.0,173.07814436599102,654.3305459518474
0.0,172.7165908008459,654.3305459518474,0.0,192.6616370734506,654.3305459518474,0.0,235.22232439872744,654.3305459518474,0.0,160.64838809509928,654.3305459518474,0.0,247.46609032982138,654.3305459518474,0.0,223.32942814079513,654.3305459518474
0.0,215.83285962016257,654.3305459518474,0.0,225.23911737044162,654.3305459518474,0.0,263.84062736382566,654.3305459518474,0.0,184.0366849640864,654.3305459518474,0.0,281.4749538120943,654.3305459518474,0.0,259.34229917405685,654.3305459518474
0.0,239.06696104776944,654.3305459518474,0.0,246.4519906464077,654.3305459518474,0.0,298.6957094352918,654.3305459518474,0.0,185.56406508012392,654.3305459518474,0.0,293.69681877226617,654.3305459518474,0.0,277.21895813434963,654.3305459518474
0.0,254.15627274877517,654.3305459518474,0.0,245.84324646998346,654.3305459518474,0.0,306.7791211614265,654.3305459518474,0.0,202.40101070928398,654.3305459518474,0.0,301.22182497248934,654.3305459518474,0.0,280.13206315542635,654.3305459518474
0.0,254.04923646806597,654.3305459518474,0.0,234.7932115824175,654.3305459518474,0.0,295.00712456602855,654.3305459518474,0.0,192.71162026599333,654.3305459518474,0.0,272.7135600489571,654.3305459518474,0.0,268.298688559562,654.3305459518474
0.0,232.43833435826718,654.3305459518474,0.0,206.90155069542135,654.3305459518474,0.0,267.62353055443106,654.3305459518474,0.0,171.44054847940254,654.3305459518474,0.0,218.2798433692865,654.3305459518474,0.0,241.12112952028596,654.3305459518474
0.0,195.21115446199866,654.3305459518474,0.0,165.79079030752172,654.3305459518474,0.0,221.59097722419588,654.3305459518474,0.0,151.36020597548304,654.3305459518474,0.0,192.43616970410844,654.3305459518474,0.0,194.3130963418643,654.3305459518474
0.0,132.49585094398375,654.3305459518474,0.0,107.52383178673288,654.3305459518474,0.0,156.1796430073794,654.3305459518474,0.0,97.59661147270319,651.9271574245506,0.0,145.06505062950527,654.3305459518474,0.0,129.13137667770482,654.3305459518474
0.0,61.51785979769001,654.3305459518474,0.0,47.68551347907717,654.3305459518474,0.0,82.31998628045638,654.3305459518474,0.0,52.61799031339615,654.3305459518474,0.0,79.84721115462833,654.3305459518474,0.0,57.31652768275809,654.3305459518474
0.0,24.908962547371026,654.3305459518474,0.0,11.232312550566842,654.3305459518474,0.0,41.61193509665954,654.3305459518474,0.0,34.27892275794751,654.3305459518474,0.0,46.907999563507126,654.3305459518474,0.0,25.25815361111922,654.3305459518474
0.0,21.358853399264408,654.3305459518474,0.0,10.533930423070458,654.3305459518474,0.0,40.91355296916316,654.3305459518474,0.0,33.40594509857703,654.3305459518474,0.0,44.98744871289207,654.3305459518474,0.0,22.23183105863489,654.3305459518474
0.0,17.983339783031887,654.3305459518474,0.0,10.824922976193951,654.3305459518474,0.0,39.2257961610469,654.3305459518474,0.0,32.00918084358427,654.3305459518474,0.0,42.717706798528816,654.3305459518474,0.0,20.660471271768024,654.3305459518474
0.0,12.57087829493491,654.3305459518474,0.0,10.708525954944554,654.3305459518474,0.0,34.22072424732281,654.3305459518474,0.0,30.03043148234451,654.3305459518474,0.0,41.14634701166195,654.3305459518474,0.0,23.686793824252355,654.3305459518474
0.0,9.719151274324677,654.3305459518474,0.0,10.708525954944554,654.3305459518474,0.0,27.41149850423307,654.3305459518474,0.0,27.41149850423307,654.3305459518474,0.0,39.1675976504222,654.3305459518474,0.0,28.34267467422825,654.3305459518474
0.0,7.682203402460224,654.3305459518474,0.0,10.301136380571663,654.3305459518474,0.0,21.882639994886695,654.3305459518474,0.0,25.84013871736621,654.3305459518474,0.0,36.89785573605895,654.3305459518474,0.0,27.527895525482467,654.3305459518474
0.0,7.333012338712031,654.3305459518474,0.0,9.719151274324677,654.3305459518474,0.0,18.79811893177767,654.3305459518474,0.0,24.734367015496932,654.3305459518474,0.0,35.442892970441484,654.3305459518474,0.0,31.136203184213784,654.3305459518474
0.0,10.999518508068046,654.3305459518474,0.0,8.496982551206004,654.3305459518474,0.0,15.364406804920447,654.3305459518474,0.0,24.152381909249943,654.3305459518474,0.0,33.75513616232522,654.3305459518474,0.0,35.50109148106618,654.3305459518474
0.0,17.634148719283694,654.3305459518474,0.0,7.333012338712031,654.3305459518474,0.0,11.697900635564432,654.3305459518474,0.0,23.337602760504165,654.3305459518474,0.0,32.30017339670776,654.3305459518474,0.0,36.25767211918726,654.3305459518474
0.0,20.835066803642118,654.3305459518474,0.0,6.576431700590949,654.3305459518474,0.0,8.555181061830703,654.3305459518474,0.0,21.7662429736373,654.3305459518474,0.0,31.136203184213784,654.3305459518474,0.0,33.40594509857703,654.3305459518474
0.0,19.61289808052345,654.3305459518474,0.0,6.0526451049686605,654.3305459518474,0.0,6.51823318996625,654.3305459518474,0.0,18.914515953027067,654.3305459518474,0.0,27.877086589230657,654.3305459518474,0.0,28.34267467422825,654.3305459518474
0.0,21.067860846140917,654.3305459518474,0.0,6.169042126218058,654.3305459518474,0.0,4.714079360600592,654.3305459518474,0.0,15.71359786866864,654.3305459518474,0.0,23.395801271128864,654.3305459518474,0.0,26.713116376736686,654.3305459518474
0.0,28.522128305357498,654.3305459518474,0.0,18.523023827862932,654.3305459518474,0.0,13.258398801462752,654.3305459518474,0.0,20.40577625834709,654.3305459518474,0.0,30.019569861375967,654.3305459518474,0.0,36.84769481453116,654.3305459518474
0.0,83.74554367300996,654.3305459518474,0.0,75.34287944314616,654.3305459518474,0.0,67.0912311648209,654.3305459518474,0.0,74.29998662217169,654.3305459518474,0.0,78.77491296058997,654.3305459518474,0.0,99.41048150057915,654.3305459518474
0.0,149.5517272338174,654.3305459518474,0.0,144.00864988467566,654.3305459518474,0.0,129.2559890170362,654.3305459518474,0.0,136.26656936217734,654.3305459518474,0.0,143.65142123183057,654.3305459518474,0.0,165.60833491553578,654.3305459518474
0.0,183.15638063155924,654.3305459518474,0.0,204.75774427183273,654.3305459518474,0.0,180.56420672362512,654.3305459518474,0.0,190.1151214457592,654.3305459518474,0.0,196.76547137719854,654.3305459518474,0.0,223.96175189755496,654.3305459518474
0.0,176.67426725231047,654.3305459518474,0.0,245.9345630304689,654.3305459518474,0.0,226.98525041816768,654.3305459518474,0.0,241.07414808859988,654.3305459518474,0.0,213.931207979613,654.3305459518474,0.0,259.9493647410677,654.3305459518474
0.0,97.5782454495929,651.9087914014403,0.0,266.98070063467276,654.3305459518474,0.0,262.4836955963473,654.3305459518474,0.0,260.9798950606453,654.3305459518474,0.0,222.26949244815367,654.3305459518474,0.0,274.5715874766475,654.3305459518474
0.0,147.59505657248485,654.3305459518474,0.0,264.3161093763186,654.3305459518474,0.0,276.81960614907365,654.3305459518474,0.0,266.72432701183845,654.3305459518474,0.0,229.50668558509514,654.3305459518474,0.0,270.6644274046808,654.3305459518474
0.0,94.20105322394697,648.5315991757943,0.0,208.75304141444315,654.3305459518474,0.0,262.8250267999836,654.3305459518474,0.0,255.11120622809094,654.3305459518474,0.0,233.36986598623247,654.3305459518474,0.0,251.63015721157754,654.3305459518474
0.0,62.450892306083645,610.982491481878,0.0,146.01415831609273,654.3305459518474,0.0,232.12093819293653,654.3305459518474,0.0,223.5844786121862,654.3305459518474,0.0,209.66699698378628,654.3305459518474,0.0,220.32050391794792,654.3305459518474
0.0,74.38944684425871,585.3719383261367,0.0,105.51214210461737,654.3305459518474,0.0,187.04314061303214,654.3305459518474,0.0,175.04938932508904,654.3305459518474,0.0,166.3068947720172,654.3305459518474,0.0,175.1294888066359,654.3305459518474
0.0,99.07365293822787,584.4455912643646,0.0,80.31183154615275,634.6423774980001,0.0,124.38285611580017,654.3305459518474,0.0,108.42374624526572,654.3305459518474,0.0,106.91994570956375,654.3305459518474,0.0,107.39489453510153,654.3305459518474
0.0,71.75761817779522,641.8516858066007,0.0,42.43192780263059,654.3305459518474,0.0,53.239630178172504,654.3305459518474,0.0,39.51732190112556,654.3305459518474,0.0,43.196368300863526,654.3305459518474,0.0,43.81915358809811,654.3305459518474
0.0,41.495538075410145,654.3305459518474,0.0,8.380585529956607,654.3305459518474,0.0,14.549627656174666,654.3305459518474,0.0,1.0475731912445758,654.3305459518474,0.0,8.26418850870721,654.3305459518474,0.0,25.31635212174392,654.3305459518474
0.0,38.934803607923406,654.3305459518474,0.0,9.95194531682347,654.3305459518474,0.0,14.898818719922858,654.3305459518474,0.0,0.5237865956222879,654.3305459518474,0.0,5.005071913724085,654.3305459518474,0.0,35.67568701294028,654.3305459518474
0.0,34.97730488544389,654.3305459518474,0.0,11.465106593065636,654.3305459518474,0.0,13.443855954305391,654.3305459518474,0.0,0.05819851062469866,654.3305459518474,0.0,1.920550850615056,654.3305459518474,0.0,36.665061693560155,654.3305459518474
0.0,30.03043148234451,654.3305459518474,0.0,11.872496167438527,654.3305459518474,0.0,10.417533401821059,654.3305459518474,0.0,0.0,654.3305459518474,0.0,0.40738957437289064,654.3305459518474,0.0,33.40594509857703,654.3305459518474
0.0,25.84013871736621,654.3305459518474,0.0,12.338084252436117,654.3305459518474,0.0,8.031394466208416,654.3305459518474,0.0,0.0,654.3305459518474,0.0,0.05819851062469866,654.3305459518474,0.0,35.67568701294028,654.3305459518474
0.0,22.464625101133684,654.3305459518474,0.0,12.396282763060816,654.3305459518474,0.0,6.576431700590949,654.3305459518474,0.0,0.0,654.3305459518474,0.0,0.0,654.3305459518474,0.0,37.07245126793305,654.3305459518474
0.0,17.92514127240719,654.3305459518474,0.0,11.697900635564432,654.3305459518474,0.0,6.401836168716853,654.3305459518474,0.0,0.40738957437289064,654.3305459518474,0.0,0.0,654.3305459518474,0.0,37.47984084230594,654.3305459518474
0.0,14.607826166799367,654.3305459518474,0.0,9.893746806198772,654.3305459518474,0.0,6.634630211215648,654.3305459518474,0.0,1.2803672337433705,654.3305459518474,0.0,0.0,654.3305459518474,0.0,34.33712126857221,654.3305459518474
0.0,12.338084252436117,654.3305459518474,0.0,8.846173614954198,654.3305459518474,0.0,7.042019785588539,654.3305459518474,0.0,1.8623523399903572,654.3305459518474,0.0,0.0,654.3305459518474,0.0,34.8609078641945,654.3305459518474
0.0,12.105290209937321,654.3305459518474,0.0,9.369960210576485,654.3305459518474,0.0,6.692828721840346,654.3305459518474,0.0,2.3279404249879465,654.3305459518474,0.0,0.0,654.3305459518474,0.0,38.41101701230112,654.3305459518474
0.0,12.62907680555961,654.3305459518474,0.0,10.650327444319855,654.3305459518474,0.0,4.364888296852399,654.3305459518474,0.0,2.61893297811144,654.3305459518474,0.0,0.0,654.3305459518474,0.0,39.633185735419794,654.3305459518474
0.0,12.454481273685513,654.3305459518474,0.0,11.988893188687923,654.3305459518474,0.0,2.444337446237344,654.3305459518474,0.0,2.9099255312349332,654.3305459518474,0.0,0.0,654.3305459518474,0.0,38.58561254417521,654.3305459518474
0.0,21.347991778295864,654.3305459518474,0.0,24.350734750444644,654.3305459518474,0.0,12.54429695374267,654.3305459518474,0.0,15.605238436516146,654.3305459518474,0.0,9.898604905453928,654.3305459518474,0.0,48.367820428379744,654.3305459518474
0.0,60.107232160871995,654.3305459518474,0.0,84.18437268783025,654.3305459518474,0.0,55.14463903754891,654.3305459518474,0.0,80.09325634344931,654.3305459518474,0.0,61.43961665454162,654.3305459518474,0.0,93.83260749216322,654.3305459518474
0.0,116.1201684875213,654.3305459518474,0.0,152.19892016253448,654.3305459518474,0.0,83.12593787561714,654.3305459518474,0.0,146.295790128676,654.3305459518474,0.0,126.29254534544667,654.3305459518474,0.0,123.58511983872135,654.3305459518474
0.0,193.98616170700836,654.3305459518474,0.0,206.3652238694171,654.3305459518474,0.0,101.60816152249247,654.3305459518474,0.0,208.12707663736683,654.3305459518474,0.0,187.39083079635193,654.3305459518474,0.0,138.17908262369548,654.3305459518474
0.0,234.88770763274476,654.3305459518474,0.0,246.82008092022133,654.3305459518474,0.0,89.14564265971003,643.4761886115574,0.0,250.95235290356,654.3305459518474,0.0,211.62534625453225,654.3305459518474,0.0,145.66328864293112,654.3305459518474
0.0,230.71781495826022,654.3305459518474,0.0,262.4977367071575,654.3305459518474,0.0,102.74069229453904,645.6687424471886,0.0,270.6253058331066,654.3305459518474,0.0,210.26002143998687,654.3305459518474,0.0,161.72007405363456,654.3305459518474
0.0,207.84862431462528,654.3305459518474,0.0,269.15762510812215,654.3305459518474,0.0,161.44965931998993,654.3305459518474,0.0,274.5466847448686,654.3305459518474,0.0,228.35057523271306,654.3305459518474,0.0,171.03987334268328,654.3305459518474
0.0,196.1977051107469,654.3305459518474,0.0,246.34345348527017,654.3305459518474,0.0,185.40890194527046,654.3305459518474,0.0,260.6103039064033,654.3305459518474,0.0,213.02997036963686,654.3305459518474,0.0,165.65567180519193,654.3305459518474
0.0,171.64693890969414,654.3305459518474,0.0,223.51038265235275,654.3305459518474,0.0,165.25932158077262,654.3305459518474,0.0,229.56488409571986,654.3305459518474,0.0,185.674636308645,654.3305459518474,0.0,141.01376677263875,654.3305459518474
0.0,133.1519320100642,654.3305459518474,0.0,187.37325473772978,654.3305459518474,0.0,130.1918455573015,654.3305459518474,0.0,180.77810155605843,654.3305459518474,0.0,141.46663689826931,654.3305459518474,0.0,115.19049319795445,654.3305459518474
0.0,87.03760058886884,641.3681465407162,0.0,133.12985331015702,654.3305459518474,0.0,75.92018417912304,630.2507301309704,0.0,114.117839545946,654.3305459518474,0.0,72.74734831638521,627.0778942682326,0.0,91.67308134835092,646.0036273001983
0.0,32.27209117508717,654.3305459518474,0.0,63.72004246088835,654.3305459518474,0.0,20.317816916688393,646.5049836643211,0.0,40.09930700737255,654.3305459518474,0.0,30.118746281973316,651.1728912938113,0.0,58.426979754897474,654.3305459518474
0.0,11.232312550566842,654.3305459518474,0.0,25.72374169611681,654.3305459518474,0.0,1.396764254992768,647.6223950683153,0.0,1.4549627656174666,654.3305459518474,0.0,8.380585529956607,654.3305459518474,0.0,30.5542180779668,654.3305459518474
0.0,6.867424253714441,654.3305459518474,0.0,26.247528291739094,654.3305459518474,0.0,0.2909925531234933,647.8551891108141,0.0,0.6401836168716852,654.3305459518474,0.0,3.9574987224795093,654.3305459518474,0.0,26.596719355487288,654.3305459518474
0.0,4.073895743728906,654.3305459518474,0.0,24.210580419874642,654.3305459518474,0.0,0.05819851062469866,647.9017479193138,0.0,0.05819851062469866,654.3305459518474,0.0,1.8041538293656585,654.3305459518474,0.0,23.337602760504165,654.3305459518474
0.0,2.735329999360837,654.3305459518474,0.0,20.602272761143325,654.3305459518474,0.0,0.0,647.9017479193138,0.0,0.0,654.3305459518474,0.0,1.8041538293656585,654.3305459518474,0.0,22.23183105863489,654.3305459518474
0.0,1.8041538293656585,654.3305459518474,0.0,17.75054574053309,654.3305459518474,0.0,0.11639702124939733,647.9948655363133,0.0,0.0,654.3305459518474,0.0,2.9681240418596317,654.3305459518474,0.0,22.057235526760792,654.3305459518474
0.0,1.6877568081162613,654.3305459518474,0.0,15.888193400542736,654.3305459518474,0.0,0.4655880849975893,648.3673360043114,0.0,0.0,654.3305459518474,0.0,4.597682339351194,654.3305459518474,0.0,19.845692123022243,654.3305459518474
0.0,2.444337446237344,654.3305459518474,0.0,15.422605315545146,654.3305459518474,0.0,0.349191063748192,648.6466888553099,0.0,0.0,654.3305459518474,0.0,6.401836168716853,654.3305459518474,0.0,15.18981127304635,654.3305459518474
0.0,4.655880849975893,654.3305459518474,0.0,15.655399358043942,654.3305459518474,0.0,0.11639702124939733,648.7398064723094,0.0,0.0,654.3305459518474,0.0,7.798600423709622,654.3305459518474,0.0,12.861870848058405,654.3305459518474
0.0,6.576431700590949,654.3305459518474,0.0,15.829994889918037,654.3305459518474,0.0,0.0,648.7398064723094,0.0,0.0,654.3305459518474,0.0,9.020769146828293,654.3305459518474,0.0,12.047091699312622,654.3305459518474
0.0,10.592128933695157,654.3305459518474,0.0,15.946391911167435,654.3305459518474,0.0,0.0,648.7398064723094,0.0,0.0,654.3305459518474,0.0,9.893746806198772,654.3305459518474,0.0,11.988893188687923,654.3305459518474
0.0,19.438302548649354,654.3305459518474,0.0,15.946391911167435,654.3305459518474,0.0,0.0,648.7398064723094,0.0,0.0,654.3305459518474,0.0,10.417533401821059,654.3305459518474,0.0,13.385657443680692,654.3305459518474
0.0,30.5542180779668,654.3305459518474,0.0,14.258635103051171,654.3305459518474,0.0,0.2909925531234933,648.9726005148082,0.0,0.0,654.3305459518474,0.0,10.359334891196362,654.3305459518474,0.0,15.829994889918037,654.3305459518474
0.0,45.71108903013741,654.3305459518474,0.0,23.520235881475166,654.3305459518474,0.0,11.679179154484038,654.3305459518474,0.0,12.004790637896681,654.3305459518474,0.0,20.684228581088632,654.3305459518474,0.0,26.598397964900695,654.3305459518474
0.0,125.29777937861647,654.3305459518474,0.0,91.6260999166649,654.3305459518474,0.0,77.94777131044731,654.3305459518474,0.0,84.1420716264143,654.3305459518474,0.0,85.85490889529447,654.3305459518474,0.0,50.994968724573155,654.3305459518474
0.0,200.442483709553,654.3305459518474,0.0,161.79249140405463,654.3305459518474,0.0,147.28834429913766,654.3305459518474,0.0,156.96201502220464,654.3305459518474,0.0,156.21947549489386,654.3305459518474,0.0,88.31814555159727,654.3305459518474
0.0,205.99342091880655,654.3305459518474,0.0,216.0830519922985,654.3305459518474,0.0,202.35906510583814,654.3305459518474,0.0,213.90612751884913,654.3305459518474,0.0,212.63980139591604,654.3305459518474,0.0,175.3387032687991,654.3305459518474
0.0,130.14865585096024,654.3305459518474,0.0,252.3333974383291,654.3305459518474,0.0,242.24447728077735,654.3305459518474,0.0,251.39436140822207,654.3305459518474,0.0,248.59597479898133,654.3305459518474,0.0,232.75626371055304,654.3305459518474
0.0,169.6927368222631,654.3305459518474,0.0,271.2654894499783,654.3305459518474,0.0,259.99369986986716,654.3305459518474,0.0,271.1915712191299,654.3305459518474,0.0,270.6975454545416,654.3305459518474,0.0,259.79702563808587,654.3305459518474
0.0,226.70290768964412,654.3305459518474,0.0,274.69452120656547,654.3305459518474,0.0,252.42621487924293,654.3305459518474,0.0,274.3878089332183,654.3305459518474,0.0,271.6019625543595,654.3305459518474,0.0,248.66371177913135,654.3305459518474
0.0,271.99142061214013,654.3305459518474,0.0,260.5725054862724,654.3305459518474,0.0,235.54211008941178,654.3305459518474,0.0,261.44866263548465,654.3305459518474,0.0,261.72375773939933,654.3305459518474,0.0,198.0884951303279,654.3305459518474
0.0,218.3363632704978,654.3305459518474,0.0,230.48970128603153,654.3305459518474,0.0,196.9370651482159,654.3305459518474,0.0,230.32614510411105,654.3305459518474,0.0,236.6099056421651,654.3305459518474,0.0,204.19783786549297,654.3305459518474
0.0,213.36741116749124,654.3305459518474,0.0,185.4465226364163,654.3305459518474,0.0,155.0004862616169,654.3305459518474,0.0,176.62542948222597,654.3305459518474,0.0,193.79716960635383,654.3305459518474,0.0,165.7831081763949,654.3305459518474
0.0,155.10045264670237,654.3305459518474,0.0,122.02179764095142,654.3305459518474,0.0,99.90768675500922,654.2382327068566,0.0,108.96475344154005,654.3305459518474,0.0,131.14006459896365,654.3305459518474,0.0,100.46927177076239,654.3305459518474
0.0,85.5617045458024,654.3305459518474,0.0,51.164883886177144,654.3305459518474,0.0,40.012670817157144,654.3305459518474,0.0,41.19871972955833,654.3305459518474,0.0,56.43418928284742,654.3305459518474,0.0,38.99185669608987,654.3305459518474
0.0,51.09829232848543,654.3305459518474,0.0,12.687275316184309,654.3305459518474,0.0,13.50205446493009,654.3305459518474,0.0,5.412461488096976,654.3305459518474,0.0,15.829994889918037,654.3305459518474,0.0,11.465106593065636,654.3305459518474
0.0,48.47935935037398,654.3305459518474,0.0,10.941319997443347,654.3305459518474,0.0,15.946391911167435,654.3305459518474,0.0,2.560734467486741,654.3305459518474,0.0,12.512679784310212,654.3305459518474,0.0,20.136684676145737,654.3305459518474
0.0,44.40546360664508,654.3305459518474,0.0,9.253563189327087,654.3305459518474,0.0,17.575950208658995,654.3305459518474,0.0,0.87297765937048,654.3305459518474,0.0,9.078967657452992,654.3305459518474,0.0,33.638739141075824,654.3305459518474
0.0,39.633185735419794,654.3305459518474,0.0,7.624004891835525,654.3305459518474,0.0,16.819369570537912,654.3305459518474,0.0,0.2909925531234933,654.3305459518474,0.0,5.587057019971072,654.3305459518474,0.0,35.03550339606859,654.3305459518474
0.0,33.92973169419932,654.3305459518474,0.0,7.216615317462634,654.3305459518474,0.0,16.470178506789722,654.3305459518474,0.0,0.174595531874096,654.3305459518474,0.0,2.9681240418596317,654.3305459518474,0.0,33.23134956670293,654.3305459518474
0.0,27.527895525482467,654.3305459518474,0.0,6.51823318996625,654.3305459518474,0.0,17.634148719283694,654.3305459518474,0.0,0.174595531874096,654.3305459518474,0.0,1.3385657443680692,654.3305459518474,0.0,35.03550339606859,654.3305459518474
0.0,21.882639994886695,654.3305459518474,0.0,5.412461488096976,654.3305459518474,0.0,19.67109659114815,654.3305459518474,0.0,0.4655880849975893,654.3305459518474,0.0,0.7565806381210826,654.3305459518474,0.0,36.78145871480955,654.3305459518474
0.0,16.819369570537912,654.3305459518474,0.0,4.539483828726496,654.3305459518474,0.0,21.882639994886695,654.3305459518474,0.0,1.4549627656174666,654.3305459518474,0.0,0.7565806381210826,654.3305459518474,0.0,39.691384246044485,654.3305459518474
0.0,13.211061911806597,654.3305459518474,0.0,4.946873403099386,654.3305459518474,0.0,25.025359568620424,654.3305459518474,0.0,2.6771314887361384,654.3305459518474,0.0,1.5131612762421651,654.3305459518474,0.0,42.135721692281834,654.3305459518474
0.0,11.34870957181624,654.3305459518474,0.0,6.460034679341552,654.3305459518474,0.0,28.400873184852944,654.3305459518474,0.0,3.7247046799807144,654.3305459518474,0.0,3.608307658731317,654.3305459518474,0.0,41.32094254353605,654.3305459518474
0.0,8.32238701933191,654.3305459518474,0.0,9.078967657452992,654.3305459518474,0.0,30.96160765233969,654.3305459518474,0.0,4.655880849975893,654.3305459518474,0.0,6.98382127496384,654.3305459518474,0.0,38.87660509729871,654.3305459518474
0.0,4.597682339351194,654.3305459518474,0.0,12.454481273685513,654.3305459518474,0.0,33.40594509857703,654.3305459518474,0.0,5.470659998721674,654.3305459518474,0.0,10.184739359322265,654.3305459518474,0.0,40.15697233104208,654.3305459518474
0.0,12.784950856353312,654.3305459518474,0.0,25.17337375930228,654.3305459518474,0.0,41.5947144960075,654.3305459518474,0.0,17.78216290996555,654.3305459518474,0.0,18.14071471425394,654.3305459518474,0.0,41.522297145587444,654.3305459518474
0.0,73.6772013349371,654.3305459518474,0.0,81.787194402264,654.3305459518474,0.0,68.48596135243014,654.3305459518474,0.0,82.3708581179244,654.3305459518474,0.0,54.25576392896968,654.3305459518474,0.0,62.49301563851453,654.3305459518474
0.0,135.84981904726425,654.3305459518474,0.0,150.3476071724977,654.3305459518474,0.0,121.21770238418911,654.3305459518474,0.0,147.31660424974328,654.3305459518474,0.0,110.14594425468609,654.3305459518474,0.0,111.87282263437652,654.3305459518474
0.0,186.02550598180662,654.3305459518474,0.0,212.71054013692265,654.3305459518474,0.0,201.78272806333445,654.3305459518474,0.0,195.1029727588312,654.3305459518474,0.0,167.89379655012272,654.3305459518474,0.0,142.18992175754454,654.3305459518474
0.0,219.1346327345318,654.3305459518474,0.0,251.92432925454278,654.3305459518474,0.0,255.64850074756833,654.3305459518474,0.0,225.12439895860564,654.3305459518474,0.0,207.69425114425994,654.3305459518474,0.0,170.1712205956128,654.3305459518474
0.0,212.64933986544128,654.3305459518474,0.0,268.27210721836974,654.3305459518474,0.0,255.05865578120947,654.3305459518474,0.0,226.29154866094137,654.3305459518474,0.0,246.59814849869113,654.3305459518474,0.0,165.57821862653168,654.3305459518474
0.0,209.57735903271418,654.3305459518474,0.0,266.8942421734424,654.3305459518474,0.0,193.93528986954033,654.3305459518474,0.0,216.3850838953756,654.3305459518474,0.0,271.9919537990953,654.3305459518474,0.0,162.37730054217326,654.3305459518474
0.0,216.1208504124294,654.3305459518474,0.0,252.25161934736883,654.3305459518474,0.0,186.1443715769575,654.3305459518474,0.0,215.167595542527,654.3305459518474,0.0,257.12439679063476,654.3305459518474,0.0,137.5215006771867,654.3305459518474
0.0,192.80965126413244,654.3305459518474,0.0,219.6002208195294,654.3305459518474,0.0,128.96578642840083,654.3305459518474,0.0,198.58702353620131,654.3305459518474,0.0,222.8984589860867,654.3305459518474,0.0,107.92954275169237,654.3305459518474
0.0,134.20604190997736,654.3305459518474,0.0,163.1531358483299,654.3305459518474,0.0,95.70564372413708,650.0361896759845,0.0,159.71138613237576,654.3305459518474,0.0,180.46953294431282,654.3305459518474,0.0,84.3337100299554,638.6642559818029
0.0,52.73324191218732,607.0637878640347,0.0,92.88288757007271,647.2134335219201,0.0,69.20606672186362,619.2422563978481,0.0,98.76879700327913,653.0993429551265,0.0,123.83681309128559,654.3305459518474,0.0,52.371332889072114,591.035588870875
0.0,11.88989449707563,616.5757034616952,0.0,31.41015286567029,654.3305459518474,0.0,56.677489488344655,654.3305459518474,0.0,36.432623109031475,654.3305459518474,0.0,59.837962849685596,654.3305459518474,0.0,16.355460094953727,604.119956946838
0.0,3.317315105607824,619.2295555461815,0.0,17.110362123661407,654.3305459518474,0.0,54.82299700846614,654.3305459518474,0.0,8.380585529956607,654.3305459518474,0.0,26.596719355487288,654.3305459518474,0.0,4.597682339351194,607.798102818319
0.0,1.6877568081162613,620.5797609926744,0.0,18.27433233615538,654.3305459518474,0.0,52.2040640303547,654.3305459518474,0.0,6.576431700590949,654.3305459518474,0.0,25.14175658986982,654.3305459518474,0.0,2.444337446237344,609.7535727753088
0.0,0.87297765937048,621.2781431201709,0.0,19.321905527399956,654.3305459518474,0.0,49.70152807349266,654.3305459518474,0.0,4.3066897862277,654.3305459518474,0.0,23.744992334877054,654.3305459518474,0.0,1.222168723118672,610.7313077538038
0.0,0.5819851062469866,621.7437312051684,0.0,19.61289808052345,654.3305459518474,0.0,49.23593998849507,654.3305459518474,0.0,2.5025359568620424,654.3305459518474,0.0,21.824441484261996,654.3305459518474,0.0,0.4655880849975893,611.1037782218018
0.0,0.5237865956222879,622.1627604816662,0.0,18.390729357404776,654.3305459518474,0.0,48.65395488224808,654.3305459518474,0.0,1.222168723118672,654.3305459518474,0.0,20.544074250518626,654.3305459518474,0.0,0.174595531874096,611.2434546473011
0.0,0.23279404249879465,622.3489957156652,0.0,16.353781485540324,654.3305459518474,0.0,48.362962329124585,654.3305459518474,0.0,0.5237865956222879,654.3305459518474,0.0,20.660471271768024,654.3305459518474,0.0,0.05819851062469866,611.2900134558008
0.0,0.11639702124939733,622.4421133326647,0.0,15.364406804920447,654.3305459518474,0.0,47.37358764850471,654.3305459518474,0.0,0.174595531874096,654.3305459518474,0.0,20.25308169739513,654.3305459518474,0.0,0.05819851062469866,611.3365722643006
0.0,0.11639702124939733,622.5352309496642,0.0,15.597200847419243,654.3305459518474,0.0,48.07196977600109,654.3305459518474,0.0,0.11639702124939733,654.3305459518474,0.0,19.55469956989875,654.3305459518474,0.0,0.0,611.3365722643006
0.0,0.23279404249879465,622.7214661836632,0.0,16.470178506789722,654.3305459518474,0.0,47.897374244127,654.3305459518474,0.0,0.11639702124939733,654.3305459518474,0.0,19.61289808052345,654.3305459518474,0.0,0.0,611.3365722643006
0.0,0.5819851062469866,623.1870542686607,0.0,18.79811893177767,654.3305459518474,0.0,47.7227787122529,654.3305459518474,0.0,0.11639702124939733,654.3305459518474,0.0,18.623523399903572,654.3305459518474,0.0,0.0,611.3365722643006
0.0,0.9311761699951786,623.9319952046569,0.0,22.581022122383082,654.3305459518474,0.0,46.442411478509534,654.3305459518474,0.0,0.11639702124939733,654.3305459518474,0.0,15.71359786866864,654.3305459518474,0.0,0.0,611.3365722643006
0.0,0.7565806381210826,624.5372597151538,0.0,26.422123823613195,654.3305459518474,0.0,44.05627254289689,654.3305459518474,0.0,0.174595531874096,654.3305459518474,0.0,12.920069358683104,654.3305459518474,0.0,0.0,611.3365722643006
0.0,11.329988090735846,633.6012501877425,0.0,45.30219857533616,654.3305459518474,0.0,52.119284178537754,654.3305459518474,0.0,7.458947829486683,654.3305459518474,0.0,18.442746617331032,654.3305459518474,0.0,2.047987221818054,612.974962041755
0.0,78.73897087885753,654.3305459518474,0.0,112.45798723046526,654.3305459518474,0.0,116.36196781259017,654.3305459518474,0.0,62.6460656574366,654.3305459518474,0.0,60.0333139300236,654.3305459518474,0.0,27.30649629090739,614.8201590744809
0.0,148.47907358180893,654.3305459518474,0.0,169.17398605488108,654.3305459518474,0.0,187.77728709327587,654.3305459518474,0.0,136.83919372788412,654.3305459518474,0.0,103.97072087776957,654.3305459518474,0.0,63.82893507999602,645.8833071384777
0.0,205.4813845890781,654.3305459518474,0.0,213.64136084894776,654.3305459518474,0.0,240.840998588131,654.3305459518474,0.0,197.5347699746866,654.3305459518474,0.0,149.91045676709084,654.3305459518474,0.0,112.29796599635664,654.3305459518474
0.0,245.13400272151847,654.3305459518474,0.0,243.9994378820884,654.3305459518474,0.0,279.4838419494577,654.3305459518474,0.0,245.4579355955177,654.3305459518474,0.0,195.2996469906125,654.3305459518474,0.0,129.36452617817375,654.3305459518474
0.0,262.20842276344746,654.3305459518474,0.0,268.5359852433458,654.3305459518474,0.0,296.97987040555495,654.3305459518474,0.0,270.5858288035623,654.3305459518474,0.0,225.96125680725865,654.3305459518474,0.0,143.70043673090012,654.3305459518474
0.0,266.61896934054266,654.3305459518474,0.0,260.82852365113666,654.3305459518474,0.0,300.42780137220745,654.3305459518474,0.0,279.8189919023956,654.3305459518474,0.0,249.91263957242725,654.3305459518474,0.0,168.05134921032982,654.3305459518474
0.0,257.8497157172935,654.3305459518474,0.0,193.75937118622295,654.3305459518474,0.0,286.3907432327165,654.3305459518474,0.0,273.82118808922485,654.3305459518474,0.0,240.82881381571917,654.3305459518474,0.0,180.6963234650982,654.3305459518474
0.0,227.2195453410948,654.3305459518474,0.0,103.01092929919861,654.3305459518474,0.0,254.7287193854969,654.3305459518474,0.0,248.26682836775686,654.3305459518474,0.0,204.6870055308261,654.3305459518474,0.0,179.69590943452474,654.3305459518474
0.0,176.60184990189043,654.3305459518474,0.0,63.67756367048736,618.0081096223348,0.0,202.5475240195375,654.3305459518474,0.0,202.44499038011332,654.3305459518474,0.0,158.02212844383115,654.3305459518474,0.0,130.3932001593529,654.3305459518474
0.0,110.31753802570347,654.3305459518474,0.0,45.709588149709056,563.7176977720438,0.0,132.9930561984138,654.3305459518474,0.0,143.10052010806083,654.3305459518474,0.0,94.15857443354601,648.4891203853934,0.0,75.78806743764994,630.1186133894973
0.0,36.79135264230492,654.3305459518474,0.0,51.69131678468601,605.0707511997927,0.0,52.391732979565916,654.3305459518474,0.0,75.95895029272712,654.3305459518474,0.0,28.882536448044345,654.3305459518474,0.0,21.574604570096216,647.3782970455743
0.0,2.6771314887361384,654.3305459518474,0.0,57.67472402907638,651.2105304230538,0.0,15.015215741172256,654.3305459518474,0.0,43.939875521647494,654.3305459518474,0.0,2.9099255312349332,654.3305459518474,0.0,3.6665061693560155,650.3115019810591
0.0,1.2803672337433705,654.3305459518474,0.0,57.67472402907638,654.3305459518474,0.0,13.152863401181898,654.3305459518474,0.0,45.51123530851436,654.3305459518474,0.0,1.8041538293656585,654.3305459518474,0.0,5.063270424348783,654.3305459518474
0.0,0.6401836168716852,654.3305459518474,0.0,57.67472402907638,654.3305459518474,0.0,11.81429765681383,654.3305459518474,0.0,44.92925020226737,654.3305459518474,0.0,0.9893746806198773,654.3305459518474,0.0,7.85679893433432,654.3305459518474
0.0,0.5237865956222879,654.3305459518474,0.0,57.67472402907638,654.3305459518474,0.0,11.872496167438527,654.3305459518474,0.0,45.27844126601556,654.3305459518474,0.0,0.4655880849975893,654.3305459518474,0.0,9.95194531682347,654.3305459518474
0.0,0.9311761699951786,654.3305459518474,0.0,57.616525518451674,654.3305459518474,0.0,14.607826166799367,654.3305459518474,0.0,46.442411478509534,654.3305459518474,0.0,0.4655880849975893,654.3305459518474,0.0,10.650327444319855,654.3305459518474
0.0,1.1639702124939733,654.3305459518474,0.0,57.26733445470348,654.3305459518474,0.0,17.401354676784898,654.3305459518474,0.0,47.37358764850471,654.3305459518474,0.0,0.698382127496384,654.3305459518474,0.0,10.01014382744817,654.3305459518474
0.0,1.3385657443680692,654.3305459518474,0.0,55.52137913596252,654.3305459518474,0.0,18.216133825530683,654.3305459518474,0.0,47.02439658475652,654.3305459518474,0.0,1.3385657443680692,654.3305459518474,0.0,8.904372125578895,654.3305459518474
0.0,3.2009180843584266,654.3305459518474,0.0,52.84424764722639,654.3305459518474,0.0,18.914515953027067,654.3305459518474,0.0,45.91862488288725,654.3305459518474,0.0,1.9787493612397546,654.3305459518474,0.0,9.195364678702388,654.3305459518474
0.0,6.867424253714441,654.3305459518474,0.0,50.05071913724085,654.3305459518474,0.0,19.321905527399956,654.3305459518474,0.0,45.162044244766165,654.3305459518474,0.0,1.0475731912445758,654.3305459518474,0.0,10.417533401821059,654.3305459518474
0.0,9.95194531682347,654.3305459518474,0.0,47.7809772228776,654.3305459518474,0.0,19.089111484901164,654.3305459518474,0.0,44.114471053521584,654.3305459518474,0.0,0.2909925531234933,654.3305459518474,0.0,10.126540848697566,654.3305459518474
0.0,9.719151274324677,654.3305459518474,0.0,45.45303679788965,654.3305459518474,0.0,19.26370701677526,654.3305459518474,0.0,43.88167701102279,654.3305459518474,0.0,0.11639702124939733,654.3305459518474,0.0,9.253563189327087,654.3305459518474
0.0,12.279885741811418,654.3305459518474,0.0,42.36851573478063,654.3305459518474,0.0,19.96208914427164,654.3305459518474,0.0,42.89230233040291,654.3305459518474,0.0,0.05819851062469866,654.3305459518474,0.0,7.100218296213236,654.3305459518474
0.0,20.35075723756414,654.3305459518474,0.0,50.82319722457069,654.3305459518474,0.0,31.41633411636873,654.3305459518474,0.0,40.85535445853846,654.3305459518474,0.0,10.596987032950311,654.3305459518474,0.0,8.243788418213413,654.3305459518474
0.0,78.23558437372904,654.3305459518474,0.0,120.18584891316824,654.3305459518474,0.0,99.37586257029001,654.3305459518474,0.0,48.51883637991829,654.3305459518474,0.0,78.48727762629329,654.3305459518474,0.0,37.757147742589254,654.3305459518474
0.0,130.3460409986818,654.3305459518474,0.0,194.01406619964388,654.3305459518474,0.0,173.97002123542694,654.3305459518474,0.0,71.57366190538093,654.3305459518474,0.0,149.150696639128,654.3305459518474,0.0,81.16908948529954,654.3305459518474
0.0,201.9595353915771,654.3305459518474,0.0,246.92676174296045,654.3305459518474,0.0,232.09064417494733,654.3305459518474,0.0,110.90384804425045,654.3305459518474,0.0,204.6288070202014,654.3305459518474,0.0,112.73193691192176,654.3305459518474
0.0,234.32780122640497,654.3305459518474,0.0,284.8287441863898,654.3305459518474,0.0,263.08572533511796,654.3305459518474,0.0,144.07903316771223,654.3305459518474,0.0,240.77529567536453,654.3305459518474,0.0,148.09976622905663,654.3305459518474
0.0,246.27439335367694,654.3305459518474,0.0,301.6421102352143,654.3305459518474,0.0,279.63953827126636,654.3305459518474,0.0,169.2761642363351,654.3305459518474,0.0,260.8634980393959,654.3305459518474,0.0,171.32282830670985,654.3305459518474
0.0,243.26847089168638,654.3305459518474,0.0,300.13998830892575,654.3305459518474,0.0,277.7457464908286,654.3305459518474,0.0,202.1146985264306,654.3305459518474,0.0,251.57045782052452,654.3305459518474,0.0,204.24632017760734,654.3305459518474
0.0,234.46777782798992,654.3305459518474,0.0,283.9338655560972,654.3305459518474,0.0,264.79405996271305,654.3305459518474,0.0,222.61497083510494,654.3305459518474,0.0,236.49050686005899,654.3305459518474,0.0,191.88129912600888,654.3305459518474
0.0,215.8423980896879,654.3305459518474,0.0,249.2533790165051,654.3305459518474,0.0,234.87331106396434,654.3305459518474,0.0,200.867271613563,654.3305459518474,0.0,143.80093630294078,654.3305459518474,0.0,183.56509335737542,654.3305459518474
0.0,179.16894334906067,654.3305459518474,0.0,196.31560301242465,654.3305459518474,0.0,185.80339583129125,654.3305459518474,0.0,167.0141044530986,654.3305459518474,0.0,75.6400532469681,629.9705991988155,0.0,149.17559937090684,654.3305459518474
0.0,111.47682786792735,654.3305459518474,0.0,125.34547172624274,654.3305459518474,0.0,113.62363605237265,654.3305459518474,0.0,110.53558004145174,654.3305459518474,0.0,52.31163349801907,582.2822326968346,0.0,102.77345488642973,654.3305459518474
0.0,39.04069446617437,654.3305459518474,0.0,46.23373020330146,654.3305459518474,0.0,48.89814373267059,654.3305459518474,0.0,60.9686372833337,654.3305459518474,0.0,13.78218539708504,593.3079810145026,0.0,42.87693806814933,654.3305459518474
0.0,2.15334489311385,654.3305459518474,0.0,7.565806381210827,654.3305459518474,0.0,18.157935314905984,654.3305459518474,0.0,47.43178615912941,654.3305459518474,0.0,0.4655880849975893,593.6804514825006,0.0,14.491429145549967,654.3305459518474
0.0,2.735329999360837,654.3305459518474,0.0,5.470659998721674,654.3305459518474,0.0,17.2849576555355,654.3305459518474,0.0,47.95557275475169,654.3305459518474,0.0,0.0,593.6804514825006,0.0,13.269260422431296,654.3305459518474
0.0,3.259116594983125,654.3305459518474,0.0,3.3755136162325226,654.3305459518474,0.0,15.829994889918037,654.3305459518474,0.0,48.421160839749284,654.3305459518474,0.0,0.0,593.6804514825006,0.0,14.142238081801773,654.3305459518474
0.0,3.7829031906054134,654.3305459518474,0.0,1.5131612762421651,654.3305459518474,0.0,11.988893188687923,654.3305459518474,0.0,47.54818318037881,654.3305459518474,0.0,0.349191063748192,593.9598043334992,0.0,17.634148719283694,654.3305459518474
0.0,4.539483828726496,654.3305459518474,0.0,0.87297765937048,654.3305459518474,0.0,7.565806381210827,654.3305459518474,0.0,46.26781594663544,654.3305459518474,0.0,4.190292764978303,597.3120385454818,0.0,20.835066803642118,654.3305459518474
0.0,6.0526451049686605,654.3305459518474,0.0,0.9311761699951786,654.3305459518474,0.0,4.423086807477099,654.3305459518474,0.0,44.05627254289689,654.3305459518474,0.0,7.624004891835525,603.4112424589501,0.0,23.686793824252355,654.3305459518474
0.0,7.100218296213236,654.3305459518474,0.0,1.4549627656174666,654.3305459518474,0.0,2.3861389356126455,654.3305459518474,0.0,41.029949990412554,654.3305459518474,0.0,7.39121084933673,609.3242111384195,0.0,25.956535738615603,654.3305459518474
0.0,7.333012338712031,654.3305459518474,0.0,2.5025359568620424,654.3305459518474,0.0,0.87297765937048,654.3305459518474,0.0,36.83965722543426,654.3305459518474,0.0,9.777349784949376,617.146090966379,0.0,30.263225524843307,654.3305459518474
0.0,8.031394466208416,654.3305459518474,0.0,3.7247046799807144,654.3305459518474,0.0,0.174595531874096,654.3305459518474,0.0,31.89278382233487,654.3305459518474,0.0,14.375032124300569,628.6461166658195,0.0,33.81333467294992,654.3305459518474
0.0,8.962570636203594,654.3305459518474,0.0,4.3066897862277,654.3305459518474,0.0,0.05819851062469866,654.3305459518474,0.0,27.00410892986018,654.3305459518474,0.0,20.02028765489634,644.6623467897366,0.0,35.79208403418968,654.3305459518474
0.0,11.115915529317444,654.3305459518474,0.0,3.550109148106618,654.3305459518474,0.0,0.0,654.3305459518474,0.0,20.660471271768024,654.3305459518474,0.0,26.1893297811144,654.3305459518474,0.0,36.08307658731317,654.3305459518474
0.0,14.898818719922858,654.3305459518474,0.0,2.560734467486741,654.3305459518474,0.0,0.11639702124939733,654.3305459518474,0.0,14.258635103051171,654.3305459518474,0.0,31.019806162964386,654.3305459518474,0.0,34.97730488544389,654.3305459518474
0.0,23.85520810542801,654.3305459518474,0.0,12.04408993845593,654.3305459518474,0.0,6.101482875053163,654.3305459518474,0.0,7.798600423709622,654.3305459518474,0.0,42.82324219880968,654.3305459518474,0.0,39.192855840171156,654.3305459518474
0.0,83.79738320395116,654.3305459518474,0.0,79.14636045323041,654.3305459518474,0.0,47.77532915913434,654.3305459518474,0.0,6.548171749985301,635.8787177018327,0.0,123.3725481577313,654.3305459518474,0.0,83.70438803405226,654.3305459518474
0.0,159.7175673830742,654.3305459518474,0.0,148.53727209243362,654.3305459518474,0.0,107.43119207480409,654.3305459518474,0.0,15.99222792039524,626.870945622228,0.0,204.25532546017746,654.3305459518474,0.0,146.5911075940995,654.3305459518474
0.0,215.33565436573255,654.3305459518474,0.0,209.57735903271418,654.3305459518474,0.0,164.1975295497327,654.3305459518474,0.0,31.061139530907155,557.9320851531352,0.0,258.5112671181322,654.3305459518474,0.0,200.25720428569537,654.3305459518474
0.0,254.9079952876411,654.3305459518474,0.0,244.73447300725746,654.3305459518474,0.0,208.00900100670404,654.3305459518474,0.0,51.19968054545135,509.13176569858655,0.0,295.2507802294959,654.3305459518474,0.0,239.3278373118888,654.3305459518474
0.0,282.565183522725,654.3305459518474,0.0,266.92100124361974,654.3305459518474,0.0,214.0726854616263,654.3305459518474,0.0,80.27103136516513,489.4027970637517,0.0,313.8572607577325,654.3305459518474,0.0,262.7711532016589,654.3305459518474
0.0,286.87973316906454,654.3305459518474,0.0,268.0031933651535,654.3305459518474,0.0,201.11932032409732,654.3305459518474,0.0,112.59681840959198,499.48025179142525,0.0,314.83877557824053,654.3305459518474,0.0,271.49474854466524,654.3305459518474
0.0,275.5276663784215,654.3305459518474,0.0,257.5383230736762,654.3305459518474,0.0,200.48531795792408,654.3305459518474,0.0,123.65939352753986,518.4077666134572,0.0,297.62905930499664,654.3305459518474,0.0,281.31625572942903,654.3305459518474
0.0,239.41729753397584,654.3305459518474,0.0,227.23376418089018,654.3305459518474,0.0,164.0115392099349,654.3305459518474,0.0,159.9804777145771,566.3921487851188,0.0,261.64612683175403,654.3305459518474,0.0,259.4867784169268,654.3305459518474
0.0,185.37525070845444,654.3305459518474,0.0,177.47332668083257,654.3305459518474,0.0,129.73676363530234,654.3305459518474,0.0,148.85652459616276,605.4773684620491,0.0,213.52628697914167,654.3305459518474,0.0,210.00161374976904,654.3305459518474
0.0,118.39723707504123,654.3305459518474,0.0,107.39975263435669,654.3305459518474,0.0,98.48680973272573,652.8173556845732,0.0,87.61508305383079,593.0924515158798,0.0,149.82160878050686,654.3305459518474,0.0,142.3676967792604,654.3305459518474
0.0,65.84009157515635,654.3305459518474,0.0,36.06939093447299,654.3305459518474,0.0,61.66233904056,654.3305459518474,0.0,27.998519438720272,615.491267066856,0.0,83.3045028618211,654.3305459518474,0.0,66.58430971188054,654.3305459518474
0.0,45.51123530851436,654.3305459518474,0.0,2.793528509985536,654.3305459518474,0.0,44.69645615976857,654.3305459518474,0.0,5.7034540412204695,620.0540302998324,0.0,52.7860491366017,654.3305459518474,0.0,30.088629992969206,654.3305459518474
0.0,44.92925020226737,654.3305459518474,0.0,2.6771314887361384,654.3305459518474,0.0,44.521860627894476,654.3305459518474,0.0,7.798600423709622,626.2929106388001,0.0,51.389284881608916,654.3305459518474,0.0,30.96160765233969,654.3305459518474
0.0,44.40546360664508,654.3305459518474,0.0,2.793528509985536,654.3305459518474,0.0,44.81285318101797,654.3305459518474,0.0,10.068342338072869,634.3475845092584,0.0,50.98189530723602,654.3305459518474,0.0,33.114952545453534,654.3305459518474
0.0,43.4160889260252,654.3305459518474,0.0,2.8517270206102348,654.3305459518474,0.0,44.58005913851918,654.3305459518474,0.0,10.766724465569252,642.9609640817138,0.0,50.34171169036434,654.3305459518474,0.0,34.4535182898216,654.3305459518474
0.0,42.54311126665472,654.3305459518474,0.0,3.3755136162325226,654.3305459518474,0.0,44.521860627894476,654.3305459518474,0.0,9.020769146828293,650.1775793991764,0.0,50.57450573286314,654.3305459518474,0.0,34.8609078641945,654.3305459518474
0.0,41.96112616040774,654.3305459518474,0.0,4.772277871225291,654.3305459518474,0.0,44.28906658539568,654.3305459518474,0.0,5.063270424348783,654.2281957386554,0.0,50.57450573286314,654.3305459518474,0.0,34.39531977919691,654.3305459518474
0.0,41.96112616040774,654.3305459518474,0.0,7.042019785588539,654.3305459518474,0.0,42.89230233040291,654.3305459518474,0.0,2.61893297811144,654.3305459518474,0.0,50.28351317973964,654.3305459518474,0.0,34.802709353569796,654.3305459518474
0.0,41.37914105416075,654.3305459518474,0.0,8.147791487457813,654.3305459518474,0.0,41.37914105416075,654.3305459518474,0.0,2.15334489311385,654.3305459518474,0.0,51.09829232848543,654.3305459518474,0.0,34.6863123323204,654.3305459518474
0.0,39.2257961610469,654.3305459518474,0.0,8.205989998082512,654.3305459518474,0.0,40.33156786291617,654.3305459518474,0.0,3.4337121268572206,654.3305459518474,0.0,51.44748339223362,654.3305459518474,0.0,34.39531977919691,654.3305459518474
0.0,36.95605424668366,654.3305459518474,0.0,9.253563189327087,654.3305459518474,0.0,40.68075892666436,654.3305459518474,0.0,4.946873403099386,654.3305459518474,0.0,49.58513105224326,654.3305459518474,0.0,33.92973169419932,654.3305459518474
0.0,35.03550339606859,654.3305459518474,0.0,11.697900635564432,654.3305459518474,0.0,40.73895743728906,654.3305459518474,0.0,5.645255530595771,654.3305459518474,0.0,46.09322041476134,654.3305459518474,0.0,33.638739141075824,654.3305459518474
0.0,33.34774658795233,654.3305459518474,0.0,16.17918595366623,654.3305459518474,0.0,40.68075892666436,654.3305459518474,0.0,6.0526451049686605,654.3305459518474,0.0,42.25211871353123,654.3305459518474,0.0,32.649364460455956,654.3305459518474
0.0,38.455174412115525,654.3305459518474,0.0,28.34435328364165,654.3305459518474,0.0,48.05006880507896,654.3305459518474,0.0,7.251234247751784,654.3305459518474,0.0,47.21956993610947,654.3305459518474,0.0,40.852352697681766,654.3305459518474
0.0,99.65413716404649,654.3305459518474,0.0,72.50351492393281,654.3305459518474,0.0,114.48539663280447,654.3305459518474,0.0,23.59583272173697,652.9263786735844,0.0,111.07058371601269,654.3305459518474,0.0,110.83628879308556,654.3305459518474
0.0,168.2617090949513,654.3305459518474,0.0,119.4451657242559,654.3305459518474,0.0,187.7552083933687,654.3305459518474,0.0,49.38916773640219,654.3305459518474,0.0,179.9597874595008,654.3305459518474,0.0,181.09549772138914,654.3305459518474
0.0,220.88809245541447,654.3305459518474,0.0,170.14931962469063,654.3305459518474,0.0,242.60417450752396,654.3305459518474,0.0,83.01422122463784,637.3447671764852,0.0,229.43877087596013,654.3305459518474,0.0,230.1324726331864,654.3305459518474
0.0,254.28821176126317,654.3305459518474,0.0,234.1214107961133,654.3305459518474,0.0,282.30713129047723,654.3305459518474,0.0,103.05208493815634,639.7864351270102,0.0,264.4544073684901,654.3305459518474,0.0,262.9412460922479,654.3305459518474
0.0,270.6028716752293,654.3305459518474,0.0,277.1212825941806,654.3305459518474,0.0,304.4826201768859,654.3305459518474,0.0,134.10536460895165,654.3305459518474,0.0,281.2017150465781,654.3305459518474,0.0,279.421140797548,654.3305459518474
0.0,267.20209986924783,654.3305459518474,0.0,277.9864003934393,654.3305459518474,0.0,303.07163708209777,654.3305459518474,0.0,181.9027724679932,654.3305459518474,0.0,282.16282977659233,654.3305459518474,0.0,282.14393056652693,654.3305459518474
0.0,258.0222771817841,654.3305459518474,0.0,273.6308728371271,654.3305459518474,0.0,288.57367122787923,654.3305459518474,0.0,206.62177522123648,654.3305459518474,0.0,267.0042802150083,654.3305459518474,0.0,271.35026930179527,654.3305459518474
0.0,237.66348235512302,654.3305459518474,0.0,251.7667765943357,654.3305459518474,0.0,262.338327708552,654.3305459518474,0.0,191.8281364436244,654.3305459518474,0.0,235.43507380870258,654.3305459518474,0.0,245.76764962972166,654.3305459518474
0.0,189.38476669086023,654.3305459518474,0.0,203.1703093067721,654.3305459518474,0.0,218.91216712604637,654.3305459518474,0.0,136.932011168798,654.3305459518474,0.0,185.092651202398,654.3305459518474,0.0,201.45429254805015,654.3305459518474
0.0,125.24125947740517,654.3305459518474,0.0,135.23436043318634,654.3305459518474,0.0,154.65694326161199,654.3305459518474,0.0,74.25918644118408,628.5897323930315,0.0,116.47721941138133,654.3305459518474,0.0,137.1880293336622,654.3305459518474
0.0,63.19607813628102,654.3305459518474,0.0,65.27718340795987,654.3305459518474,0.0,80.08000519712712,654.3305459518474,0.0,20.143221384814296,644.7043095008829,0.0,40.1857654686029,654.3305459518474,0.0,63.108118794622314,654.3305459518474
0.0,35.67568701294028,654.3305459518474,0.0,31.310798716087884,654.3305459518474,0.0,48.944947435371574,654.3305459518474,0.0,3.317315105607824,647.3581615853692,0.0,5.9362480837192635,654.3305459518474,0.0,28.750064248601138,654.3305459518474
0.0,31.136203184213784,654.3305459518474,0.0,33.522342119826426,654.3305459518474,0.0,50.51630722223844,654.3305459518474,0.0,1.8623523399903572,648.8480434573615,0.0,3.550109148106618,654.3305459518474,0.0,30.5542180779668,654.3305459518474
0.0,24.617969994247535,654.3305459518474,0.0,34.104327226073416,654.3305459518474,0.0,51.73847594535711,654.3305459518474,0.0,0.5237865956222879,649.2670727338593,0.0,1.74595531874096,654.3305459518474,0.0,29.85583595047041,654.3305459518474
0.0,19.380104038024655,654.3305459518474,0.0,30.612416588591497,654.3305459518474,0.0,51.68027743473242,654.3305459518474,0.0,0.0,649.2670727338593,0.0,2.9099255312349332,654.3305459518474,0.0,26.771314887361385,654.3305459518474
0.0,17.75054574053309,654.3305459518474,0.0,27.29510148298367,654.3305459518474,0.0,51.04009381786073,654.3305459518474,0.0,0.0,649.2670727338593,0.0,7.624004891835525,654.3305459518474,0.0,24.617969994247535,654.3305459518474
0.0,17.2267591449108,654.3305459518474,0.0,25.549146164242714,654.3305459518474,0.0,50.34171169036434,654.3305459518474,0.0,0.05819851062469866,649.3136315423591,0.0,14.025841060552379,654.3305459518474,0.0,22.581022122383082,654.3305459518474
0.0,16.120987443041532,654.3305459518474,0.0,24.035984888000545,654.3305459518474,0.0,49.468734030993865,654.3305459518474,0.0,1.8041538293656585,650.7569546058515,0.0,18.73992042115297,654.3305459518474,0.0,19.61289808052345,654.3305459518474
0.0,16.17918595366623,654.3305459518474,0.0,23.279404249879466,654.3305459518474,0.0,48.71215339287278,654.3305459518474,0.0,7.507607870586128,654.3305459518474,0.0,16.87756808116261,654.3305459518474,0.0,16.062788932416833,654.3305459518474
0.0,20.485875739893928,654.3305459518474,0.0,21.242456378015014,654.3305459518474,0.0,47.48998466975411,654.3305459518474,0.0,17.2849576555355,654.3305459518474,0.0,11.75609914618913,654.3305459518474,0.0,12.512679784310212,654.3305459518474
0.0,24.152381909249943,654.3305459518474,0.0,19.96208914427164,654.3305459518474,0.0,45.74402935101315,654.3305459518474,0.0,25.49094765361801,654.3305459518474,0.0,10.88312148681865,654.3305459518474,0.0,8.904372125578895,654.3305459518474
0.0,25.14175658986982,654.3305459518474,0.0,20.136684676145737,654.3305459518474,0.0,44.69645615976857,654.3305459518474,0.0,27.12050595110958,654.3305459518474,0.0,12.978267869307802,654.3305459518474,0.0,5.412461488096976,654.3305459518474
0.0,25.78194020674151,654.3305459518474,0.0,20.835066803642118,654.3305459518474,0.0,43.299691904775806,654.3305459518474,0.0,26.422123823613195,654.3305459518474,0.0,13.793047018053581,654.3305459518474,0.0,3.608307658731317,654.3305459518474
0.0,29.498785026610374,654.3305459518474,0.0,25.775758956043063,654.3305459518474,0.0,46.057100604043846,654.3305459518474,0.0,31.785925270610726,654.3305459518474,0.0,23.28108285929287,654.3305459518474,0.0,12.81639029680071,654.3305459518474
0.0,48.81468703229694,654.3305459518474,0.0,82.79078792267924,654.3305459518474,0.0,93.72707209188238,654.3305459518474,0.0,91.57708441759534,654.3305459518474,0.0,80.74580246171789,654.3305459518474,0.0,82.30797923702958,654.3305459518474
0.0,86.0748072494412,654.3305459518474,0.0,155.217560583892,654.3305459518474,0.0,162.26540616220888,654.3305459518474,0.0,169.47919744779986,654.3305459518474,0.0,140.78547537142498,654.3305459518474,0.0,153.27343015294142,654.3305459518474
0.0,135.44039540550784,654.3305459518474,0.0,197.3444547225888,654.3305459518474,0.0,220.5245048228859,654.3305459518474,0.0,226.33049250353048,654.3305459518474,0.0,209.80661812740112,654.3305459518474,0.0,208.3284312394182,654.3305459518474
0.0,169.22432470539388,654.3305459518474,0.0,220.2482642965129,654.3305459518474,0.0,254.01744156964844,654.3305459518474,0.0,262.4534015783581,654.3305459518474,0.0,252.68991517523395,654.3305459518474,0.0,245.41713541453015,654.3305459518474
0.0,193.35030300243662,654.3305459518474,0.0,262.73220935906977,654.3305459518474,0.0,269.0360145296475,654.3305459518474,0.0,276.8050318513082,654.3305459518474,0.0,271.4646322556612,654.3305459518474,0.0,265.78847047157313,654.3305459518474
0.0,198.05184213265528,654.3305459518474,0.0,268.57731861128855,654.3305459518474,0.0,273.43870124663084,654.3305459518474,0.0,273.6905722281801,654.3305459518474,0.0,273.9671682125232,654.3305459518474,0.0,272.46089910291965,654.3305459518474
0.0,192.21141325070658,654.3305459518474,0.0,235.23539781606453,654.3305459518474,0.0,269.4245048939549,654.3305459518474,0.0,265.02517539579844,654.3305459518474,0.0,250.57101148342417,654.3305459518474,0.0,265.3762227979451,654.3305459518474
0.0,165.73541582876868,654.3305459518474,0.0,181.47966317339657,654.3305459518474,0.0,245.78769426224528,654.3305459518474,0.0,232.1441623153019,654.3305459518474,0.0,222.0548866997801,654.3305459518474,0.0,240.08459567899496,654.3305459518474
0.0,125.14376166622122,654.3305459518474,0.0,159.5841274901578,654.3305459518474,0.0,199.96435539417342,654.3305459518474,0.0,179.61695537543613,654.3305459518474,0.0,187.3790805304581,654.3305459518474,0.0,194.9139806581767,654.3305459518474
0.0,80.86670212425233,635.1972480760998,0.0,98.88219226367184,653.2127382155193,0.0,138.5986569704802,654.3305459518474,0.0,110.80334847220982,654.3305459518474,0.0,138.52155924979007,654.3305459518474,0.0,130.51560070231565,654.3305459518474
0.0,39.148876169341804,654.3305459518474,0.0,36.64501706103648,654.3305459518474,0.0,73.62147139821391,654.3305459518474,0.0,43.48400363516021,654.3305459518474,0.0,69.66397267573441,654.3305459518474,0.0,54.25090582971452,654.3305459518474
0.0,24.967161057995725,654.3305459518474,0.0,12.338084252436117,654.3305459518474,0.0,47.7227787122529,654.3305459518474,0.0,28.400873184852944,654.3305459518474,0.0,45.860426372262545,654.3305459518474,0.0,17.517751698034296,654.3305459518474
0.0,28.168079142354156,654.3305459518474,0.0,19.845692123022243,654.3305459518474,0.0,49.23593998849507,654.3305459518474,0.0,34.8609078641945,654.3305459518474,0.0,49.41053552036916,654.3305459518474,0.0,18.914515953027067,654.3305459518474
0.0,30.5542180779668,654.3305459518474,0.0,26.829513397986084,654.3305459518474,0.0,50.63270424348784,654.3305459518474,0.0,42.135721692281834,654.3305459518474,0.0,43.5324859472746,654.3305459518474,0.0,25.607344674867413,654.3305459518474
0.0,28.691865737976443,654.3305459518474,0.0,28.459071695477647,654.3305459518474,0.0,50.80729977536193,654.3305459518474,0.0,44.114471053521584,654.3305459518474,0.0,38.17822296980233,654.3305459518474,0.0,33.75513616232522,654.3305459518474
0.0,25.84013871736621,654.3305459518474,0.0,29.85583595047041,654.3305459518474,0.0,50.10891764786555,654.3305459518474,0.0,43.12509637290171,654.3305459518474,0.0,34.51171680044631,654.3305459518474,0.0,40.79715594791376,654.3305459518474
0.0,24.85076403674633,654.3305459518474,0.0,27.877086589230657,654.3305459518474,0.0,49.468734030993865,654.3305459518474,0.0,41.14634701166195,654.3305459518474,0.0,31.42719573733728,654.3305459518474,0.0,43.823478500398096,654.3305459518474
0.0,23.51219829237826,654.3305459518474,0.0,27.00410892986018,654.3305459518474,0.0,47.7227787122529,654.3305459518474,0.0,36.95605424668366,654.3305459518474,0.0,28.982858291099934,654.3305459518474,0.0,43.5324859472746,654.3305459518474
0.0,23.51219829237826,654.3305459518474,0.0,26.305726802363797,654.3305459518474,0.0,45.685830840388455,654.3305459518474,0.0,32.41657041795716,654.3305459518474,0.0,28.051682121104758,654.3305459518474,0.0,41.96112616040774,654.3305459518474
0.0,23.04661020738067,654.3305459518474,0.0,25.956535738615603,654.3305459518474,0.0,43.823478500398096,654.3305459518474,0.0,27.70249105735656,654.3305459518474,0.0,28.168079142354156,654.3305459518474,0.0,40.73895743728906,654.3305459518474
0.0,22.581022122383082,654.3305459518474,0.0,28.400873184852944,654.3305459518474,0.0,42.25211871353123,654.3305459518474,0.0,25.84013871736621,654.3305459518474,0.0,27.29510148298367,654.3305459518474,0.0,41.90292764978304,654.3305459518474
0.0,22.057235526760792,654.3305459518474,0.0,29.390247865472826,654.3305459518474,0.0,40.56436190541496,654.3305459518474,0.0,24.559771483622836,654.3305459518474,0.0,26.422123823613195,654.3305459518474,0.0,41.670133607284235,654.3305459518474
0.0,20.660471271768024,654.3305459518474,0.0,28.866461269850536,654.3305459518474,0.0,38.12002445917762,654.3305459518474,0.0,24.035984888000545,654.3305459518474,0.0,25.025359568620424,654.3305459518474,0.0,41.37914105416075,654.3305459518474
0.0,21.8779596246166,654.3305459518474,0.0,36.076895336614726,654.3305459518474,0.0,43.917974550725354,654.3305459518474,0.0,31.696287319538627,654.3305459518474,0.0,27.16148386108223,654.3305459518474,0.0,50.544744901829134,654.3305459518474
0.0,51.122405095776145,654.3305459518474,0.0,80.18571832639303,654.3305459518474,0.0,112.00175988600787,654.3305459518474,0.0,99.04239122676552,654.3305459518474,0.0,64.51292063871199,654.3305459518474,0.0,119.37725101512089,654.3305459518474
0.0,91.77861674863178,654.3305459518474,0.0,104.72694605792054,654.3305459518474,0.0,188.13115852729416,654.3305459518474,0.0,175.67199688333855,654.3305459518474,0.0,57.997866938587485,654.3305459518474,0.0,191.52239186375039,654.3305459518474
0.0,133.3078060608579,654.3305459518474,0.0,96.58683670158952,650.9173826534369,0.0,245.14132939467518,654.3305459518474,0.0,232.18514022527458,654.3305459518474,0.0,73.54658547389235,627.8771314257398,0.0,245.1224301846097,654.3305459518474
0.0,168.40990101461819,654.3305459518474,0.0,101.3969129929457,652.0349130477935,0.0,282.29609194052364,654.3305459518474,0.0,270.62344949470815,654.3305459518474,0.0,128.4616099587842,650.6464193927671,0.0,279.4758043603608,654.3305459518474
0.0,188.74193677110196,654.3305459518474,0.0,179.38716309379402,654.3305459518474,0.0,301.050408930457,654.3305459518474,0.0,290.9365860411265,654.3305459518474,0.0,170.0143788513459,654.3305459518474,0.0,296.4952053815068,654.3305459518474
0.0,200.33933783462575,654.3305459518474,0.0,261.60232488990977,654.3305459518474,0.0,306.3575127472582,654.3305459518474,0.0,294.257080636576,654.3305459518474,0.0,173.9514774833316,654.3305459518474,0.0,300.4558835938281,654.3305459518474
0.0,192.7954324243371,654.3305459518474,0.0,243.85310230081996,654.3305459518474,0.0,293.2327315676969,654.3305459518474,0.0,282.08237483707535,654.3305459518474,0.0,151.44869850409688,654.3305459518474,0.0,289.7361405599449,654.3305459518474
0.0,167.9254137195552,654.3305459518474,0.0,181.6554041277289,654.3305459518474,0.0,256.70711328876655,654.3305459518474,0.0,251.19265134820057,654.3305459518474,0.0,131.83694584603168,654.3305459518474,0.0,260.69304969083674,654.3305459518474
0.0,123.89050896062527,654.3305459518474,0.0,86.96518323844877,641.2957291902961,0.0,199.62770456080722,654.3305459518474,0.0,202.13059597563935,654.3305459518474,0.0,59.5580096465157,613.8885555983632,0.0,211.45639878640142,654.3305459518474
0.0,75.29404167306166,629.624587624909,0.0,33.4124818072456,574.7082109975418,0.0,136.96273969330514,654.3305459518474,0.0,136.00198042126104,654.3305459518474,0.0,45.8984025213785,559.7869581197417,0.0,145.73835229623776,654.3305459518474
0.0,28.42312961374521,652.3630913159052,0.0,14.568526866240116,586.3630324905339,0.0,72.61787787779869,654.3305459518474,0.0,61.673556119498656,654.3305459518474,0.0,35.038682885910355,587.81790442847,0.0,71.27313088273218,654.3305459518474
0.0,9.95194531682347,654.3305459518474,0.0,18.157935314905984,600.8893807424587,0.0,51.971269987855905,654.3305459518474,0.0,30.205027014218608,654.3305459518474,0.0,34.27892275794751,615.241042634828,0.0,41.08814850103725,654.3305459518474
0.0,10.126540848697566,654.3305459518474,0.0,21.067860846140917,617.7436694193714,0.0,52.553255094102894,654.3305459518474,0.0,31.310798716087884,654.3305459518474,0.0,37.47984084230594,645.2249153086727,0.0,43.5906844578993,654.3305459518474
0.0,12.803672337433706,654.3305459518474,0.0,21.184257867390315,634.6910757132837,0.0,52.3786595622288,654.3305459518474,0.0,32.125577864833666,654.3305459518474,0.0,41.78653062853363,654.3305459518474,0.0,47.664580201628205,654.3305459518474
0.0,15.364406804920447,654.3305459518474,0.0,21.7080444630126,652.0575112836938,0.0,51.331086370984224,654.3305459518474,0.0,31.834585311710175,654.3305459518474,0.0,44.92925020226737,654.3305459518474,0.0,49.17774147787037,654.3305459518474
0.0,15.771796379293338,654.3305459518474,0.0,23.86138935612645,654.3305459518474,0.0,49.52693254161856,654.3305459518474,0.0,29.44844637609752,654.3305459518474,0.0,46.15141892538605,654.3305459518474,0.0,47.48998466975411,654.3305459518474
0.0,15.829994889918037,654.3305459518474,0.0,21.067860846140917,654.3305459518474,0.0,47.43178615912941,654.3305459518474,0.0,26.072932759865,654.3305459518474,0.0,45.51123530851436,654.3305459518474,0.0,46.67520552100833,654.3305459518474
0.0,14.433230634925268,654.3305459518474,0.0,20.36947871864453,654.3305459518474,0.0,44.92925020226737,654.3305459518474,0.0,23.919587866751147,654.3305459518474,0.0,44.87105169164267,654.3305459518474,0.0,44.58005913851918,654.3305459518474
0.0,13.793047018053581,654.3305459518474,0.0,19.321905527399956,654.3305459518474,0.0,43.88167701102279,654.3305459518474,0.0,22.75561765425718,654.3305459518474,0.0,43.299691904775806,654.3305459518474,0.0,42.310317224155924,654.3305459518474
0.0,14.258635103051171,654.3305459518474,0.0,19.321905527399956,654.3305459518474,0.0,43.76527998977339,654.3305459518474,0.0,21.184257867390315,654.3305459518474,0.0,40.56436190541496,654.3305459518474,0.0,40.79715594791376,654.3305459518474
0.0,13.793047018053581,654.3305459518474,0.0,18.972714463651766,654.3305459518474,0.0,43.939875521647494,654.3305459518474,0.0,19.321905527399956,654.3305459518474,0.0,39.80778126729388,654.3305459518474,0.0,36.54866467231076,654.3305459518474
0.0,12.978267869307802,654.3305459518474,0.0,20.07848616552104,654.3305459518474,0.0,43.823478500398096,654.3305459518474,0.0,16.58657552803912,654.3305459518474,0.0,35.908481055439076,654.3305459518474,0.0,32.940357013579444,654.3305459518474
0.0,11.930694678063224,654.3305459518474,0.0,19.438302548649354,654.3305459518474,0.0,43.7070814791487,654.3305459518474,0.0,14.666024677424062,654.3305459518474,0.0,30.437821056717404,654.3305459518474,0.0,29.215652333598733,654.3305459518474
0.0,17.12776045329851,654.3305459518474,0.0,14.200436592426472,654.3305459518474,0.0,48.070468895572745,654.3305459518474,0.0,20.379017188169787,654.3305459518474,0.0,28.772142948508343,654.3305459518474,0.0,33.74109505151493,654.3305459518474
0.0,67.89965133388317,654.3305459518474,0.0,19.748372040823355,649.0789179926708,0.0,101.87336269891185,654.3305459518474,0.0,78.82693022051623,654.3305459518474,0.0,64.33514561699616,654.3305459518474,0.0,97.5260504606816,654.3305459518474
0.0,129.5988211011009,654.3305459518474,0.0,60.06325249004266,654.3305459518474,0.0,159.94682647776114,654.3305459518474,0.0,108.68480023837016,654.3305459518474,0.0,123.37608310554319,654.3305459518474,0.0,174.35065173962255,654.3305459518474
0.0,182.47371822428656,654.3305459518474,0.0,171.06663241286054,654.3305459518474,0.0,196.2521909445747,654.3305459518474,0.0,122.89963339957703,654.3305459518474,0.0,193.59599273328752,654.3305459518474,0.0,236.17239977878808,654.3305459518474
0.0,217.7739882902565,654.3305459518474,0.0,211.53871006431683,654.3305459518474,0.0,216.40645167934258,654.3305459518474,0.0,169.33957630418504,654.3305459518474,0.0,237.37920423965318,654.3305459518474,0.0,269.27366667140143,654.3305459518474
0.0,230.45358147531402,654.3305459518474,0.0,195.77141632630855,654.3305459518474,0.0,249.3063639699045,654.3305459518474,0.0,229.68914097708114,654.3305459518474,0.0,243.98875399010495,654.3305459518474,0.0,285.4436696135125,654.3305459518474
0.0,238.10284455689853,654.3305459518474,0.0,178.12605052808618,654.3305459518474,0.0,246.5914340610375,654.3305459518474,0.0,244.97194742002634,654.3305459518474,0.0,260.485869296057,654.3305459518474,0.0,275.7196602399327,654.3305459518474
0.0,235.03554409444152,654.3305459518474,0.0,183.33097616343335,654.3305459518474,0.0,233.52017102183078,654.3305459518474,0.0,173.01394233365292,654.3305459518474,0.0,259.54047428626643,654.3305459518474,0.0,245.798911341184,654.3305459518474
0.0,211.62834801538895,654.3305459518474,0.0,149.8380394166708,654.3305459518474,0.0,191.37755716291025,654.3305459518474,0.0,93.37205523540585,647.7026011872532,0.0,232.4100744076615,654.3305459518474,0.0,185.68532020062847,654.3305459518474
0.0,164.77783604656628,654.3305459518474,0.0,74.38494420297367,628.715490154821,0.0,124.48450111029904,654.3305459518474,0.0,80.92207660300538,628.6246777902586,0.0,196.9791884806468,654.3305459518474,0.0,84.85431713573594,639.1848630875834
0.0,105.26663010275158,654.3305459518474,0.0,35.702801541087695,564.4182916959087,0.0,75.55774196905267,629.8882879209001,0.0,77.9868928820215,606.6115706722801,0.0,134.8033912784779,654.3305459518474,0.0,29.780594568178728,568.9654576557621
0.0,41.21276084036862,654.3305459518474,0.0,16.14306614294873,577.3327446102677,0.0,52.26544203082115,654.3305459518474,0.0,37.59809420195379,636.6900460338431,0.0,59.70266661837074,654.3305459518474,0.0,11.870995287010182,578.4622538853702
0.0,14.375032124300569,654.3305459518474,0.0,11.930694678063224,586.8773003527183,0.0,48.944947435371574,654.3305459518474,0.0,17.459553187409597,650.6576885837708,0.0,33.23134956670293,654.3305459518474,0.0,11.81429765681383,587.9136920108213
0.0,10.941319997443347,654.3305459518474,0.0,10.417533401821059,595.2113270741752,0.0,48.77035190349748,654.3305459518474,0.0,15.71359786866864,654.3305459518474,0.0,39.92417828854328,654.3305459518474,0.0,33.87153318357462,615.010918557681
0.0,7.914997444959019,654.3305459518474,0.0,1.6877568081162613,596.5615325206682,0.0,48.886748924746875,654.3305459518474,0.0,13.618451486179488,654.3305459518474,0.0,45.51123530851436,654.3305459518474,0.0,51.04009381786073,654.3305459518474
0.0,6.751027232465045,654.3305459518474,0.0,8.089592976833115,603.0332069021347,0.0,49.11954296724567,654.3305459518474,0.0,12.745473826809006,654.3305459518474,0.0,48.24656530787519,654.3305459518474,0.0,51.56388041348302,654.3305459518474
0.0,6.460034679341552,654.3305459518474,0.0,22.581022122383082,621.0980246000412,0.0,49.87612360536675,654.3305459518474,0.0,12.687275316184309,654.3305459518474,0.0,50.51630722223844,654.3305459518474,0.0,49.41053552036916,654.3305459518474
0.0,6.343637658092154,654.3305459518474,0.0,19.030912974276465,636.3227549794624,0.0,49.99252062661615,654.3305459518474,0.0,15.18981127304635,654.3305459518474,0.0,51.85487296660651,654.3305459518474,0.0,48.71215339287278,654.3305459518474
0.0,6.751027232465045,654.3305459518474,0.0,23.04661020738067,654.3305459518474,0.0,50.10891764786555,654.3305459518474,0.0,18.448927868029475,654.3305459518474,0.0,52.0876670091053,654.3305459518474,0.0,49.11954296724567,654.3305459518474
0.0,8.031394466208416,654.3305459518474,0.0,39.57498722479509,654.3305459518474,0.0,50.63270424348784,654.3305459518474,0.0,18.332530846780077,654.3305459518474,0.0,52.553255094102894,654.3305459518474,0.0,51.331086370984224,654.3305459518474
0.0,9.95194531682347,654.3305459518474,0.0,36.665061693560155,654.3305459518474,0.0,51.272887860359525,654.3305459518474,0.0,17.110362123661407,654.3305459518474,0.0,53.01884317910048,654.3305459518474,0.0,53.54262977472277,654.3305459518474
0.0,12.105290209937321,654.3305459518474,0.0,27.12050595110958,654.3305459518474,0.0,51.913071477231206,654.3305459518474,0.0,18.73992042115297,654.3305459518474,0.0,53.36803424284868,654.3305459518474,0.0,53.30983573222398,654.3305459518474
0.0,14.025841060552379,654.3305459518474,0.0,35.50109148106618,654.3305459518474,0.0,51.971269987855905,654.3305459518474,0.0,21.475250420513806,654.3305459518474,0.0,53.48443126409807,654.3305459518474,0.0,52.84424764722639,654.3305459518474
0.0,16.411979996165023,654.3305459518474,0.0,42.135721692281834,654.3305459518474,0.0,52.14586551973,654.3305459518474,0.0,23.279404249879466,654.3305459518474,0.0,52.96064466847578,654.3305459518474,0.0,52.727850625976984,654.3305459518474
0.0,21.72226330280795,654.3305459518474,0.0,49.571089941432966,654.3305459518474,0.0,53.177718990750876,654.3305459518474,0.0,30.46307924646635,654.3305459518474,0.0,56.583171167002455,654.3305459518474,0.0,59.94614455285303,654.3305459518474
0.0,66.76694283285156,654.3305459518474,0.0,117.60453662620264,654.3305459518474,0.0,71.77633965887561,654.3305459518474,0.0,90.7544454087377,654.3305459518474,0.0,103.24804825399741,654.3305459518474,0.0,122.14234184551573,654.3305459518474
0.0,120.88440876964967,654.3305459518474,0.0,192.55424533477125,654.3305459518474,0.0,93.44694115972743,654.3305459518474,0.0,166.46859461553925,654.3305459518474,0.0,141.5542407819579,654.3305459518474,0.0,187.49229806186577,654.3305459518474
0.0,161.97158957721373,654.3305459518474,0.0,250.53807116254848,654.3305459518474,0.0,120.31928880608461,654.3305459518474,0.0,225.30967838246323,654.3305459518474,0.0,175.19033362014716,654.3305459518474,0.0,228.86729193271162,654.3305459518474
0.0,191.46922918136588,654.3305459518474,0.0,289.78798009088604,654.3305459518474,0.0,174.730926785848,654.3305459518474,0.0,264.9576161446335,654.3305459518474,0.0,184.19238128589507,654.3305459518474,0.0,265.73106192543656,654.3305459518474
0.0,214.72222981903815,654.3305459518474,0.0,313.4184317429122,654.3305459518474,0.0,229.70097029152282,654.3305459518474,0.0,279.3927031179573,654.3305459518474,0.0,201.86300527386632,654.3305459518474,0.0,280.0591126180511,654.3305459518474
0.0,225.83514358749892,654.3305459518474,0.0,317.1934750734058,654.3305459518474,0.0,243.29601992635185,654.3305459518474,0.0,275.2259899333145,654.3305459518474,0.0,188.23183582831984,654.3305459518474,0.0,280.4004438216874,654.3305459518474
0.0,218.04740478475784,654.3305459518474,0.0,293.9137153655562,654.3305459518474,0.0,205.40825632271782,654.3305459518474,0.0,247.51210406803426,654.3305459518474,0.0,144.15295139856062,654.3305459518474,0.0,266.73933581612187,654.3305459518474
0.0,187.63898910110433,654.3305459518474,0.0,242.45448170742873,654.3305459518474,0.0,153.20030188658114,654.3305459518474,0.0,188.92739392394463,654.3305459518474,0.0,97.25528026906684,651.5858262209142,0.0,244.4128309781747,654.3305459518474
0.0,144.76019469455656,654.3305459518474,0.0,185.40969190975855,654.3305459518474,0.0,118.34204032527322,654.3305459518474,0.0,114.41651423019626,654.3305459518474,0.0,78.25863076710942,629.8444569880237,0.0,209.15035933233565,654.3305459518474
0.0,95.1397337960839,649.4702797479313,0.0,115.28577921276984,654.3305459518474,0.0,84.78304520777411,639.1135911596215,0.0,66.43665097916879,620.7671969310162,0.0,64.78933889407001,594.6337958820938,0.0,147.30653259326286,654.3305459518474
0.0,45.70490777943896,654.3305459518474,0.0,68.93079388896382,654.3305459518474,0.0,61.06445648510425,654.3305459518474,0.0,29.739616658206074,644.5588902575811,0.0,48.94812692521333,633.7922974222644,0.0,72.78629215897435,654.3305459518474
0.0,30.03043148234451,654.3305459518474,0.0,57.15093743345409,654.3305459518474,0.0,56.80174636970589,654.3305459518474,0.0,12.978267869307802,654.3305459518474,0.0,30.96160765233969,654.3305459518474,0.0,37.94542892730353,654.3305459518474
0.0,27.877086589230657,654.3305459518474,0.0,56.97634190157999,654.3305459518474,0.0,56.56895232720709,654.3305459518474,0.0,9.253563189327087,654.3305459518474,0.0,18.332530846780077,654.3305459518474,0.0,33.114952545453534,654.3305459518474
0.0,26.363925312988492,654.3305459518474,0.0,56.4525553059577,654.3305459518474,0.0,56.219761263458906,654.3305459518474,0.0,7.158416806837935,654.3305459518474,0.0,27.00410892986018,654.3305459518474,0.0,28.109880631729453,654.3305459518474
0.0,25.083558079245122,654.3305459518474,0.0,55.695974667836616,654.3305459518474,0.0,55.230386582839024,654.3305459518474,0.0,5.296064466847579,654.3305459518474,0.0,35.67568701294028,654.3305459518474,0.0,23.57039680300296,654.3305459518474
0.0,25.72374169611681,654.3305459518474,0.0,54.706599987216734,654.3305459518474,0.0,54.18281339159446,654.3305459518474,0.0,3.2009180843584266,654.3305459518474,0.0,29.85583595047041,654.3305459518474,0.0,20.25308169739513,654.3305459518474
0.0,27.877086589230657,654.3305459518474,0.0,53.65902679597217,654.3305459518474,0.0,53.135240200349884,654.3305459518474,0.0,1.5713597868668638,654.3305459518474,0.0,24.38517595174874,654.3305459518474,0.0,17.459553187409597,654.3305459518474
0.0,30.321424035468006,654.3305459518474,0.0,51.796674455981815,654.3305459518474,0.0,52.3786595622288,654.3305459518474,0.0,0.9893746806198773,654.3305459518474,0.0,18.041538293656586,654.3305459518474,0.0,15.18981127304635,654.3305459518474
0.0,33.28954807732764,654.3305459518474,0.0,47.19899211663062,654.3305459518474,0.0,52.7860491366017,654.3305459518474,0.0,2.036947871864453,654.3305459518474,0.0,10.999518508068046,654.3305459518474,0.0,12.396282763060816,654.3305459518474
0.0,35.966679566063775,654.3305459518474,0.0,42.89230233040291,654.3305459518474,0.0,52.90244615785109,654.3305459518474,0.0,3.2009180843584266,654.3305459518474,0.0,5.063270424348783,654.3305459518474,0.0,9.544555742450582,654.3305459518474
0.0,37.59623786355534,654.3305459518474,0.0,39.98237679916799,654.3305459518474,0.0,53.193438710974576,654.3305459518474,0.0,3.841101701230112,654.3305459518474,0.0,1.6877568081162613,654.3305459518474,0.0,6.867424253714441,654.3305459518474
0.0,37.712634884804736,654.3305459518474,0.0,34.33712126857221,654.3305459518474,0.0,53.30983573222398,654.3305459518474,0.0,3.7247046799807144,654.3305459518474,0.0,1.1057717018692748,654.3305459518474,0.0,4.539483828726496,654.3305459518474
0.0,36.25767211918726,654.3305459518474,0.0,25.84013871736621,654.3305459518474,0.0,52.66965211535229,654.3305459518474,0.0,2.9099255312349332,654.3305459518474,0.0,1.1639702124939733,654.3305459518474,0.0,2.8517270206102348,654.3305459518474
0.0,34.4535182898216,654.3305459518474,0.0,22.50242352126459,654.3305459518474,0.0,56.87416372012595,654.3305459518474,0.0,2.5953533977758907,654.3305459518474,0.0,3.0027429721487815,654.3305459518474,0.0,9.937904206013176,654.3305459518474
0.0,43.52948418641791,654.3305459518474,0.0,56.76147937567347,654.3305459518474,0.0,104.07068726285503,654.3305459518474,0.0,36.988026874086216,654.3305459518474,0.0,37.768187092542846,654.3305459518474,0.0,81.7684729211836,654.3305459518474
0.0,66.36873627003379,654.3305459518474,0.0,104.6077250047995,654.3305459518474,0.0,168.15599596568543,654.3305459518474,0.0,128.74792214163762,654.3305459518474,0.0,91.2722284826466,654.3305459518474,0.0,156.22115410430726,654.3305459518474
0.0,94.93352109477735,649.2640670466247,0.0,151.3229407423073,654.3305459518474,0.0,229.0372070943156,654.3305459518474,0.0,181.54572154413316,654.3305459518474,0.0,156.7889203707589,654.3305459518474,0.0,214.41419439424766,654.3305459518474
0.0,108.95953988431478,654.3305459518474,0.0,180.70418332521004,654.3305459518474,0.0,273.8679917919258,654.3305459518474,0.0,174.95189151390508,654.3305459518474,0.0,194.30859370057925,654.3305459518474,0.0,254.6330779127114,654.3305459518474
0.0,108.50181165942904,654.3305459518474,0.0,205.31464891731582,654.3305459518474,0.0,295.04624613760274,654.3305459518474,0.0,165.6116921343626,654.3305459518474,0.0,202.93151174255988,654.3305459518474,0.0,275.11295013089193,654.3305459518474
0.0,101.81516418828714,654.3305459518474,0.0,223.34700419941728,654.3305459518474,0.0,298.025409529416,654.3305459518474,0.0,176.86776199425003,654.3305459518474,0.0,186.47837610743716,654.3305459518474,0.0,277.8435997599827,654.3305459518474
0.0,94.5968702614111,648.9274162132585,0.0,148.59547060305832,654.3305459518474,0.0,272.66622315930096,654.3305459518474,0.0,202.94105021208514,654.3305459518474,0.0,145.02310502605945,654.3305459518474,0.0,263.16635800361996,654.3305459518474
0.0,86.49305844478263,635.4204746580411,0.0,80.1782139242513,634.5087598760987,0.0,209.6945460184517,654.3305459518474,0.0,180.78110331691514,654.3305459518474,0.0,101.78408020580986,654.3305459518474,0.0,230.51495947578047,654.3305459518474
0.0,68.44348256202915,603.8639572200702,0.0,43.16810835025788,577.6768682263565,0.0,153.48343457959277,654.3305459518474,0.0,118.18987895127646,654.3305459518474,0.0,75.55341705675269,629.8839630086001,0.0,179.38133730106566,654.3305459518474
0.0,51.01519108608189,554.8791483061522,0.0,40.96592568705953,518.6427939134161,0.0,102.84215956005286,654.3305459518474,0.0,49.185956795952336,603.5165027477997,0.0,59.27487695350406,589.1588399621041,0.0,110.63060927873417,654.3305459518474
0.0,35.35643450921114,583.1642959135211,0.0,20.078663894506093,534.705725029021,0.0,64.19781531829777,654.3305459518474,0.0,16.772210409866815,616.9342710756931,0.0,35.63338595152434,617.6655487233236,0.0,33.51333683725635,654.3305459518474
0.0,30.6706150992162,607.700787992894,0.0,6.227240636842756,539.6875175384952,0.0,54.00821785972036,654.3305459518474,0.0,9.428158721201184,624.4767980526541,0.0,18.623523399903572,632.5643674432464,0.0,2.735329999360837,654.3305459518474
0.0,32.125577864833666,633.401250284761,0.0,5.587057019971072,544.1571631544721,0.0,53.89182083847097,654.3305459518474,0.0,6.98382127496384,630.0638550726252,0.0,14.840620209298159,644.4368636106849,0.0,2.0951463824891516,654.3305459518474
0.0,35.908481055439076,654.3305459518474,0.0,4.714079360600592,547.9284266429526,0.0,53.193438710974576,654.3305459518474,0.0,8.438784040581305,636.8148823050902,0.0,12.047091699312622,654.074536970135,0.0,1.3385657443680692,654.3305459518474
0.0,37.59623786355534,654.3305459518474,0.0,2.3861389356126455,549.8373377914427,0.0,52.553255094102894,654.3305459518474,0.0,13.443855954305391,647.5699670685345,0.0,9.13716616807769,654.3305459518474,0.0,0.87297765937048,654.3305459518474
0.0,37.47984084230594,654.3305459518474,0.0,2.2115434037385495,551.6065725144335,0.0,52.14586551973,654.3305459518474,0.0,18.099736804281285,654.3305459518474,0.0,6.51823318996625,654.3305459518474,0.0,0.9893746806198773,654.3305459518474
0.0,36.08307658731317,654.3305459518474,0.0,5.121468934973482,555.7037476624123,0.0,51.44748339223362,654.3305459518474,0.0,24.035984888000545,654.3305459518474,0.0,5.063270424348783,654.3305459518474,0.0,1.1639702124939733,654.3305459518474
0.0,31.543592758586676,654.3305459518474,0.0,7.682203402460224,561.8495103843804,0.0,50.63270424348784,654.3305459518474,0.0,30.205027014218608,654.3305459518474,0.0,4.073895743728906,654.3305459518474,0.0,0.9311761699951786,654.3305459518474
0.0,32.00918084358427,654.3305459518474,0.0,11.581503614315034,571.1147132758325,0.0,50.45810871161374,654.3305459518474,0.0,34.104327226073416,654.3305459518474,0.0,2.9099255312349332,654.3305459518474,0.0,0.4655880849975893,654.3305459518474
0.0,34.33712126857221,654.3305459518474,0.0,13.443855954305391,581.8697980392768,0.0,50.34171169036434,654.3305459518474,0.0,38.06182594855293,654.3305459518474,0.0,2.6771314887361384,654.3305459518474,0.0,0.174595531874096,654.3305459518474
0.0,32.41657041795716,654.3305459518474,0.0,15.422605315545146,594.207882291713,0.0,49.468734030993865,654.3305459518474,0.0,41.43733956478545,654.3305459518474,0.0,2.444337446237344,654.3305459518474,0.0,0.05819851062469866,654.3305459518474
0.0,28.691865737976443,654.3305459518474,0.0,17.459553187409597,608.1755248416406,0.0,51.331086370984224,654.3305459518474,0.0,44.34726509602038,654.3305459518474,0.0,1.920550850615056,654.3305459518474,0.0,0.11639702124939733,654.3305459518474
0.0,27.17870446173428,654.3305459518474,0.0,19.147309995525863,623.4933728380613,0.0,51.62207892410771,654.3305459518474,0.0,45.27844126601556,654.3305459518474,0.0,1.4549627656174666,654.3305459518474,0.0,0.23279404249879465,654.3305459518474
0.0,31.139382674055533,654.3305459518474,0.0,22.750937283987078,641.6941226652509,0.0,53.42623275347337,654.3305459518474,0.0,49.47827250051911,654.3305459518474,0.0,2.1376251728901514,654.3305459518474,0.0,7.974874564997121,654.3305459518474
0.0,60.13213489265084,654.3305459518474,0.0,63.50932711829677,654.3305459518474,0.0,68.64298082568207,654.3305459518474,0.0,110.86604962411954,654.3305459518474,0.0,23.059505895732737,652.3900518475801,0.0,79.53803030737961,654.3305459518474
0.0,114.36767646011178,654.3305459518474,0.0,115.98769628807807,654.3305459518474,0.0,86.24118746323333,654.3305459518474,0.0,177.43349419331815,654.3305459518474,0.0,60.09001156021995,654.3305459518474,0.0,153.71543865760344,654.3305459518474
0.0,153.8630973903152,654.3305459518474,0.0,150.3393918544158,654.3305459518474,0.0,102.29947375436512,654.3305459518474,0.0,239.50225511477782,654.3305459518474,0.0,121.47142970413687,654.3305459518474,0.0,211.3422135615206,654.3305459518474
0.0,133.00895364762255,654.3305459518474,0.0,171.31311210819956,654.3305459518474,0.0,111.80640880566986,654.3305459518474,0.0,277.13046560573576,654.3305459518474,0.0,188.1977500849859,654.3305459518474,0.0,249.17177865452993,654.3305459518474
0.0,91.15265197155546,645.4831979234028,0.0,203.6482598931666,654.3305459518474,0.0,117.61689912759954,654.3305459518474,0.0,293.52222324039207,654.3305459518474,0.0,224.88692454583676,654.3305459518474,0.0,269.14358399731185,654.3305459518474
0.0,112.43626398852817,654.3305459518474,0.0,240.33893523444578,654.3305459518474,0.0,123.76872065316556,654.3305459518474,0.0,301.6638334771514,654.3305459518474,0.0,228.41663360344958,654.3305459518474,0.0,272.7629310059968,654.3305459518474
0.0,161.20096782828236,654.3305459518474,0.0,262.3162490086448,654.3305459518474,0.0,123.43524930964105,654.3305459518474,0.0,292.06408098493284,654.3305459518474,0.0,214.82944382873242,654.3305459518474,0.0,260.51112748580596,654.3305459518474
0.0,182.70801314721368,654.3305459518474,0.0,263.7979708444396,654.3305459518474,0.0,120.47966549816337,654.3305459518474,0.0,260.09534486436604,654.3305459518474,0.0,183.77616415793713,654.3305459518474,0.0,230.84039323020806,654.3305459518474
0.0,157.4794426381434,654.3305459518474,0.0,215.78666815296467,654.3305459518474,0.0,100.6242571766308,654.3305459518474,0.0,207.6152970851713,654.3305459518474,0.0,141.2922190953803,654.3305459518474,0.0,183.98670177154366,654.3305459518474
0.0,80.21751322481056,634.548059176658,0.0,148.9203711705307,654.3305459518474,0.0,72.80183415021298,627.1323801020603,0.0,137.3388675562157,654.3305459518474,0.0,83.95643674458663,638.286982696434,0.0,117.95558402834928,654.3305459518474
0.0,16.935944320772364,648.0968146332758,0.0,74.35447245599946,654.3305459518474,0.0,58.63265926924885,654.3305459518474,0.0,57.05061559039849,654.3305459518474,0.0,23.09094533618013,654.3305459518474,0.0,44.28624255352405,654.3305459518474
0.0,2.6771314887361384,650.2385198242647,0.0,45.685830840388455,654.3305459518474,0.0,57.15093743345409,654.3305459518474,0.0,26.014734249240302,654.3305459518474,0.0,2.3279404249879465,654.3305459518474,0.0,17.575950208658995,654.3305459518474
0.0,0.8147791487457813,650.8903431432614,0.0,44.114471053521584,654.3305459518474,0.0,56.7435478590812,654.3305459518474,0.0,22.581022122383082,654.3305459518474,0.0,1.8041538293656585,654.3305459518474,0.0,11.872496167438527,654.3305459518474
0.0,0.6401836168716852,651.4024900367588,0.0,43.823478500398096,654.3305459518474,0.0,55.637776157211924,654.3305459518474,0.0,19.96208914427164,654.3305459518474,0.0,1.222168723118672,654.3305459518474,0.0,8.205989998082512,654.3305459518474
0.0,14.957017230547557,654.3305459518474,0.0,41.37914105416075,654.3305459518474,0.0,54.18281339159446,654.3305459518474,0.0,17.168560634286106,654.3305459518474,0.0,0.87297765937048,654.3305459518474,0.0,6.51823318996625,654.3305459518474
0.0,39.74958275666919,654.3305459518474,0.0,36.432267651061366,654.3305459518474,0.0,52.2040640303547,654.3305459518474,0.0,15.364406804920447,654.3305459518474,0.0,0.4655880849975893,654.3305459518474,0.0,6.460034679341552,654.3305459518474
0.0,38.58561254417521,654.3305459518474,0.0,28.982858291099934,654.3305459518474,0.0,48.53755786099868,654.3305459518474,0.0,13.793047018053581,654.3305459518474,0.0,0.2909925531234933,654.3305459518474,0.0,7.274813828087333,654.3305459518474
0.0,28.517270206102342,654.3305459518474,0.0,21.882639994886695,654.3305459518474,0.0,43.7070814791487,654.3305459518474,0.0,11.872496167438527,654.3305459518474,0.0,0.174595531874096,654.3305459518474,0.0,8.496982551206004,654.3305459518474
0.0,18.157935314905984,654.3305459518474,0.0,20.485875739893928,654.3305459518474,0.0,37.94542892730353,654.3305459518474,0.0,10.242937869946964,654.3305459518474,0.0,0.11639702124939733,654.3305459518474,0.0,10.359334891196362,654.3305459518474
0.0,14.258635103051171,654.3305459518474,0.0,20.136684676145737,654.3305459518474,0.0,29.56484339734692,654.3305459518474,0.0,8.962570636203594,654.3305459518474,0.0,0.11639702124939733,654.3305459518474,0.0,12.047091699312622,654.3305459518474
0.0,10.650327444319855,654.3305459518474,0.0,20.485875739893928,654.3305459518474,0.0,14.258635103051171,654.3305459518474,0.0,7.914997444959019,654.3305459518474,0.0,0.11639702124939733,654.3305459518474,0.0,13.152863401181898,654.3305459518474
0.0,7.798600423709622,654.3305459518474,0.0,20.02028765489634,654.3305459518474,0.0,3.6665061693560155,654.3305459518474,0.0,6.751027232465045,654.3305459518474,0.0,0.05819851062469866,654.3305459518474,0.0,13.385657443680692,654.3305459518474
0.0,6.51823318996625,654.3305459518474,0.0,18.448927868029475,654.3305459518474,0.0,0.5237865956222879,654.3305459518474,0.0,5.8198510624698665,654.3305459518474,0.0,0.05819851062469866,654.3305459518474,0.0,12.687275316184309,654.3305459518474
0.0,6.672428631346548,654.3305459518474,0.0,14.824900489074459,654.3305459518474,0.0,0.5741252461351369,654.3305459518474,0.0,6.246139846908208,654.3305459518474,0.0,1.3653248145453694,654.3305459518474,0.0,15.254368763354552,654.3305459518474
0.0,53.263387487493105,654.3305459518474,0.0,36.42008287864953,654.3305459518474,0.0,28.404408132664813,654.3305459518474,0.0,32.82281456987181,654.3305459518474,0.0,30.037145919998125,654.3305459518474,0.0,76.28977533336503,654.3305459518474
0.0,129.53912171004785,654.3305459518474,0.0,64.97082659258278,654.3305459518474,0.0,70.45102506082972,654.3305459518474,0.0,60.83087247811733,654.3305459518474,0.0,50.51701813817866,654.3305459518474,0.0,149.60206588433024,654.3305459518474
0.0,188.87255263214672,654.3305459518474,0.0,118.28773222043051,654.3305459518474,0.0,117.49485404260687,654.3305459518474,0.0,86.7641840943675,641.0947300462149,0.0,76.79952081817703,631.1300667700244,0.0,205.20761263660663,654.3305459518474
0.0,228.52517076458716,654.3305459518474,0.0,123.04278949100373,654.3305459518474,0.0,157.5657233703887,654.3305459518474,0.0,113.32981946737752,651.7585856201168,0.0,107.51932914544784,637.1455300863827,0.0,242.67226694564403,654.3305459518474
0.0,248.3884389462315,654.3305459518474,0.0,150.56636010418623,654.3305459518474,0.0,180.89882348960782,654.3305459518474,0.0,144.0496277946483,654.3305459518474,0.0,151.89238561817234,654.3305459518474,0.0,263.753023480137,654.3305459518474
0.0,215.2604129834409,654.3305459518474,0.0,173.20275670532237,654.3305459518474,0.0,177.7858647469081,654.3305459518474,0.0,182.96138500919133,654.3305459518474,0.0,209.23602782907787,654.3305459518474,0.0,269.55565394195486,654.3305459518474
0.0,167.62656130631981,654.3305459518474,0.0,183.50089132503732,654.3305459518474,0.0,155.27990627783163,654.3305459518474,0.0,193.4923136714051,654.3305459518474,0.0,205.6056414704393,654.3305459518474,0.0,257.76475813649154,654.3305459518474
0.0,161.02637229640828,654.3305459518474,0.0,176.56573009117292,654.3305459518474,0.0,124.17778883695185,654.3305459518474,0.0,176.8913415745856,654.3305459518474,0.0,191.19263319702284,654.3305459518474,0.0,230.253727753691,654.3305459518474
0.0,119.54434214485326,654.3305459518474,0.0,134.1981820498655,654.3305459518474,0.0,107.06557037489198,654.3305459518474,0.0,129.9700908647563,654.3305459518474,0.0,151.63751287576636,654.3305459518474,0.0,184.08587819214102,654.3305459518474
0.0,66.3720934888606,620.702639440708,0.0,78.91038692088988,633.2409328727373,0.0,84.01074484942933,638.3412908012767,0.0,69.56232768123553,623.8928736330829,0.0,91.31152778320585,645.6420737350533,0.0,119.00483582900726,654.3305459518474
0.0,33.11345166502519,647.1934007727282,0.0,20.309957056576543,649.4888985179986,0.0,62.646855621924715,654.3305459518474,0.0,16.306800053854282,636.9383136761663,0.0,27.16484107990904,654.3305459518474,0.0,44.5757342262192,654.3305459518474
0.0,32.41657041795716,654.3305459518474,0.0,2.2115434037385495,651.2581332409894,0.0,56.918143390955294,654.3305459518474,0.0,1.1639702124939733,637.8694898461615,0.0,7.100218296213236,654.3305459518474,0.0,18.68172191052827,654.3305459518474
0.0,40.15697233104208,654.3305459518474,0.0,2.735329999360837,653.4463972404781,0.0,56.97634190157999,654.3305459518474,0.0,0.8147791487457813,638.5213131651582,0.0,8.438784040581305,654.3305459518474,0.0,22.63922063300778,654.3305459518474
0.0,48.944947435371574,654.3305459518474,0.0,3.3755136162325226,654.3305459518474,0.0,56.80174636970589,654.3305459518474,0.0,0.40738957437289064,638.8472248246565,0.0,9.195364678702388,654.3305459518474,0.0,25.14175658986982,654.3305459518474
0.0,52.7860491366017,654.3305459518474,0.0,2.6771314887361384,654.3305459518474,0.0,56.6271508378318,654.3305459518474,0.0,0.6401836168716852,639.3593717181539,0.0,9.428158721201184,654.3305459518474,0.0,24.967161057995725,654.3305459518474
0.0,53.89182083847097,654.3305459518474,0.0,0.8147791487457813,654.3305459518474,0.0,56.510753816582394,654.3305459518474,0.0,1.6295582974915626,640.6630183561471,0.0,9.544555742450582,654.3305459518474,0.0,22.348228079884287,654.3305459518474
0.0,54.532004455342644,654.3305459518474,0.0,0.174595531874096,654.3305459518474,0.0,56.394356795333,654.3305459518474,0.0,3.1427195737337277,643.1771940151341,0.0,9.486357231825883,654.3305459518474,0.0,23.51219829237826,654.3305459518474
0.0,55.113989561589634,654.3305459518474,0.0,0.05819851062469866,654.3305459518474,0.0,56.2779597740836,654.3305459518474,0.0,3.7829031906054134,646.2035165676184,0.0,10.533930423070458,654.3305459518474,0.0,26.305726802363797,654.3305459518474
0.0,55.46318062533782,654.3305459518474,0.0,0.0,654.3305459518474,0.0,56.219761263458906,654.3305459518474,0.0,3.7247046799807144,649.183280311603,0.0,11.872496167438527,654.3305459518474,0.0,26.305726802363797,654.3305459518474
0.0,55.230386582839024,654.3305459518474,0.0,0.0,654.3305459518474,0.0,55.579577646587225,654.3305459518474,0.0,3.9574987224795093,652.3492792895865,0.0,12.861870848058405,654.3305459518474,0.0,25.72374169611681,654.3305459518474
0.0,55.172188072214325,654.3305459518474,0.0,0.0,654.3305459518474,0.0,54.18281339159446,654.3305459518474,0.0,4.772277871225291,654.3305459518474,0.0,13.56025297555479,654.3305459518474,0.0,27.17870446173428,654.3305459518474
0.0,56.103364242209516,654.3305459518474,0.0,0.0,654.3305459518474,0.0,52.553255094102894,654.3305459518474,0.0,5.296064466847579,654.3305459518474,0.0,14.607826166799367,654.3305459518474,0.0,30.205027014218608,654.3305459518474
0.0,56.4525553059577,654.3305459518474,0.0,0.0,654.3305459518474,0.0,51.331086370984224,654.3305459518474,0.0,5.7034540412204695,654.3305459518474,0.0,14.375032124300569,654.3305459518474,0.0,32.00918084358427,654.3305459518474
0.0,61.17299364624179,654.3305459518474,0.0,5.461299258181477,654.3305459518474,0.0,54.3291489728629,654.3305459518474,0.0,8.992509196222645,654.3305459518474,0.0,18.38136861686458,654.3305459518474,0.0,37.87000981602679,654.3305459518474
0.0,125.85132680527275,654.3305459518474,0.0,59.732960636359905,654.3305459518474,0.0,107.50289850928391,654.3305459518474,0.0,63.907533681114515,654.3305459518474,0.0,82.19776346647865,654.3305459518474,0.0,110.05444996521551,654.3305459518474
0.0,199.70312367208393,654.3305459518474,0.0,100.01004266544831,654.3305459518474,0.0,177.5654332058062,654.3305459518474,0.0,126.25792641515751,654.3305459518474,0.0,154.54425891715954,654.3305459518474,0.0,191.63878888499977,654.3305459518474
0.0,257.512353967987,654.3305459518474,0.0,175.7855698727163,654.3305459518474,0.0,236.2130222307906,654.3305459518474,0.0,177.89961546527095,654.3305459518474,0.0,212.0231973593799,654.3305459518474,0.0,254.39021221373216,654.3305459518474
0.0,296.77330224627826,654.3305459518474,0.0,239.6145049527123,654.3305459518474,0.0,283.1232335906663,654.3305459518474,0.0,223.34700419941728,654.3305459518474,0.0,249.0804620940444,654.3305459518474,0.0,288.0388452823034,654.3305459518474
0.0,315.7211139781512,654.3305459518474,0.0,251.90242828362065,654.3305459518474,0.0,307.81547727373237,654.3305459518474,0.0,234.21140420515556,654.3305459518474,0.0,267.6822622520109,654.3305459518474,0.0,291.0762071847413,654.3305459518474
0.0,309.2358211090607,654.3305459518474,0.0,208.2120342181688,654.3305459518474,0.0,312.46985724327993,654.3305459518474,0.0,234.15320569453087,654.3305459518474,0.0,268.9422293952605,654.3305459518474,0.0,296.34401170098323,654.3305459518474
0.0,289.0390815838918,654.3305459518474,0.0,110.30817728516327,654.3305459518474,0.0,299.0336834201013,654.3305459518474,0.0,218.11063912362275,654.3305459518474,0.0,254.48206196117283,654.3305459518474,0.0,263.14992736745603,654.3305459518474
0.0,244.8327607829295,654.3305459518474,0.0,119.6405168045939,654.3305459518474,0.0,266.5411607039122,654.3305459518474,0.0,197.80536243731632,654.3305459518474,0.0,221.27225790742196,654.3305459518474,0.0,247.75540427353147,654.3305459518474
0.0,191.4183573438979,654.3305459518474,0.0,165.16182376958872,654.3305459518474,0.0,215.74100987272192,654.3305459518474,0.0,150.20930918032616,654.3305459518474,0.0,173.53304855900512,654.3305459518474,0.0,209.42563216523544,654.3305459518474
0.0,129.97874068935624,654.3305459518474,0.0,94.75477837958833,649.0853243314357,0.0,142.56401555307156,654.3305459518474,0.0,88.11060969884741,642.4411556506948,0.0,106.57075464581557,654.3305459518474,0.0,143.03278312791093,654.3305459518474
0.0,79.62059836282798,654.3305459518474,0.0,20.236038825728148,654.3305459518474,0.0,70.94584078990613,654.3305459518474,0.0,22.916349804306034,654.3305459518474,0.0,32.46726452644012,654.3305459518474,0.0,69.19202561105332,654.3305459518474
0.0,55.81237168908602,654.3305459518474,0.0,1.6295582974915626,654.3305459518474,0.0,48.362962329124585,654.3305459518474,0.0,1.396764254992768,654.3305459518474,0.0,5.761652551845168,654.3305459518474,0.0,44.23086807477098,654.3305459518474
0.0,55.113989561589634,654.3305459518474,0.0,1.0475731912445758,654.3305459518474,0.0,46.26781594663544,654.3305459518474,0.0,0.698382127496384,654.3305459518474,0.0,4.015697233104208,654.3305459518474,0.0,41.55373658603484,654.3305459518474
0.0,55.637776157211924,654.3305459518474,0.0,0.5819851062469866,654.3305459518474,0.0,43.823478500398096,654.3305459518474,0.0,0.2909925531234933,654.3305459518474,0.0,2.3861389356126455,654.3305459518474,0.0,40.38976637354087,654.3305459518474
0.0,56.103364242209516,654.3305459518474,0.0,0.5237865956222879,654.3305459518474,0.0,40.09877382041737,654.3305459518474,0.0,0.174595531874096,654.3305459518474,0.0,1.396764254992768,654.3305459518474,0.0,38.76020807604931,654.3305459518474
0.0,56.394356795333,654.3305459518474,0.0,0.5819851062469866,654.3305459518474,0.0,37.188848289182445,654.3305459518474,0.0,0.11639702124939733,654.3305459518474,0.0,0.8147791487457813,654.3305459518474,0.0,37.53803935293064,654.3305459518474
0.0,56.859944880330595,654.3305459518474,0.0,0.9311761699951786,654.3305459518474,0.0,33.81333467294992,654.3305459518474,0.0,0.11639702124939733,654.3305459518474,0.0,0.5237865956222879,654.3305459518474,0.0,36.83965722543426,654.3305459518474
0.0,56.97634190157999,654.3305459518474,0.0,1.74595531874096,654.3305459518474,0.0,30.612416588591497,654.3305459518474,0.0,0.174595531874096,654.3305459518474,0.0,0.349191063748192,654.3305459518474,0.0,36.60686318293546,654.3305459518474
0.0,56.80174636970589,654.3305459518474,0.0,3.2009180843584266,654.3305459518474,0.0,27.12050595110958,654.3305459518474,0.0,0.23279404249879465,654.3305459518474,0.0,0.11639702124939733,654.3305459518474,0.0,37.712634884804736,654.3305459518474
0.0,56.4525553059577,654.3305459518474,0.0,5.587057019971072,654.3305459518474,0.0,21.067860846140917,654.3305459518474,0.0,0.349191063748192,654.3305459518474,0.0,0.0,654.3305459518474,0.0,38.58561254417521,654.3305459518474
0.0,56.103364242209516,654.3305459518474,0.0,8.380585529956607,654.3305459518474,0.0,16.237384464290926,654.3305459518474,0.0,0.6401836168716852,654.3305459518474,0.0,0.0,654.3305459518474,0.0,38.76020807604931,654.3305459518474
0.0,55.81237168908602,654.3305459518474,0.0,11.81429765681383,654.3305459518474,0.0,12.803672337433706,654.3305459518474,0.0,1.1639702124939733,654.3305459518474,0.0,0.0,654.3305459518474,0.0,38.06182594855293,654.3305459518474
0.0,55.46318062533782,654.3305459518474,0.0,14.78242169867346,654.3305459518474,0.0,10.417533401821059,654.3305459518474,0.0,2.269741914363248,654.3305459518474,0.0,0.11639702124939733,654.3305459518474,0.0,37.59623786355534,654.3305459518474
0.0,58.29450755545426,654.3305459518474,0.0,19.891350403264994,654.3305459518474,0.0,12.158808350291922,654.3305459518474,0.0,7.328331968441933,654.3305459518474,0.0,1.198589142783123,654.3305459518474,0.0,42.78226428883703,654.3305459518474
0.0,113.17491311005699,654.3305459518474,0.0,69.58572953258603,654.3305459518474,0.0,61.07770763142643,654.3305459518474,0.0,54.05608793633168,654.3305459518474,0.0,29.928608758860577,654.3305459518474,0.0,103.8852301100124,654.3305459518474
0.0,180.9834256124397,654.3305459518474,0.0,136.88299566972842,654.3305459518474,0.0,128.59204809084392,654.3305459518474,0.0,120.5228552045046,654.3305459518474,0.0,83.29267354737938,654.3305459518474,0.0,166.83482855095443,654.3305459518474
0.0,240.390774765387,654.3305459518474,0.0,195.94583412919758,654.3305459518474,0.0,181.9750120894282,654.3305459518474,0.0,193.72660859433228,654.3305459518474,0.0,140.01971172174876,654.3305459518474,0.0,212.78710467065764,654.3305459518474
0.0,276.48692477003726,654.3305459518474,0.0,217.1098696350792,654.3305459518474,0.0,224.03116748711832,654.3305459518474,0.0,231.2998000645072,654.3305459518474,0.0,192.81751112424428,654.3305459518474,0.0,244.32955200678606,654.3305459518474
0.0,273.7137963505455,654.3305459518474,0.0,208.53879112403968,654.3305459518474,0.0,246.7714208791219,654.3305459518474,0.0,254.25394828894414,654.3305459518474,0.0,216.36150431504007,654.3305459518474,0.0,267.1484039999082,654.3305459518474
0.0,240.26333839418402,654.3305459518474,0.0,228.7559307397024,654.3305459518474,0.0,254.36566493992342,654.3305459518474,0.0,259.8159248481513,654.3305459518474,0.0,224.82872603521207,654.3305459518474,0.0,289.7926604611562,654.3305459518474
0.0,272.23207451475076,654.3305459518474,0.0,215.5619116995628,654.3305459518474,0.0,244.85087002850685,654.3305459518474,0.0,251.76395256246403,654.3305459518474,0.0,210.95840356748326,654.3305459518474,0.0,285.63848750689533,654.3305459518474
0.0,243.10252518441231,654.3305459518474,0.0,175.32880934130375,654.3305459518474,0.0,214.35599588362297,654.3305459518474,0.0,224.9355845869362,654.3305459518474,0.0,179.40173739155946,654.3305459518474,0.0,256.2415252037689,654.3305459518474
0.0,167.49373364890653,654.3305459518474,0.0,123.42756717851427,654.3305459518474,0.0,140.62845589817303,654.3305459518474,0.0,175.67685498259368,654.3305459518474,0.0,136.1312731308625,654.3305459518474,0.0,207.89675116876958,654.3305459518474
0.0,104.8476679914699,654.3305459518474,0.0,80.30343849908573,634.6339844509331,0.0,54.388058399427834,608.7186043512752,0.0,112.14827319626139,654.3305459518474,0.0,79.06758412312688,633.3981300749742,0.0,140.9879753959346,654.3305459518474
0.0,61.86669540346809,654.3305459518474,0.0,48.0468893152372,654.3305459518474,0.0,15.03897305049286,620.7497827916695,0.0,44.0455886509134,654.3305459518474,0.0,24.61346735296249,653.0889039573442,0.0,69.19520510089508,654.3305459518474
0.0,52.029468498480604,654.3305459518474,0.0,37.47984084230594,654.3305459518474,0.0,6.92562276433914,626.2902810031409,0.0,19.61289808052345,654.3305459518474,0.0,6.576431700590949,654.3305459518474,0.0,42.310317224155924,654.3305459518474
0.0,47.37358764850471,654.3305459518474,0.0,32.649364460455956,654.3305459518474,0.0,8.787975104329497,633.3206610866044,0.0,19.089111484901164,654.3305459518474,0.0,3.3755136162325226,654.3305459518474,0.0,36.72326020418486,654.3305459518474
0.0,40.56436190541496,654.3305459518474,0.0,27.29510148298367,654.3305459518474,0.0,10.824922976193951,641.9805994675596,0.0,20.194883186770436,654.3305459518474,0.0,1.9787493612397546,654.3305459518474,0.0,31.834585311710175,654.3305459518474
0.0,32.41657041795716,654.3305459518474,0.0,19.030912974276465,654.3305459518474,0.0,11.523305103690335,651.1992435505119,0.0,21.30065488863971,654.3305459518474,0.0,2.3861389356126455,654.3305459518474,0.0,24.035984888000545,654.3305459518474
0.0,25.607344674867413,654.3305459518474,0.0,13.327458933055995,654.3305459518474,0.0,12.16348872056202,654.3305459518474,0.0,22.17363254801019,654.3305459518474,0.0,3.3755136162325226,654.3305459518474,0.0,17.2267591449108,654.3305459518474
0.0,19.96208914427164,654.3305459518474,0.0,10.126540848697566,654.3305459518474,0.0,12.62907680555961,654.3305459518474,0.0,22.98841169675597,654.3305459518474,0.0,4.539483828726496,654.3305459518474,0.0,14.549627656174666,654.3305459518474
0.0,15.597200847419243,654.3305459518474,0.0,8.205989998082512,654.3305459518474,0.0,12.803672337433706,654.3305459518474,0.0,22.057235526760792,654.3305459518474,0.0,6.169042126218058,654.3305459518474,0.0,14.025841060552379,654.3305459518474
0.0,12.57087829493491,654.3305459518474,0.0,6.576431700590949,654.3305459518474,0.0,11.930694678063224,654.3305459518474,0.0,20.660471271768024,654.3305459518474,0.0,7.274813828087333,654.3305459518474,0.0,14.142238081801773,654.3305459518474
0.0,10.47573191244576,654.3305459518474,0.0,5.23786595622288,654.3305459518474,0.0,10.88312148681865,654.3305459518474,0.0,18.79811893177767,654.3305459518474,0.0,7.624004891835525,654.3305459518474,0.0,14.898818719922858,654.3305459518474
0.0,8.496982551206004,654.3305459518474,0.0,4.073895743728906,654.3305459518474,0.0,9.544555742450582,654.3305459518474,0.0,18.623523399903572,654.3305459518474,0.0,7.682203402460224,654.3305459518474,0.0,15.364406804920447,654.3305459518474
0.0,6.692828721840346,654.3305459518474,0.0,2.5025359568620424,654.3305459518474,0.0,8.787975104329497,654.3305459518474,0.0,19.089111484901164,654.3305459518474,0.0,6.867424253714441,654.3305459518474,0.0,16.237384464290926,654.3305459518474
0.0,4.772277871225291,654.3305459518474,0.0,0.87297765937048,654.3305459518474,0.0,10.708525954944554,654.3305459518474,0.0,18.79811893177767,654.3305459518474,0.0,5.587057019971072,654.3305459518474,0.0,18.390729357404776,654.3305459518474
0.0,3.8253819810064122,654.3305459518474,0.0,2.447516936079095,654.3305459518474,0.0,11.174114039942143,654.3305459518474,0.0,20.61649160093868,654.3305459518474,0.0,6.637809701057399,654.3305459518474,0.0,23.54213685239731,654.3305459518474
0.0,42.5232443631161,654.3305459518474,0.0,46.42104369454256,654.3305459518474,0.0,14.540266915634469,643.8708128674818,0.0,80.59178474932263,654.3305459518474,0.0,51.76276644163288,654.3305459518474,0.0,75.65727384762015,654.3305459518474
0.0,108.55118261646872,654.3305459518474,0.0,98.30338664726658,654.3305459518474,0.0,31.199437523078696,648.8303628859449,0.0,149.3724513316732,654.3305459518474,0.0,97.23691424595656,654.3305459518474,0.0,134.650874446511,654.3305459518474
0.0,177.55042440152275,654.3305459518474,0.0,142.39331042697944,654.3305459518474,0.0,69.90984013557032,618.7402030215152,0.0,204.8616010627002,654.3305459518474,0.0,139.4377266155018,654.3305459518474,0.0,178.96255291876906,654.3305459518474
0.0,236.2011929163489,654.3305459518474,0.0,171.0226527420312,654.3305459518474,0.0,120.56365538549218,635.1911273299089,0.0,239.63808453304785,654.3305459518474,0.0,156.04655857243316,654.3305459518474,0.0,252.31414277029353,654.3305459518474
0.0,260.77703957816556,654.3305459518474,0.0,196.26226260105508,654.3305459518474,0.0,156.5827076694523,654.3305459518474,0.0,259.37709583333105,654.3305459518474,0.0,158.09454579425122,654.3305459518474,0.0,277.7393875111451,654.3305459518474
0.0,272.38230050180124,654.3305459518474,0.0,191.7132403028034,654.3305459518474,0.0,146.61486490342008,654.3305459518474,0.0,263.2795755350276,654.3305459518474,0.0,155.48815304652172,654.3305459518474,0.0,283.2242663496621,654.3305459518474
0.0,257.70505874543846,654.3305459518474,0.0,174.38394751846837,654.3305459518474,0.0,143.8589570845804,654.3305459518474,0.0,252.02818604541022,654.3305459518474,0.0,138.72830513805178,654.3305459518474,0.0,259.50249813715055,654.3305459518474
0.0,224.59593199271328,654.3305459518474,0.0,180.4554918335025,654.3305459518474,0.0,143.5662859220435,654.3305459518474,0.0,222.34491155943044,654.3305459518474,0.0,90.42283040361167,644.7533763554591,0.0,233.5895866113941,654.3305459518474
0.0,173.88541911259506,654.3305459518474,0.0,171.2992487263743,654.3305459518474,0.0,128.49419482168986,654.3305459518474,0.0,171.200250034762,654.3305459518474,0.0,52.70330335216826,597.4566797076274,0.0,190.89324759683228,654.3305459518474
0.0,107.76148392848683,654.3305459518474,0.0,107.30507885504439,654.3305459518474,0.0,104.68596814794788,654.3305459518474,0.0,103.50495506378691,654.3305459518474,0.0,39.08617501743207,536.5428547250594,0.0,121.93330511233754,654.3305459518474
0.0,32.49084410677566,654.3305459518474,0.0,46.92557562212928,654.3305459518474,0.0,47.30620612632488,654.3305459518474,0.0,34.50571327873292,654.3305459518474,0.0,14.611005656641115,548.2316592503723,0.0,58.922328670929055,654.3305459518474
0.0,7.798600423709622,654.3305459518474,0.0,30.205027014218608,654.3305459518474,0.0,27.12050595110958,654.3305459518474,0.0,12.454481273685513,654.3305459518474,0.0,14.549627656174666,559.8713613753121,0.0,35.61748850231558,654.3305459518474
0.0,7.042019785588539,654.3305459518474,0.0,33.638739141075824,654.3305459518474,0.0,24.559771483622836,654.3305459518474,0.0,11.81429765681383,654.3305459518474,0.0,15.71359786866864,572.442239670247,0.0,33.114952545453534,654.3305459518474
0.0,7.740401913084923,654.3305459518474,0.0,32.41657041795716,654.3305459518474,0.0,21.7662429736373,654.3305459518474,0.0,11.697900635564432,654.3305459518474,0.0,16.237384464290926,585.4321472416797,0.0,31.834585311710175,654.3305459518474
0.0,9.311761699951786,654.3305459518474,0.0,29.97223297171981,654.3305459518474,0.0,20.31128020801983,654.3305459518474,0.0,10.417533401821059,654.3305459518474,0.0,15.829994889918037,598.0961431536141,0.0,26.887711908610783,654.3305459518474
0.0,9.835548295574075,654.3305459518474,0.0,28.168079142354156,654.3305459518474,0.0,20.485875739893928,654.3305459518474,0.0,8.438784040581305,654.3305459518474,0.0,16.819369570537912,611.5516388100444,0.0,22.406426590508985,654.3305459518474
0.0,8.031394466208416,654.3305459518474,0.0,28.575468716727045,654.3305459518474,0.0,21.940838505511394,654.3305459518474,0.0,7.100218296213236,654.3305459518474,0.0,19.147309995525863,626.8694868064651,0.0,21.184257867390315,654.3305459518474
0.0,5.412461488096976,654.3305459518474,0.0,30.205027014218608,654.3305459518474,0.0,23.51219829237826,654.3305459518474,0.0,6.285439147467455,654.3305459518474,0.0,22.057235526760792,644.5152752278738,0.0,19.96208914427164,654.3305459518474
0.0,3.259116594983125,654.3305459518474,0.0,29.97223297171981,654.3305459518474,0.0,25.84013871736621,654.3305459518474,0.0,6.169042126218058,654.3305459518474,0.0,25.72374169611681,654.3305459518474,0.0,18.623523399903572,654.3305459518474
0.0,2.036947871864453,654.3305459518474,0.0,26.713116376736686,654.3305459518474,0.0,27.469697014857765,654.3305459518474,0.0,6.809225743089744,654.3305459518474,0.0,28.22627765297885,654.3305459518474,0.0,17.75054574053309,654.3305459518474
0.0,1.74595531874096,654.3305459518474,0.0,20.95146382489152,654.3305459518474,0.0,28.168079142354156,654.3305459518474,0.0,6.692828721840346,654.3305459518474,0.0,30.03043148234451,654.3305459518474,0.0,16.58657552803912,654.3305459518474
0.0,2.036947871864453,654.3305459518474,0.0,15.829994889918037,654.3305459518474,0.0,28.400873184852944,654.3305459518474,0.0,6.343637658092154,654.3305459518474,0.0,30.205027014218608,654.3305459518474,0.0,14.898818719922858,654.3305459518474
0.0,2.560734467486741,654.3305459518474,0.0,12.105290209937321,654.3305459518474,0.0,28.575468716727045,654.3305459518474,0.0,6.634630211215648,654.3305459518474,0.0,30.205027014218608,654.3305459518474,0.0,13.152863401181898,654.3305459518474
0.0,2.735329999360837,654.3305459518474,0.0,11.801757426431879,654.3305459518474,0.0,27.70249105735656,654.3305459518474,0.0,8.224889208147962,654.3305459518474,0.0,28.043822260992904,654.3305459518474,0.0,13.629490836133089,654.3305459518474
0.0,27.877442047200773,654.3305459518474,0.0,53.98216970548328,654.3305459518474,0.0,41.28500046180361,654.3305459518474,0.0,30.56243339604876,654.3305459518474,0.0,57.71455651659079,654.3305459518474,0.0,58.67266948574833,654.3305459518474
0.0,104.76978030629165,654.3305459518474,0.0,102.70607336424989,654.3305459518474,0.0,62.74956699033393,654.3305459518474,0.0,40.01434942657055,654.3305459518474,0.0,108.71456106940416,654.3305459518474,0.0,112.07135320455627,654.3305459518474
0.0,201.7739005097494,654.3305459518474,0.0,168.45087892459088,654.3305459518474,0.0,137.3626248655363,654.3305459518474,0.0,70.36138710975763,624.691933061605,0.0,174.9548932747618,654.3305459518474,0.0,172.16136476477624,654.3305459518474
0.0,248.73445052013798,654.3305459518474,0.0,228.40877374333775,654.3305459518474,0.0,254.6735226357289,654.3305459518474,0.0,102.27192471969971,626.5094728373648,0.0,217.5269754079624,654.3305459518474,0.0,215.48684804625614,654.3305459518474
0.0,266.7935648724167,654.3305459518474,0.0,249.51310985816625,654.3305459518474,0.0,272.5391422460681,654.3305459518474,0.0,99.36667955873486,625.8761523960997,0.0,235.37219492780778,654.3305459518474,0.0,242.83582312756454,654.3305459518474
0.0,267.045258124981,654.3305459518474,0.0,248.14778504362087,654.3305459518474,0.0,260.06090366306194,654.3305459518474,0.0,81.02761200328622,606.9037643993859,0.0,228.32381616253576,654.3305459518474,0.0,251.9668080449438,654.3305459518474
0.0,251.39436140822207,654.3305459518474,0.0,232.17127684344936,654.3305459518474,0.0,209.13649595051038,654.3305459518474,0.0,80.5698837784005,587.4736481777863,0.0,207.82036436401964,654.3305459518474,0.0,235.56083157049216,654.3305459518474
0.0,218.75082274049444,654.3305459518474,0.0,198.92685385940928,654.3305459518474,0.0,170.41505398806518,654.3305459518474,0.0,94.28919029459074,581.7628384723771,0.0,179.90512389668794,654.3305459518474,0.0,213.0234336609683,654.3305459518474
0.0,170.36825028536418,654.3305459518474,0.0,145.68386646240995,654.3305459518474,0.0,175.48468339209745,654.3305459518474,0.0,93.62224760754177,575.3850860799189,0.0,124.94762062139509,654.3305459518474,0.0,177.55792880366445,654.3305459518474
0.0,107.75980531907344,654.3305459518474,0.0,88.1781689500123,642.5087149018597,0.0,109.80911569233477,654.3305459518474,0.0,67.99564826463877,543.3807343445577,0.0,59.51738719451316,613.8479331463606,0.0,112.11197565655883,654.3305459518474
0.0,39.98891350783654,654.3305459518474,0.0,26.762131875806244,654.3305459518474,0.0,40.58811921473557,654.3305459518474,0.0,19.232445305312915,558.766690588808,0.0,15.086132211163958,625.9168389152917,0.0,41.26142088146806,654.3305459518474
0.0,25.083558079245122,654.3305459518474,0.0,8.147791487457813,654.3305459518474,0.0,29.215652333598733,654.3305459518474,0.0,7.624004891835525,564.8658945022764,0.0,3.4337121268572206,628.6638086167775,0.0,17.80874425115779,654.3305459518474
0.0,21.882639994886695,654.3305459518474,0.0,7.740401913084923,654.3305459518474,0.0,32.30017339670776,654.3305459518474,0.0,9.078967657452992,572.1290686282389,0.0,1.222168723118672,629.6415435952724,0.0,14.375032124300569,654.3305459518474
0.0,18.73992042115297,654.3305459518474,0.0,7.85679893433432,654.3305459518474,0.0,34.104327226073416,654.3305459518474,0.0,9.253563189327087,579.5319191797006,0.0,1.396764254992768,630.7589549992666,0.0,16.17918595366623,654.3305459518474
0.0,15.015215741172256,654.3305459518474,0.0,7.740401913084923,654.3305459518474,0.0,35.21009892794269,654.3305459518474,0.0,8.846173614954198,586.6088580716639,0.0,4.248491275603002,634.1577480197491,0.0,18.27433233615538,654.3305459518474
0.0,12.338084252436117,654.3305459518474,0.0,6.98382127496384,654.3305459518474,0.0,36.25767211918726,654.3305459518474,0.0,8.089592976833115,593.0805324531304,0.0,8.729776593704798,641.1415692947129,0.0,14.666024677424062,654.3305459518474
0.0,13.0946648905572,654.3305459518474,0.0,5.878049573094565,654.3305459518474,0.0,37.712634884804736,654.3305459518474,0.0,6.692828721840346,598.4347954306028,0.0,12.803672337433706,651.3845071646599,0.0,9.078967657452992,654.3305459518474
0.0,15.539002336794544,654.3305459518474,0.0,4.888674892474688,654.3305459518474,0.0,40.73895743728906,654.3305459518474,0.0,5.761652551845168,603.0441174720789,0.0,17.110362123661407,654.3305459518474,0.0,7.507607870586128,654.3305459518474
0.0,18.27433233615538,654.3305459518474,0.0,4.655880849975893,654.3305459518474,0.0,42.42671424540532,654.3305459518474,0.0,5.412461488096976,607.3740866625565,0.0,20.485875739893928,654.3305459518474,0.0,7.158416806837935,654.3305459518474
0.0,19.20550850615056,654.3305459518474,0.0,4.772277871225291,654.3305459518474,0.0,41.43733956478545,654.3305459518474,0.0,4.888674892474688,611.2850265765362,0.0,22.464625101133684,654.3305459518474,0.0,5.9944465943439615,654.3305459518474
0.0,20.95146382489152,654.3305459518474,0.0,5.296064466847579,654.3305459518474,0.0,42.019324671032436,654.3305459518474,0.0,3.9574987224795093,614.4510255545198,0.0,22.69741914363248,654.3305459518474,0.0,4.073895743728906,654.3305459518474
0.0,22.69741914363248,654.3305459518474,0.0,6.867424253714441,654.3305459518474,0.0,43.06689786227701,654.3305459518474,0.0,2.793528509985536,616.6858483625082,0.0,22.75561765425718,654.3305459518474,0.0,2.444337446237344,654.3305459518474
0.0,24.443374462373438,654.3305459518474,0.0,10.126540848697566,654.3305459518474,0.0,44.40546360664508,654.3305459518474,0.0,1.74595531874096,618.0826126175009,0.0,25.549146164242714,654.3305459518474,0.0,1.6877568081162613,654.3305459518474
0.0,26.014734249240302,654.3305459518474,0.0,15.767116009023239,654.3305459518474,0.0,46.08068018437939,654.3305459518474,0.0,3.378693106074274,620.7855671023603,0.0,27.76068956798126,654.3305459518474,0.0,3.9024797016965618,654.3305459518474
0.0,42.82492080822308,654.3305459518474,0.0,68.06788788607376,654.3305459518474,0.0,109.69572043194206,654.3305459518474,0.0,61.38927800402877,649.8969895055834,0.0,36.49214477109946,654.3305459518474,0.0,53.61257855124129,654.3305459518474
0.0,54.383022571187624,654.3305459518474,0.0,126.5425599885975,654.3305459518474,0.0,189.56086310316266,654.3305459518474,0.0,132.83603672516188,654.3305459518474,0.0,62.725809681013324,654.3305459518474,0.0,129.03105483464924,654.3305459518474
0.0,82.66317382249117,636.9937197743386,0.0,174.1386132455876,654.3305459518474,0.0,251.58246486395126,654.3305459518474,0.0,191.8281364436244,654.3305459518474,0.0,88.65276231758,642.9833082694274,0.0,198.3716278233396,654.3305459518474
0.0,149.0433049004487,654.3305459518474,0.0,211.33585458183708,654.3305459518474,0.0,287.425420735609,654.3305459518474,0.0,235.85986171271253,654.3305459518474,0.0,87.30633671310008,630.2896449825275,0.0,246.09979782180284,654.3305459518474
0.0,228.88168850149202,654.3305459518474,0.0,238.67696980303364,654.3305459518474,0.0,307.31862747727246,654.3305459518474,0.0,256.3397339308931,654.3305459518474,0.0,92.78953694220371,623.0791819247313,0.0,267.60366365089243,654.3305459518474
0.0,266.70807410465954,654.3305459518474,0.0,253.13713723712127,654.3305459518474,0.0,304.86643017092325,654.3305459518474,0.0,259.07038355998384,654.3305459518474,0.0,101.14654289182474,623.996416238191,0.0,268.28632605816506,654.3305459518474
0.0,257.2436178437558,654.3305459518474,0.0,244.61639737659465,654.3305459518474,0.0,281.21707930883167,654.3305459518474,0.0,243.5437437245862,654.3305459518474,0.0,104.94048543238378,627.9488045840981,0.0,250.87843467271162,654.3305459518474
0.0,223.4486491939162,654.3305459518474,0.0,215.52764822724376,654.3305459518474,0.0,235.99780424691397,654.3305459518474,0.0,205.56316268003837,654.3305459518474,0.0,101.64674990711148,629.2662045097873,0.0,219.2510297557812,654.3305459518474
0.0,136.54280988855032,654.3305459518474,0.0,174.35701071930603,654.3305459518474,0.0,163.58057005522647,654.3305459518474,0.0,149.6744832347503,654.3305459518474,0.0,90.79974823101034,620.0659527407976,0.0,170.28179182413382,654.3305459518474
0.0,63.00876464503992,617.3393105968873,0.0,112.20947346774277,654.3305459518474,0.0,113.75257330400399,654.3305459518474,0.0,78.54229664707624,632.8728425989236,0.0,74.58426473764155,594.6502174784391,0.0,101.64746082305172,654.3305459518474
0.0,34.162525736698115,644.6693311862458,0.0,48.544094569667244,654.3305459518474,0.0,38.49147195181808,654.3305459518474,0.0,19.182106654800066,648.2185279227637,0.0,48.91050623406748,633.7786224656932,0.0,26.36110128111686,654.3305459518474
0.0,21.649845952387903,654.3305459518474,0.0,31.659989779836074,654.3305459518474,0.0,22.464625101133684,654.3305459518474,0.0,6.227240636842756,653.2003204322378,0.0,43.7070814791487,654.3305459518474,0.0,5.005071913724085,654.3305459518474
0.0,17.983339783031887,654.3305459518474,0.0,27.877086589230657,654.3305459518474,0.0,24.559771483622836,654.3305459518474,0.0,6.576431700590949,654.3305459518474,0.0,50.45810871161374,654.3305459518474,0.0,5.470659998721674,654.3305459518474
0.0,32.241974886083064,654.3305459518474,0.0,23.57039680300296,654.3305459518474,0.0,21.358853399264408,654.3305459518474,0.0,6.692828721840346,654.3305459518474,0.0,53.775423817221565,654.3305459518474,0.0,5.761652551845168,654.3305459518474
0.0,51.50568190285831,654.3305459518474,0.0,19.321905527399956,654.3305459518474,0.0,17.92514127240719,654.3305459518474,0.0,6.634630211215648,654.3305459518474,0.0,55.230386582839024,654.3305459518474,0.0,6.169042126218058,654.3305459518474
0.0,53.89182083847097,654.3305459518474,0.0,17.110362123661407,654.3305459518474,0.0,14.666024677424062,654.3305459518474,0.0,6.98382127496384,654.3305459518474,0.0,55.81237168908602,654.3305459518474,0.0,6.867424253714441,654.3305459518474
0.0,52.029468498480604,654.3305459518474,0.0,16.237384464290926,654.3305459518474,0.0,11.406908082440939,654.3305459518474,0.0,7.740401913084923,654.3305459518474,0.0,55.87057019971072,654.3305459518474,0.0,7.507607870586128,654.3305459518474
0.0,50.63270424348784,654.3305459518474,0.0,16.120987443041532,654.3305459518474,0.0,8.904372125578895,654.3305459518474,0.0,9.020769146828293,654.3305459518474,0.0,55.81237168908602,654.3305459518474,0.0,7.740401913084923,654.3305459518474
0.0,47.37358764850471,654.3305459518474,0.0,15.073414251796954,654.3305459518474,0.0,6.98382127496384,654.3305459518474,0.0,11.34870957181624,654.3305459518474,0.0,55.637776157211924,654.3305459518474,0.0,7.682203402460224,654.3305459518474
0.0,42.65950828790412,654.3305459518474,0.0,15.364406804920447,654.3305459518474,0.0,6.110843615593359,654.3305459518474,0.0,15.18981127304635,654.3305459518474,0.0,55.34678360408843,654.3305459518474,0.0,7.85679893433432,654.3305459518474
0.0,37.94542892730353,654.3305459518474,0.0,18.623523399903572,654.3305459518474,0.0,6.169042126218058,654.3305459518474,0.0,17.75054574053309,654.3305459518474,0.0,55.230386582839024,654.3305459518474,0.0,9.544555742450582,654.3305459518474
0.0,37.07245126793305,654.3305459518474,0.0,24.617969994247535,654.3305459518474,0.0,6.343637658092154,654.3305459518474,0.0,18.914515953027067,654.3305459518474,0.0,55.055791050964935,654.3305459518474,0.0,13.269260422431296,654.3305459518474
0.0,37.36344382105654,654.3305459518474,0.0,28.34267467422825,654.3305459518474,0.0,6.401836168716853,654.3305459518474,0.0,19.089111484901164,654.3305459518474,0.0,54.93939402971553,654.3305459518474,0.0,17.575950208658995,654.3305459518474
0.0,38.23642148042702,654.3305459518474,0.0,27.512175805258767,654.3305459518474,0.0,6.859564393602593,654.3305459518474,0.0,19.888170913423245,654.3305459518474,0.0,54.989732680228386,654.3305459518474,0.0,23.732452104495106,654.3305459518474
0.0,66.37659613014564,654.3305459518474,0.0,47.07509069323948,654.3305459518474,0.0,49.27745108542289,654.3305459518474,0.0,60.67649930775198,654.3305459518474,0.0,76.6446144608565,654.3305459518474,0.0,84.89211555586684,654.3305459518474
0.0,94.86596184361247,654.3305459518474,0.0,96.83870768313881,654.3305459518474,0.0,71.97204619718374,654.3305459518474,0.0,130.41342252086162,654.3305459518474,0.0,95.16931689813285,654.3305459518474,0.0,156.34205376684167,654.3305459518474
0.0,115.54400917400264,654.3305459518474,0.0,184.58122710817258,654.3305459518474,0.0,112.03205390399704,654.3305459518474,0.0,195.76337873721164,654.3305459518474,0.0,102.87995798018378,654.3305459518474,0.0,210.4108596625404,654.3305459518474
0.0,138.189766515679,654.3305459518474,0.0,212.99667459079097,654.3305459518474,0.0,188.37384649728833,654.3305459518474,0.0,256.0279858293057,654.3305459518474,0.0,114.44591960326015,654.3305459518474,0.0,244.65101630688378,654.3305459518474
0.0,155.18858971734613,654.3305459518474,0.0,180.8376232181264,654.3305459518474,0.0,199.64563607739944,654.3305459518474,0.0,278.15631555504325,654.3305459518474,0.0,131.55495857547828,654.3305459518474,0.0,261.1151912919601,654.3305459518474
0.0,177.94288422016,654.3305459518474,0.0,122.52032604682475,654.3305459518474,0.0,210.40149892200017,654.3305459518474,0.0,282.2019513481665,654.3305459518474,0.0,128.2659034204761,654.3305459518474,0.0,261.7585543986736,654.3305459518474
0.0,185.02588191572121,654.3305459518474,0.0,111.39955241825214,654.3305459518474,0.0,254.09189298745198,654.3305459518474,0.0,272.4511829044094,654.3305459518474,0.0,109.40772963967527,654.3305459518474,0.0,245.94092201015243,654.3305459518474
0.0,148.5034431266326,654.3305459518474,0.0,140.34664635660468,654.3305459518474,0.0,225.04412174807376,654.3305459518474,0.0,241.095871330537,654.3305459518474,0.0,96.87597291631455,651.206518868162,0.0,214.36067625389308,654.3305459518474
0.0,118.18316451362281,654.3305459518474,0.0,76.18423993308419,630.5147858849316,0.0,172.77010894120053,654.3305459518474,0.0,185.74669820109492,654.3305459518474,0.0,90.07292842392326,641.2794472920853,0.0,163.68946267433412,654.3305459518474
0.0,86.73821498867832,641.0687609405257,0.0,29.56970149660208,560.0844873815337,0.0,101.88175574597886,654.3305459518474,0.0,118.00106457960699,654.3305459518474,0.0,77.95960062488902,619.2390479169743,0.0,102.5030401527851,654.3305459518474
0.0,64.21035554867973,654.3305459518474,0.0,21.358853399264408,577.1715701009452,0.0,26.730692435358847,654.3305459518474,0.0,46.48038762762549,654.3305459518474,0.0,58.6043993186432,654.3305459518474,0.0,30.52145548607611,654.3305459518474
0.0,57.32553296532818,654.3305459518474,0.0,19.67109659114815,592.9084473738637,0.0,9.253563189327087,654.3305459518474,0.0,25.72374169611681,654.3305459518474,0.0,52.727850625976984,654.3305459518474,0.0,10.01014382744817,654.3305459518474
0.0,57.500128497202276,654.3305459518474,0.0,19.321905527399956,608.3659717957837,0.0,11.581503614315034,654.3305459518474,0.0,22.930213186131272,654.3305459518474,0.0,51.796674455981815,654.3305459518474,0.0,6.0526451049686605,654.3305459518474
0.0,57.558327007826975,654.3305459518474,0.0,17.983339783031887,622.7526436222092,0.0,11.290511061191541,654.3305459518474,0.0,21.358853399264408,654.3305459518474,0.0,51.331086370984224,654.3305459518474,0.0,2.9681240418596317,654.3305459518474
0.0,57.500128497202276,654.3305459518474,0.0,19.72929510177285,638.5360797036275,0.0,10.417533401821059,654.3305459518474,0.0,21.7662429736373,654.3305459518474,0.0,51.331086370984224,654.3305459518474,0.0,0.7565806381210826,654.3305459518474
0.0,57.26733445470348,654.3305459518474,0.0,24.035984888000545,654.3305459518474,0.0,10.126540848697566,654.3305459518474,0.0,21.882639994886695,654.3305459518474,0.0,51.971269987855905,654.3305459518474,0.0,0.05819851062469866,654.3305459518474
0.0,56.80174636970589,654.3305459518474,0.0,24.210580419874642,654.3305459518474,0.0,10.592128933695157,654.3305459518474,0.0,24.443374462373438,654.3305459518474,0.0,51.913071477231206,654.3305459518474,0.0,0.0,654.3305459518474
0.0,56.6853493484565,654.3305459518474,0.0,19.96208914427164,654.3305459518474,0.0,12.803672337433706,654.3305459518474,0.0,28.575468716727045,654.3305459518474,0.0,51.272887860359525,654.3305459518474,0.0,0.0,654.3305459518474
0.0,56.33615828470831,654.3305459518474,0.0,14.025841060552379,654.3305459518474,0.0,14.607826166799367,654.3305459518474,0.0,33.638739141075824,654.3305459518474,0.0,50.28351317973964,654.3305459518474,0.0,0.0,654.3305459518474
0.0,56.103364242209516,654.3305459518474,0.0,10.650327444319855,654.3305459518474,0.0,13.0946648905572,654.3305459518474,0.0,38.23642148042702,654.3305459518474,0.0,48.59575637162338,654.3305459518474,0.0,0.698382127496384,654.3305459518474
0.0,55.754173178461315,654.3305459518474,0.0,9.311761699951786,654.3305459518474,0.0,11.174114039942143,654.3305459518474,0.0,42.48491275603003,654.3305459518474,0.0,46.907999563507126,654.3305459518474,0.0,2.3861389356126455,654.3305459518474
0.0,54.82299700846614,654.3305459518474,0.0,10.242937869946964,654.3305459518474,0.0,9.486357231825883,654.3305459518474,0.0,46.03502190413665,654.3305459518474,0.0,45.336639776640254,654.3305459518474,0.0,3.899300211854811,654.3305459518474
0.0,53.251637221599275,654.3305459518474,0.0,10.301136380571663,654.3305459518474,0.0,9.13716616807769,654.3305459518474,0.0,48.130168286625796,654.3305459518474,0.0,44.92925020226737,654.3305459518474,0.0,4.481285318101797,654.3305459518474
0.0,52.14586551973,654.3305459518474,0.0,10.719565304898154,654.3305459518474,0.0,9.020769146828293,654.3305459518474,0.0,48.24656530787519,654.3305459518474,0.0,44.19156877421174,654.3305459518474,0.0,6.603190770768249,654.3305459518474
0.0,81.58530661325743,654.3305459518474,0.0,67.95784984450786,654.3305459518474,0.0,38.71190349291998,654.3305459518474,0.0,81.81342028548613,654.3305459518474,0.0,95.47152653019498,654.3305459518474,0.0,49.878335401735335,654.3305459518474
0.0,136.0819021738228,654.3305459518474,0.0,144.52139713034435,654.3305459518474,0.0,99.58843425128006,654.3305459518474,0.0,123.63828252110585,654.3305459518474,0.0,165.39408462513234,654.3305459518474,0.0,110.03758482253359,654.3305459518474
0.0,194.94656552108233,654.3305459518474,0.0,209.39154642190144,654.3305459518474,0.0,155.5085531370155,654.3305459518474,0.0,181.4710923973445,654.3305459518474,0.0,222.01258563836416,654.3305459518474,0.0,167.66435972645075,654.3305459518474
0.0,272.0103198222056,654.3305459518474,0.0,251.37210497932983,654.3305459518474,0.0,197.70150564644885,654.3305459518474,0.0,217.55152268177108,654.3305459518474,0.0,262.59637994079975,654.3305459518474,0.0,219.37210714730068,654.3305459518474
0.0,280.2604672201025,654.3305459518474,0.0,261.31000918534295,654.3305459518474,0.0,232.42765046628372,654.3305459518474,0.0,221.33292499194818,654.3305459518474,0.0,270.62159315630976,654.3305459518474,0.0,241.05842836837616,654.3305459518474
0.0,228.71159561090295,654.3305459518474,0.0,193.44011868249382,654.3305459518474,0.0,244.80839123810586,654.3305459518474,0.0,203.21093175877462,654.3305459518474,0.0,266.52561871267363,654.3305459518474,0.0,238.41741669035756,654.3305459518474
0.0,203.3948880311889,654.3305459518474,0.0,106.47926035634501,654.3305459518474,0.0,234.11072690412988,654.3305459518474,0.0,214.50948040906306,654.3305459518474,0.0,247.65958507176092,654.3305459518474,0.0,252.400956689494,654.3305459518474
0.0,186.16159217760955,654.3305459518474,0.0,102.99353096956153,654.3305459518474,0.0,204.92297906316668,654.3305459518474,0.0,203.16377259810352,654.3305459518474,0.0,218.0612681665831,654.3305459518474,0.0,221.7943658936308,654.3305459518474
0.0,175.5299862143701,654.3305459518474,0.0,110.42571972887092,654.3305459518474,0.0,161.05798946584073,654.3305459518474,0.0,176.98194721913086,654.3305459518474,0.0,164.81042090947193,654.3305459518474,0.0,171.16563110447285,654.3305459518474
0.0,116.24689394278408,654.3305459518474,0.0,83.29699845967937,637.6275444115267,0.0,93.19127845283332,647.5218244046807,0.0,119.33945259499001,654.3305459518474,0.0,106.81555573174113,654.3305459518474,0.0,98.95125239526507,653.2817983471125
0.0,67.6536061450622,654.3305459518474,0.0,37.111928297477355,654.3305459518474,0.0,9.115265197155546,654.3305459518474,0.0,58.13262998294717,654.3305459518474,0.0,59.58759274856464,654.3305459518474,0.0,26.991746428463287,654.3305459518474
0.0,52.96064466847578,654.3305459518474,0.0,21.7662429736373,654.3305459518474,0.0,0.5819851062469866,654.3305459518474,0.0,47.02439658475652,654.3305459518474,0.0,45.74402935101315,654.3305459518474,0.0,6.227240636842756,654.3305459518474
0.0,52.14586551973,654.3305459518474,0.0,11.406908082440939,654.3305459518474,0.0,0.174595531874096,654.3305459518474,0.0,49.00314594599627,654.3305459518474,0.0,46.61700701038363,654.3305459518474,0.0,2.036947871864453,654.3305459518474
0.0,50.05071913724085,654.3305459518474,0.0,5.005071913724085,654.3305459518474,0.0,0.05819851062469866,654.3305459518474,0.0,50.10891764786555,654.3305459518474,0.0,47.664580201628205,654.3305459518474,0.0,0.174595531874096,654.3305459518474
0.0,46.73340403163303,654.3305459518474,0.0,3.1427195737337277,654.3305459518474,0.0,0.0,654.3305459518474,0.0,50.80729977536193,654.3305459518474,0.0,47.19899211663062,654.3305459518474,0.0,0.0,654.3305459518474
0.0,42.54311126665472,654.3305459518474,0.0,3.2009180843584266,654.3305459518474,0.0,0.0,654.3305459518474,0.0,50.92369679661133,654.3305459518474,0.0,45.45303679788965,654.3305459518474,0.0,0.0,654.3305459518474
0.0,37.59623786355534,654.3305459518474,0.0,4.481285318101797,654.3305459518474,0.0,0.40738957437289064,654.3305459518474,0.0,51.44748339223362,654.3305459518474,0.0,43.299691904775806,654.3305459518474,0.0,0.0,654.3305459518474
0.0,33.05675403482884,654.3305459518474,0.0,6.285439147467455,654.3305459518474,0.0,1.2803672337433705,654.3305459518474,0.0,51.85487296660651,654.3305459518474,0.0,40.73895743728906,654.3305459518474,0.0,0.0,654.3305459518474
0.0,28.808262759225837,654.3305459518474,0.0,6.867424253714441,654.3305459518474,0.0,2.269741914363248,654.3305459518474,0.0,52.14586551973,654.3305459518474,0.0,38.87660509729871,654.3305459518474,0.0,0.0,654.3305459518474
0.0,25.84013871736621,654.3305459518474,0.0,6.227240636842756,654.3305459518474,0.0,3.9574987224795093,654.3305459518474,0.0,51.214689349734826,654.3305459518474,0.0,36.83965722543426,654.3305459518474,0.0,0.0,654.3305459518474
0.0,22.581022122383082,654.3305459518474,0.0,6.460034679341552,654.3305459518474,0.0,6.343637658092154,654.3305459518474,0.0,49.99252062661615,654.3305459518474,0.0,34.4535182898216,654.3305459518474,0.0,0.0,654.3305459518474
0.0,19.26370701677526,654.3305459518474,0.0,6.92562276433914,654.3305459518474,0.0,7.449409359961429,654.3305459518474,0.0,49.41053552036916,654.3305459518474,0.0,31.659989779836074,654.3305459518474,0.0,0.0,654.3305459518474
0.0,16.17918595366623,654.3305459518474,0.0,6.98382127496384,654.3305459518474,0.0,6.809225743089744,654.3305459518474,0.0,49.643329562867955,654.3305459518474,0.0,29.85583595047041,654.3305459518474,0.0,0.0,654.3305459518474
0.0,13.819806088230882,654.3305459518474,0.0,9.090007007406593,654.3305459518474,0.0,7.584705591276277,654.3305459518474,0.0,50.167116158490245,654.3305459518474,0.0,29.797637439845715,654.3305459518474,0.0,1.7066560181817119,654.3305459518474
0.0,68.11354616631651,654.3305459518474,0.0,70.04045599661508,654.3305459518474,0.0,68.57763337088576,654.3305459518474,0.0,63.5372316109323,654.3305459518474,0.0,68.25016554907465,654.3305459518474,0.0,63.48760387635968,654.3305459518474
0.0,136.3640671733613,654.3305459518474,0.0,141.762487550648,654.3305459518474,0.0,139.79477753936183,654.3305459518474,0.0,77.17476003616228,654.3305459518474,0.0,126.97017192447913,654.3305459518474,0.0,138.92179987999134,654.3305459518474
0.0,191.5622243512648,654.3305459518474,0.0,199.06365097115247,654.3305459518474,0.0,196.95596435828134,654.3305459518474,0.0,101.56029144588115,654.3305459518474,0.0,177.7042643849329,654.3305459518474,0.0,198.3134293127149,654.3305459518474
0.0,231.0591461618966,654.3305459518474,0.0,237.43590186984954,654.3305459518474,0.0,229.10715587083413,654.3305459518474,0.0,130.52628459429914,654.3305459518474,0.0,202.7913574119899,654.3305459518474,0.0,238.24918013816693,654.3305459518474
0.0,263.01216256223967,654.3305459518474,0.0,257.31806926155934,654.3305459518474,0.0,205.97055225441125,654.3305459518474,0.0,142.09224621737553,654.3305459518474,0.0,231.55917544819826,654.3305459518474,0.0,258.7290523563475,654.3305459518474
0.0,273.4770328537168,654.3305459518474,0.0,259.4006754136666,654.3305459518474,0.0,203.18956397480764,654.3305459518474,0.0,133.98525491090533,654.3305459518474,0.0,234.4440205186693,654.3305459518474,0.0,261.1183707818019,654.3305459518474
0.0,257.60906181468283,654.3305459518474,0.0,243.56732330492173,654.3305459518474,0.0,223.37844363986468,654.3305459518474,0.0,122.27145682613212,654.3305459518474,0.0,247.70877829981555,654.3305459518474,0.0,245.75846661816647,654.3305459518474
0.0,224.798787475193,654.3305459518474,0.0,211.87386001725474,654.3305459518474,0.0,206.18762657668628,654.3305459518474,0.0,86.54807746556558,640.878623417413,0.0,222.32601234936496,654.3305459518474,0.0,212.88213390794007,654.3305459518474
0.0,172.94002410280453,654.3305459518474,0.0,160.2243111070295,654.3305459518474,0.0,154.86368914987372,654.3305459518474,0.0,72.75485271852693,613.6334761359399,0.0,177.22781467896675,654.3305459518474,0.0,162.22981953844652,654.3305459518474
0.0,102.81611140581579,654.3305459518474,0.0,91.52392173521083,645.8544676870582,0.0,82.4354156082326,636.76596156008,0.0,61.4987828586395,575.1322589945794,0.0,106.46371836510636,654.3305459518474,0.0,93.53729002673975,647.8678359785872
0.0,25.508523712240176,654.3305459518474,0.0,20.275338126287394,654.3305459518474,0.0,12.346121841533021,646.6428590333064,0.0,44.34726509602038,610.6100710713957,0.0,28.83369867795985,654.3305459518474,0.0,20.608809469811888,654.3305459518474
0.0,4.539483828726496,654.3305459518474,0.0,4.015697233104208,654.3305459518474,0.0,0.11639702124939733,646.7359766503059,0.0,45.56943381913906,647.065618126707,0.0,8.147791487457813,654.3305459518474,0.0,3.550109148106618,654.3305459518474
0.0,2.793528509985536,654.3305459518474,0.0,2.793528509985536,654.3305459518474,0.0,0.11639702124939733,646.8290942673054,0.0,46.907999563507126,654.3305459518474,0.0,6.92562276433914,654.3305459518474,0.0,2.8517270206102348,654.3305459518474
0.0,1.1639702124939733,654.3305459518474,0.0,1.222168723118672,654.3305459518474,0.0,0.174595531874096,646.9687706928047,0.0,48.304763818499886,654.3305459518474,0.0,5.005071913724085,654.3305459518474,0.0,2.444337446237344,654.3305459518474
0.0,0.4655880849975893,654.3305459518474,0.0,0.349191063748192,654.3305459518474,0.0,0.2909925531234933,647.2015647353035,0.0,48.24656530787519,654.3305459518474,0.0,3.084521063109029,654.3305459518474,0.0,2.8517270206102348,654.3305459518474
0.0,0.2909925531234933,654.3305459518474,0.0,0.174595531874096,654.3305459518474,0.0,0.9893746806198773,647.9930644797994,0.0,44.58005913851918,654.3305459518474,0.0,2.5025359568620424,654.3305459518474,0.0,3.608307658731317,654.3305459518474
0.0,0.349191063748192,654.3305459518474,0.0,0.349191063748192,654.3305459518474,0.0,3.841101701230112,651.0659458407835,0.0,41.96112616040774,654.3305459518474,0.0,2.9681240418596317,654.3305459518474,0.0,4.015697233104208,654.3305459518474
0.0,0.40738957437289064,654.3305459518474,0.0,0.87297765937048,654.3305459518474,0.0,7.740401913084923,654.3305459518474,0.0,41.670133607284235,654.3305459518474,0.0,4.015697233104208,654.3305459518474,0.0,3.7247046799807144,654.3305459518474
0.0,0.5819851062469866,654.3305459518474,0.0,1.5713597868668638,654.3305459518474,0.0,11.988893188687923,654.3305459518474,0.0,40.971751479787855,654.3305459518474,0.0,5.645255530595771,654.3305459518474,0.0,3.3755136162325226,654.3305459518474
0.0,0.9893746806198773,654.3305459518474,0.0,1.8623523399903572,654.3305459518474,0.0,15.364406804920447,654.3305459518474,0.0,42.54311126665472,654.3305459518474,0.0,6.634630211215648,654.3305459518474,0.0,2.3861389356126455,654.3305459518474
0.0,1.9787493612397546,654.3305459518474,0.0,1.9787493612397546,654.3305459518474,0.0,16.062788932416833,654.3305459518474,0.0,44.92925020226737,654.3305459518474,0.0,6.51823318996625,654.3305459518474,0.0,2.560734467486741,654.3305459518474
0.0,3.3755136162325226,654.3305459518474,0.0,2.15334489311385,654.3305459518474,0.0,14.025841060552379,654.3305459518474,0.0,44.92925020226737,654.3305459518474,0.0,6.110843615593359,654.3305459518474,0.0,4.481285318101797,654.3305459518474
0.0,4.772277871225291,654.3305459518474,0.0,2.3279404249879465,654.3305459518474,0.0,10.533930423070458,654.3305459518474,0.0,45.39483828726496,654.3305459518474,0.0,5.645255530595771,654.3305459518474,0.0,7.158416806837935,654.3305459518474
0.0,7.285853178040934,654.3305459518474,0.0,3.4022726864098223,654.3305459518474,0.0,8.597659852231704,654.3305459518474,0.0,47.08259509538122,654.3305459518474,0.0,6.944521974404592,654.3305459518474,0.0,10.47573191244576,654.3305459518474
0.0,73.5387256137805,654.3305459518474,0.0,62.54538835641089,654.3305459518474,0.0,58.826864927128625,654.3305459518474,0.0,53.14159918003338,654.3305459518474,0.0,67.50330110946389,654.3305459518474,0.0,35.510807679576494,654.3305459518474
0.0,147.86714991554288,654.3305459518474,0.0,137.11446656078394,654.3305459518474,0.0,129.00429576447195,654.3305459518474,0.0,66.11218491821438,654.3305459518474,0.0,137.19624465174417,654.3305459518474,0.0,65.15628374542543,654.3305459518474
0.0,206.34332289849496,654.3305459518474,0.0,198.4109271238988,654.3305459518474,0.0,185.4010420851586,654.3305459518474,0.0,67.28401499082021,621.6145609426676,0.0,194.01610026702738,654.3305459518474,0.0,92.28350413418862,646.6140500860361
0.0,245.58069159645063,654.3305459518474,0.0,239.57670653258143,654.3305459518474,0.0,228.69190643634937,654.3305459518474,0.0,69.04100965951477,590.6555706021824,0.0,235.14258037515074,654.3305459518474,0.0,147.70341600463732,654.3305459518474
0.0,265.3621816871348,654.3305459518474,0.0,261.2787474738806,654.3305459518474,0.0,249.51310985816625,654.3305459518474,0.0,69.60727504553806,560.2628456477204,0.0,253.56660551140135,654.3305459518474,0.0,171.41096537735362,654.3305459518474
0.0,264.729857930375,654.3305459518474,0.0,264.91381420278924,654.3305459518474,0.0,254.29174670907503,654.3305459518474,0.0,82.53538199331808,542.7982276410385,0.0,263.1160193531071,654.3305459518474,0.0,150.99397204006786,654.3305459518474
0.0,243.80011734742052,654.3305459518474,0.0,245.314779504091,654.3305459518474,0.0,241.66249217453037,654.3305459518474,0.0,104.72977008979217,546.5820437128722,0.0,248.72191028975604,654.3305459518474,0.0,130.10353075767267,654.3305459518474
0.0,207.54977190138993,654.3305459518474,0.0,213.02043190011162,654.3305459518474,0.0,211.79994178640635,654.3305459518474,0.0,90.02894875309389,536.6109924659661,0.0,215.16291517225693,654.3305459518474,0.0,91.79265785944209,646.1232038112895
0.0,164.55458047359278,654.3305459518474,0.0,163.00044128737792,654.3305459518474,0.0,163.4787473317425,654.3305459518474,0.0,67.9462773075991,504.55726977356517,0.0,163.1216964078825,654.3305459518474,0.0,58.850266778479124,604.9734705897686
0.0,103.08502525903208,654.3305459518474,0.0,99.59143601213677,653.9219819639842,0.0,98.49520277979273,652.8257487316401,0.0,56.27495801322692,460.8322277867921,0.0,91.1243920209498,645.4549379727972,0.0,35.713663162056235,540.6871337518248
0.0,30.611093437148206,654.3305459518474,0.0,26.527659223894048,654.3305459518474,0.0,28.457748544034352,654.3305459518474,0.0,47.664580201628205,498.96389194809467,0.0,17.870299980609296,654.3305459518474,0.0,20.295560487796134,556.9235821420617
0.0,10.533930423070458,654.3305459518474,0.0,13.676649996804183,654.3305459518474,0.0,13.909444039302981,654.3305459518474,0.0,48.59575637162338,537.8404970453934,0.0,2.3861389356126455,654.3305459518474,0.0,19.089111484901164,572.1948713299827
0.0,6.634630211215648,654.3305459518474,0.0,14.433230634925268,654.3305459518474,0.0,14.491429145549967,654.3305459518474,0.0,49.468734030993865,577.4154842701885,0.0,1.3385657443680692,654.3305459518474,0.0,17.983339783031887,586.5815431564082
0.0,3.7829031906054134,654.3305459518474,0.0,13.734848507428882,654.3305459518474,0.0,14.025841060552379,654.3305459518474,0.0,50.167116158490245,617.5491771969806,0.0,0.4655880849975893,654.3305459518474,0.0,13.443855954305391,597.3366279198525
0.0,2.3861389356126455,654.3305459518474,0.0,12.978267869307802,654.3305459518474,0.0,13.85124552867828,654.3305459518474,0.0,50.22531466911495,654.3305459518474,0.0,0.05819851062469866,654.3305459518474,0.0,6.867424253714441,602.8305673228241
0.0,2.2115434037385495,654.3305459518474,0.0,11.406908082440939,654.3305459518474,0.0,13.152863401181898,654.3305459518474,0.0,48.82855041412218,654.3305459518474,0.0,0.0,654.3305459518474,0.0,2.793528509985536,605.0653901308125
0.0,3.1427195737337277,654.3305459518474,0.0,11.930694678063224,654.3305459518474,0.0,11.290511061191541,654.3305459518474,0.0,46.20961743601074,654.3305459518474,0.0,0.0,654.3305459518474,0.0,5.9944465943439615,609.8609474062877
0.0,5.23786595622288,654.3305459518474,0.0,14.491429145549967,654.3305459518474,0.0,10.184739359322265,654.3305459518474,0.0,43.00869935165231,654.3305459518474,0.0,0.0,654.3305459518474,0.0,7.333012338712031,615.7273572772573
0.0,8.438784040581305,654.3305459518474,0.0,10.999518508068046,654.3305459518474,0.0,9.13716616807769,654.3305459518474,0.0,38.23642148042702,654.3305459518474,0.0,0.0,654.3305459518474,0.0,4.481285318101797,619.3123855317388
0.0,13.269260422431296,654.3305459518474,0.0,9.195364678702388,654.3305459518474,0.0,8.496982551206004,654.3305459518474,0.0,34.51171680044631,654.3305459518474,0.0,0.0,654.3305459518474,0.0,7.042019785588539,624.9460013602096
0.0,16.237384464290926,654.3305459518474,0.0,12.105290209937321,654.3305459518474,0.0,8.846173614954198,654.3305459518474,0.0,31.659989779836074,654.3305459518474,0.0,0.0,654.3305459518474,0.0,29.215652333598733,648.3185232270886
0.0,18.27433233615538,654.3305459518474,0.0,18.216133825530683,654.3305459518474,0.0,10.242937869946964,654.3305459518474,0.0,32.76576148170535,654.3305459518474,0.0,0.05819851062469866,654.3305459518474,0.0,46.61700701038363,654.3305459518474
0.0,19.96208914427164,654.3305459518474,0.0,23.10480871800537,654.3305459518474,0.0,12.745473826809006,654.3305459518474,0.0,34.33712126857221,654.3305459518474,0.0,0.174595531874096,654.3305459518474,0.0,47.664580201628205,654.3305459518474
0.0,22.258590128812187,654.3305459518474,0.0,25.665543185492112,654.3305459518474,0.0,15.75607665906964,654.3305459518474,0.0,34.162525736698115,654.3305459518474,0.0,1.722375738405411,654.3305459518474,0.0,44.92925020226737,654.3305459518474
0.0,83.41825358018392,654.3305459518474,0.0,26.848412608051532,654.3305459518474,0.0,73.192536310889,654.3305459518474,0.0,48.94830465419838,654.3305459518474,0.0,63.693638848681175,654.3305459518474,0.0,62.77614833152617,654.3305459518474
0.0,149.22443714099137,654.3305459518474,0.0,34.058846674815726,654.3305459518474,0.0,142.25633558625123,654.3305459518474,0.0,72.29412273278452,654.3305459518474,0.0,139.17817350282567,654.3305459518474,0.0,147.7171016574775,654.3305459518474
0.0,199.4959432773042,654.3305459518474,0.0,37.450257740257,591.7808036921044,0.0,200.89924424096554,654.3305459518474,0.0,96.79605116375276,651.1265971156001,0.0,198.7947371179362,654.3305459518474,0.0,140.34461228922117,654.3305459518474
0.0,205.11126024788092,654.3305459518474,0.0,45.764962628462115,537.5457663205666,0.0,245.80076767958244,654.3305459518474,0.0,127.35380418953143,654.3305459518474,0.0,238.26489985839063,654.3305459518474,0.0,213.2070344754125,654.3305459518474
0.0,190.8618081563849,654.3305459518474,0.0,69.66132637284784,507.20709269341444,0.0,265.6718957213387,654.3305459518474,0.0,136.0585003224723,654.3305459518474,0.0,257.82145576668785,654.3305459518474,0.0,273.8365523514784,654.3305459518474
0.0,191.28641833140983,654.3305459518474,0.0,102.37728239099549,509.1089186062108,0.0,265.5476388399774,654.3305459518474,0.0,137.43636536739965,654.3305459518474,0.0,253.9504155054387,654.3305459518474,0.0,298.00182994908045,654.3305459518474
0.0,195.69696490850498,654.3305459518474,0.0,150.98160953867097,549.8942062371476,0.0,249.34937594726068,654.3305459518474,0.0,118.25258010318618,654.3305459518474,0.0,230.85629067941684,654.3305459518474,0.0,287.11853073327677,654.3305459518474
0.0,185.0181997845944,654.3305459518474,0.0,130.68419271247637,574.4415604071287,0.0,212.06567614978087,654.3305459518474,0.0,108.61820868067844,654.3305459518474,0.0,202.3134068255954,654.3305459518474,0.0,254.7738444787844,654.3305459518474
0.0,139.94676118437354,654.3305459518474,0.0,122.79109623843948,592.6744373978803,0.0,156.9320764621856,654.3305459518474,0.0,84.23267727095958,638.563223222807,0.0,146.04559775654013,654.3305459518474,0.0,200.51004296071787,654.3305459518474
0.0,68.23576898029425,622.5663149321416,0.0,80.17503443440955,572.8494718322899,0.0,86.04690275680568,640.3774487086531,0.0,62.810589532830264,601.3738127556372,0.0,84.99915183657603,639.3296977884235,0.0,129.78842543725844,654.3305459518474
0.0,38.06182594855293,653.0157756909839,0.0,16.668531347984423,586.1842969106774,0.0,15.666616436982597,652.9107418582391,0.0,48.53755786099868,640.2038590444362,0.0,24.715645534416538,654.3305459518474,0.0,67.76682367646984,654.3305459518474
0.0,31.776386801085472,654.3305459518474,0.0,11.697900635564432,595.542617419129,0.0,5.354262977472277,654.3305459518474,0.0,49.99252062661615,654.3305459518474,0.0,11.406908082440939,654.3305459518474,0.0,55.81237168908602,654.3305459518474
0.0,22.75561765425718,654.3305459518474,0.0,19.845692123022243,611.4191711175467,0.0,18.099736804281285,654.3305459518474,0.0,50.51630722223844,654.3305459518474,0.0,8.496982551206004,654.3305459518474,0.0,55.055791050964935,654.3305459518474
0.0,14.025841060552379,654.3305459518474,0.0,24.443374462373438,630.9738706874455,0.0,33.34774658795233,654.3305459518474,0.0,50.92369679661133,654.3305459518474,0.0,5.645255530595771,654.3305459518474,0.0,53.65902679597217,654.3305459518474
0.0,8.205989998082512,654.3305459518474,0.0,31.136203184213784,654.3305459518474,0.0,42.48491275603003,654.3305459518474,0.0,51.68027743473242,654.3305459518474,0.0,3.841101701230112,654.3305459518474,0.0,51.331086370984224,654.3305459518474
0.0,5.296064466847579,654.3305459518474,0.0,33.40594509857703,654.3305459518474,0.0,44.28906658539568,654.3305459518474,0.0,52.49505658347819,654.3305459518474,0.0,2.269741914363248,654.3305459518474,0.0,49.17774147787037,654.3305459518474
0.0,3.9574987224795093,654.3305459518474,0.0,33.40594509857703,654.3305459518474,0.0,46.03502190413665,654.3305459518474,0.0,53.135240200349884,654.3305459518474,0.0,1.1057717018692748,654.3305459518474,0.0,47.02439658475652,654.3305459518474
0.0,3.0263225524843302,654.3305459518474,0.0,32.00918084358427,654.3305459518474,0.0,48.0137712653764,654.3305459518474,0.0,53.54262977472277,654.3305459518474,0.0,0.5237865956222879,654.3305459518474,0.0,43.64888296852399,654.3305459518474
0.0,2.9099255312349332,654.3305459518474,0.0,28.750064248601138,654.3305459518474,0.0,46.50060998913423,654.3305459518474,0.0,53.54262977472277,654.3305459518474,0.0,0.23279404249879465,654.3305459518474,0.0,40.85535445853846,654.3305459518474
0.0,3.899300211854811,654.3305459518474,0.0,23.337602760504165,654.3305459518474,0.0,42.07752318165713,654.3305459518474,0.0,52.90244615785109,654.3305459518474,0.0,0.174595531874096,654.3305459518474,0.0,37.42164233168124,654.3305459518474
0.0,6.576431700590949,654.3305459518474,0.0,16.819369570537912,654.3305459518474,0.0,36.83965722543426,654.3305459518474,0.0,52.3786595622288,654.3305459518474,0.0,0.23279404249879465,654.3305459518474,0.0,35.61748850231558,654.3305459518474
0.0,11.697900635564432,654.3305459518474,0.0,9.835548295574075,654.3305459518474,0.0,30.437821056717404,654.3305459518474,0.0,51.796674455981815,654.3305459518474,0.0,0.23279404249879465,654.3305459518474,0.0,31.136203184213784,654.3305459518474
0.0,19.61289808052345,654.3305459518474,0.0,5.761652551845168,654.3305459518474,0.0,23.62859531362766,654.3305459518474,0.0,50.51630722223844,654.3305459518474,0.0,0.23279404249879465,654.3305459518474,0.0,26.422123823613195,654.3305459518474
0.0,28.982858291099934,654.3305459518474,0.0,3.9574987224795093,654.3305459518474,0.0,17.110362123661407,654.3305459518474,0.0,49.23593998849507,654.3305459518474,0.0,0.8069192886339316,654.3305459518474,0.0,22.75561765425718,654.3305459518474
0.0,58.749411748468376,654.3305459518474,0.0,23.657210722203416,652.9877566740508,0.0,64.85910994160349,654.3305459518474,0.0,87.56889158663287,654.3305459518474,0.0,53.8878513841411,654.3305459518474,0.0,56.36345054184078,654.3305459518474
0.0,113.7555750648607,654.3305459518474,0.0,55.036101876411365,654.3305459518474,0.0,134.88870431725005,654.3305459518474,0.0,152.55711650885274,654.3305459518474,0.0,127.83246569186613,654.3305459518474,0.0,109.5796788686628,654.3305459518474
0.0,159.09592751829786,654.3305459518474,0.0,61.16116433180008,615.4917102836475,0.0,195.33576680133,654.3305459518474,0.0,215.1842829562239,654.3305459518474,0.0,186.0837044924313,654.3305459518474,0.0,163.62640606445427,654.3305459518474
0.0,189.23057124947994,654.3305459518474,0.0,89.3799375826372,604.8716478662848,0.0,243.39104916363422,654.3305459518474,0.0,252.63003805519583,654.3305459518474,0.0,225.39499142123535,654.3305459518474,0.0,224.30158222076295,654.3305459518474
0.0,226.268936774079,654.3305459518474,0.0,112.12955171518097,614.5752892384296,0.0,267.0954190465087,654.3305459518474,0.0,267.7414284561088,654.3305459518474,0.0,244.50953882487048,654.3305459518474,0.0,214.9802820512859,654.3305459518474
0.0,217.39432547953407,654.3305459518474,0.0,134.20754279040568,641.9413234707541,0.0,274.91291868028384,654.3305459518474,0.0,250.93442138696776,654.3305459518474,0.0,250.59530197969997,654.3305459518474,0.0,223.32324689009667,654.3305459518474
0.0,207.8102927075392,654.3305459518474,0.0,165.04692762876766,654.3305459518474,0.0,265.35714585889457,654.3305459518474,0.0,230.81160009264727,654.3305459518474,0.0,223.68833540305363,654.3305459518474,0.0,191.52910630140397,654.3305459518474
0.0,178.10343864122382,654.3305459518474,0.0,195.69281772519008,654.3305459518474,0.0,233.66050308138585,654.3305459518474,0.0,209.84724057940366,654.3305459518474,0.0,167.95853176941597,654.3305459518474,0.0,149.66962513549512,654.3305459518474
0.0,147.08945827098776,654.3305459518474,0.0,149.74990234602703,654.3305459518474,0.0,180.76988623797646,654.3305459518474,0.0,176.13254914009593,654.3305459518474,0.0,114.03288196514399,654.3305459518474,0.0,108.83413758049531,654.3305459518474
0.0,102.18157585268737,654.3305459518474,0.0,51.59585304088558,605.926398992733,0.0,112.27085146820923,654.3305459518474,0.0,120.15741123357753,654.3305459518474,0.0,61.073027261156334,615.4035732130037,0.0,60.65609921725819,614.9866451691056
0.0,57.69998221882533,654.3305459518474,0.0,28.260896583268003,628.5351162593474,0.0,43.097014151281115,654.3305459518474,0.0,57.50348571602909,654.3305459518474,0.0,12.704673645821412,625.5673121296609,0.0,18.42384740726558,629.7257230949181
0.0,51.331086370984224,654.3305459518474,0.0,32.649364460455956,654.3305459518474,0.0,26.014734249240302,654.3305459518474,0.0,42.60130977727942,654.3305459518474,0.0,4.015697233104208,628.7798699161442,0.0,11.872496167438527,639.2237200288689
0.0,51.68027743473242,654.3305459518474,0.0,31.36899722671258,654.3305459518474,0.0,22.11543403738549,654.3305459518474,0.0,43.299691904775806,654.3305459518474,0.0,1.9787493612397546,630.362869405136,0.0,13.618451486179488,650.1184812178125
0.0,51.44748339223362,654.3305459518474,0.0,28.982858291099934,654.3305459518474,0.0,19.147309995525863,654.3305459518474,0.0,41.029949990412554,654.3305459518474,0.0,0.9311761699951786,631.1078103411322,0.0,15.073414251796954,654.3305459518474
0.0,50.865498285986625,654.3305459518474,0.0,27.29510148298367,654.3305459518474,0.0,19.089111484901164,654.3305459518474,0.0,40.56436190541496,654.3305459518474,0.0,0.5819851062469866,631.5733984261298,0.0,14.258635103051171,654.3305459518474
0.0,50.39991020098904,654.3305459518474,0.0,26.1311312704897,654.3305459518474,0.0,20.835066803642118,654.3305459518474,0.0,39.80778126729388,654.3305459518474,0.0,0.698382127496384,632.1321041281269,0.0,12.803672337433706,654.3305459518474
0.0,50.167116158490245,654.3305459518474,0.0,21.824441484261996,654.3305459518474,0.0,22.11543403738549,654.3305459518474,0.0,38.23642148042702,654.3305459518474,0.0,1.2803672337433705,633.1563979151216,0.0,11.406908082440939,654.3305459518474
0.0,49.58513105224326,654.3305459518474,0.0,27.353299993608367,654.3305459518474,0.0,22.581022122383082,654.3305459518474,0.0,35.09370190669329,654.3305459518474,0.0,2.61893297811144,635.2515442976107,0.0,9.719151274324677,654.3305459518474
0.0,49.52693254161856,654.3305459518474,0.0,27.70249105735656,654.3305459518474,0.0,23.10480871800537,654.3305459518474,0.0,33.87153318357462,654.3305459518474,0.0,4.3066897862277,638.696896126593,0.0,8.438784040581305,654.3305459518474
0.0,48.82855041412218,654.3305459518474,0.0,14.78242169867346,654.3305459518474,0.0,22.057235526760792,654.3305459518474,0.0,31.834585311710175,654.3305459518474,0.0,5.528858509346373,643.1199829340701,0.0,8.496982551206004,654.3305459518474
0.0,46.03502190413665,654.3305459518474,0.0,11.34870957181624,654.3305459518474,0.0,18.914515953027067,654.3305459518474,0.0,30.612416588591497,654.3305459518474,0.0,5.528858509346373,647.5430697415472,0.0,8.147791487457813,654.3305459518474
0.0,45.336639776640254,654.3305459518474,0.0,11.581503614315034,654.3305459518474,0.0,15.946391911167435,654.3305459518474,0.0,28.400873184852944,654.3305459518474,0.0,5.587057019971072,652.0127153575241,0.0,6.98382127496384,654.3305459518474
0.0,44.58005913851918,654.3305459518474,0.0,13.443855954305391,654.3305459518474,0.0,13.211061911806597,654.3305459518474,0.0,26.014734249240302,654.3305459518474,0.0,6.460034679341552,654.3305459518474,0.0,6.285439147467455,654.3305459518474
0.0,42.135721692281834,654.3305459518474,0.0,28.808262759225837,654.3305459518474,0.0,11.057717018692745,654.3305459518474,0.0,22.75561765425718,654.3305459518474,0.0,7.507607870586128,654.3305459518474,0.0,5.4549402784979755,654.3305459518474
0.0,80.96102044559453,654.3305459518474,0.0,69.30056277219086,654.3305459518474,0.0,55.31755596000961,654.3305459518474,0.0,56.39806947212992,654.3305459518474,0.0,60.83237335854569,654.3305459518474,0.0,65.12502203396309,654.3305459518474
0.0,160.8121220060048,654.3305459518474,0.0,112.29725508041639,654.3305459518474,0.0,109.73237342961474,654.3305459518474,0.0,110.07988588394953,654.3305459518474,0.0,128.51194860929706,654.3305459518474,0.0,139.44558647561362,654.3305459518474
0.0,215.88920179238886,654.3305459518474,0.0,149.29632130445623,654.3305459518474,0.0,153.38346819450732,654.3305459518474,0.0,139.19371549406432,654.3305459518474,0.0,181.3789858723709,654.3305459518474,0.0,194.05857905742837,654.3305459518474
0.0,247.9413946133293,654.3305459518474,0.0,166.09228902364364,654.3305459518474,0.0,213.20924627178107,654.3305459518474,0.0,148.57171329373773,654.3305459518474,0.0,216.4700414761776,654.3305459518474,0.0,239.7041429037844,654.3305459518474
0.0,264.8711576834032,654.3305459518474,0.0,166.80321138152198,654.3305459518474,0.0,235.49645180916906,654.3305459518474,0.0,178.0143338771069,654.3305459518474,0.0,227.61757417492748,654.3305459518474,0.0,262.147044762981,654.3305459518474
0.0,259.9493647410677,654.3305459518474,0.0,151.46688679822213,654.3305459518474,0.0,238.67696980303364,654.3305459518474,0.0,243.31245056251572,654.3305459518474,0.0,214.13892156134793,654.3305459518474,0.0,262.5701540575776,654.3305459518474
0.0,200.86594846211966,654.3305459518474,0.0,201.64257373276445,654.3305459518474,0.0,216.42438319593487,654.3305459518474,0.0,240.8413540461011,654.3305459518474,0.0,172.22910174492617,654.3305459518474,0.0,244.9105694195599,654.3305459518474
0.0,128.68451007378764,654.3305459518474,0.0,192.24417584259726,654.3305459518474,0.0,184.2149931727574,654.3305459518474,0.0,206.30084410809397,654.3305459518474,0.0,135.9630365786719,654.3305459518474,0.0,218.6202068794497,654.3305459518474
0.0,92.80375578199904,647.1343017338464,0.0,133.22063668368733,654.3305459518474,0.0,138.35235500412628,654.3305459518474,0.0,147.08381020724448,654.3305459518474,0.0,116.1894063480996,654.3305459518474,0.0,159.02254247440464,654.3305459518474
0.0,63.620688311305955,610.7549900451523,0.0,82.05557506852513,636.3861210203726,0.0,76.84667997884812,631.1772259306955,0.0,71.83992945571063,626.170475407558,0.0,72.62326916400902,626.9538151158564,0.0,86.57854921253981,640.9090951643872
0.0,45.080266153805916,646.819202968197,0.0,54.450226364382395,654.3305459518474,0.0,16.36499856447898,644.2692247822787,0.0,14.736941147415767,637.9600283254906,0.0,16.24542205338783,639.9501527585667,0.0,18.071654582660695,654.3305459518474
0.0,43.76527998977339,654.3305459518474,0.0,51.68027743473242,654.3305459518474,0.0,1.4549627656174666,645.4331949947726,0.0,5.063270424348783,642.0106446649696,0.0,3.084521063109029,642.417769609054,0.0,1.74595531874096,654.3305459518474
0.0,42.42671424540532,654.3305459518474,0.0,50.98189530723602,654.3305459518474,0.0,1.1639702124939733,646.3643711647678,0.0,3.841101701230112,645.0835260259537,0.0,1.6877568081162613,643.7679750555469,0.0,1.4549627656174666,654.3305459518474
0.0,43.76527998977339,654.3305459518474,0.0,55.055791050964935,654.3305459518474,0.0,0.8147791487457813,647.0161944837645,0.0,2.444337446237344,647.0389959829436,0.0,0.9893746806198773,644.5594748000428,0.0,0.6401836168716852,654.3305459518474
0.0,47.25719062725532,654.3305459518474,0.0,55.40498211471312,654.3305459518474,0.0,0.4655880849975893,647.3886649517625,0.0,2.269741914363248,648.8547895144342,0.0,1.4549627656174666,645.7234450125368,0.0,0.40738957437289064,654.3305459518474
0.0,49.70152807349266,654.3305459518474,0.0,55.055791050964935,654.3305459518474,0.0,0.23279404249879465,647.5749001857615,0.0,3.4337121268572206,651.60175921592,0.0,2.9099255312349332,648.0513854375247,0.0,0.2909925531234933,654.3305459518474
0.0,52.029468498480604,654.3305459518474,0.0,54.64840147659204,654.3305459518474,0.0,0.05819851062469866,647.6214589942613,0.0,5.878049573094565,654.3305459518474,0.0,4.655880849975893,651.7760901175054,0.0,0.23279404249879465,654.3305459518474
0.0,52.14586551973,654.3305459518474,0.0,53.89182083847097,654.3305459518474,0.0,0.0,647.6214589942613,0.0,11.465106593065636,654.3305459518474,0.0,6.343637658092154,654.3305459518474,0.0,0.2909925531234933,654.3305459518474
0.0,49.58513105224326,654.3305459518474,0.0,53.42623275347337,654.3305459518474,0.0,0.0,647.6214589942613,0.0,18.157935314905984,654.3305459518474,0.0,7.740401913084923,654.3305459518474,0.0,0.2909925531234933,654.3305459518474
0.0,43.64888296852399,654.3305459518474,0.0,53.83362232784627,654.3305459518474,0.0,0.0,647.6214589942613,0.0,23.686793824252355,654.3305459518474,0.0,8.555181061830703,654.3305459518474,0.0,0.7565806381210826,654.3305459518474
0.0,31.659989779836074,654.3305459518474,0.0,54.64840147659204,654.3305459518474,0.0,0.0,647.6214589942613,0.0,27.993483610480055,654.3305459518474,0.0,9.893746806198772,654.3305459518474,0.0,1.5713597868668638,654.3305459518474
0.0,19.20550850615056,654.3305459518474,0.0,54.99759254034023,654.3305459518474,0.0,0.0,647.6214589942613,0.0,32.30017339670776,654.3305459518474,0.0,11.988893188687923,654.3305459518474,0.0,1.6877568081162613,654.3305459518474
0.0,19.030912974276465,654.3305459518474,0.0,55.81237168908602,654.3305459518474,0.0,0.0,647.6214589942613,0.0,37.07245126793305,654.3305459518474,0.0,14.840620209298159,654.3305459518474,0.0,2.269741914363248,654.3305459518474
0.0,27.93528509985536,654.3305459518474,0.0,56.97634190157999,654.3305459518474,0.0,0.05819851062469866,647.668017802761,0.0,40.73895743728906,654.3305459518474,0.0,17.459553187409597,654.3305459518474,0.0,2.3861389356126455,654.3305459518474
0.0,52.51263264210036,654.3305459518474,0.0,105.06156282390327,654.3305459518474,0.0,36.921968503349675,654.3305459518474,0.0,46.747622871428376,654.3305459518474,0.0,63.84915744150476,654.3305459518474,0.0,27.15230084952709,654.3305459518474
0.0,100.17156477998529,654.3305459518474,0.0,159.8412910774803,654.3305459518474,0.0,97.6207242399939,654.3305459518474,0.0,58.40958142526037,654.3305459518474,0.0,137.89912942052558,654.3305459518474,0.0,78.48409813645155,654.3305459518474
0.0,127.64479674265492,654.3305459518474,0.0,228.71627598117303,654.3305459518474,0.0,153.94037283999037,654.3305459518474,0.0,57.1763733521881,611.5069193040355,0.0,199.72723643937468,654.3305459518474,0.0,134.90124454763196,654.3305459518474
0.0,157.51838648073254,654.3305459518474,0.0,255.96457376145574,654.3305459518474,0.0,200.02008533089662,654.3305459518474,0.0,80.70614770318852,592.213067007224,0.0,228.93388349040333,654.3305459518474,0.0,172.32810043653848,654.3305459518474
0.0,194.55207163506154,654.3305459518474,0.0,269.09403531128714,654.3305459518474,0.0,226.302588010895,654.3305459518474,0.0,104.93280330125697,596.1593096482296,0.0,249.26591924688705,654.3305459518474,0.0,167.1199953113496,654.3305459518474
0.0,207.9175067172335,654.3305459518474,0.0,262.2327923082711,654.3305459518474,0.0,233.81187449089452,654.3305459518474,0.0,93.15294684574724,589.3122564939769,0.0,250.10745746581014,654.3305459518474,0.0,187.5353100392219,654.3305459518474
0.0,225.06434410958246,654.3305459518474,0.0,161.7225426275361,654.3305459518474,0.0,234.5527354087919,654.3305459518474,0.0,90.2477016847824,579.5599581787593,0.0,229.5851064572286,654.3305459518474,0.0,190.50811445135167,654.3305459518474
0.0,217.75173186136425,654.3305459518474,0.0,98.87044199777799,653.2009879496254,0.0,202.8749918413486,654.3305459518474,0.0,75.71361601984637,555.2735741986057,0.0,184.03386093221476,654.3305459518474,0.0,160.5353482926767,654.3305459518474
0.0,166.81478391843075,654.3305459518474,0.0,63.88642267468049,617.0874106243059,0.0,154.0457305112862,654.3305459518474,0.0,63.17717892621556,518.4507531248213,0.0,115.50488760242845,654.3305459518474,0.0,126.2023742074194,654.3305459518474
0.0,95.18874929515347,649.5192952470009,0.0,59.06062666310059,576.1480372874065,0.0,82.1066246349782,636.4371705868256,0.0,49.206179157461065,467.65693228228236,0.0,55.64449059486554,609.9750365467129,0.0,85.91425282837741,640.2447987802248
0.0,26.96498735828599,654.3305459518474,0.0,49.33661728952077,615.6173311190231,0.0,16.353959214525382,649.5203379584459,0.0,41.61193509665954,500.94648035961,0.0,25.11817700953427,630.0695781543403,0.0,41.234484082305705,654.3305459518474
0.0,10.650327444319855,654.3305459518474,0.0,48.421160839749284,654.3305459518474,0.0,3.3755136162325226,652.220748851432,0.0,42.54311126665472,534.9809693729338,0.0,20.36947871864453,646.365161129256,0.0,37.36344382105654,654.3305459518474
0.0,7.740401913084923,654.3305459518474,0.0,48.0137712653764,654.3305459518474,0.0,2.61893297811144,654.3158952339211,0.0,42.25211871353123,568.7826643437588,0.0,16.93576659178731,654.3305459518474,0.0,38.00362743792823,654.3305459518474
0.0,4.423086807477099,654.3305459518474,0.0,47.897374244127,654.3305459518474,0.0,1.74595531874096,654.3305459518474,0.0,41.61193509665954,602.0722124210864,0.0,12.920069358683104,654.3305459518474,0.0,38.87660509729871,654.3305459518474
0.0,1.5131612762421651,654.3305459518474,0.0,46.907999563507126,654.3305459518474,0.0,0.9893746806198773,654.3305459518474,0.0,40.447964884165565,634.4305843284188,0.0,10.533930423070458,654.3305459518474,0.0,40.73895743728906,654.3305459518474
0.0,0.11639702124939733,654.3305459518474,0.0,46.09322041476134,654.3305459518474,0.0,0.5819851062469866,654.3305459518474,0.0,39.1093991397975,654.3305459518474,0.0,9.719151274324677,654.3305459518474,0.0,40.79715594791376,654.3305459518474
0.0,0.0,654.3305459518474,0.0,44.17266956414628,654.3305459518474,0.0,0.4655880849975893,654.3305459518474,0.0,37.07245126793305,654.3305459518474,0.0,9.428158721201184,654.3305459518474,0.0,37.94542892730353,654.3305459518474
0.0,0.0,654.3305459518474,0.0,41.43733956478545,654.3305459518474,0.0,0.5237865956222879,654.3305459518474,0.0,34.51171680044631,654.3305459518474,0.0,9.95194531682347,654.3305459518474,0.0,36.95605424668366,654.3305459518474
0.0,0.0,654.3305459518474,0.0,37.712634884804736,654.3305459518474,0.0,0.7565806381210826,654.3305459518474,0.0,29.85583595047041,654.3305459518474,0.0,9.95194531682347,654.3305459518474,0.0,34.8609078641945,654.3305459518474
0.0,0.0,654.3305459518474,0.0,36.141275097937864,654.3305459518474,0.0,1.0475731912445758,654.3305459518474,0.0,25.083558079245122,654.3305459518474,0.0,9.020769146828293,654.3305459518474,0.0,35.50109148106618,654.3305459518474
0.0,0.05819851062469866,654.3305459518474,0.0,35.326495949192086,654.3305459518474,0.0,1.5713597868668638,654.3305459518474,0.0,22.464625101133684,654.3305459518474,0.0,7.682203402460224,654.3305459518474,0.0,41.495538075410145,654.3305459518474
0.0,0.2909925531234933,654.3305459518474,0.0,33.75513616232522,654.3305459518474,0.0,2.444337446237344,654.3305459518474,0.0,22.11543403738549,654.3305459518474,0.0,4.190292764978303,654.3305459518474,0.0,46.907999563507126,654.3305459518474
0.0,1.1057717018692748,654.3305459518474,0.0,33.81333467294992,654.3305459518474,0.0,3.49191063748192,654.3305459518474,0.0,24.32697744112404,654.3305459518474,0.0,0.87297765937048,654.3305459518474,0.0,50.39991020098904,654.3305459518474
0.0,2.735329999360837,654.3305459518474,0.0,33.28954807732764,654.3305459518474,0.0,4.423086807477099,654.3305459518474,0.0,26.596719355487288,654.3305459518474,0.0,0.0,654.3305459518474,0.0,50.690902754112535,654.3305459518474
0.0,64.39670134644764,654.3305459518474,0.0,77.97567580308284,654.3305459518474,0.0,28.316271062021062,654.3305459518474,0.0,48.27050034618085,654.3305459518474,0.0,1.6641772277807123,630.9947231796281,0.0,53.92961925860186,654.3305459518474
0.0,140.43964152650364,654.3305459518474,0.0,141.46645916928426,654.3305459518474,0.0,77.9681714009411,654.3305459518474,0.0,93.10446453363285,654.3305459518474,0.0,11.307909390828645,617.3026325704567,0.0,68.96391193882462,654.3305459518474
0.0,200.46359471598697,654.3305459518474,0.0,191.4093520613278,654.3305459518474,0.0,128.19419698599629,654.3305459518474,0.0,164.99791212969808,654.3305459518474,0.0,24.73622335389539,542.0388559243521,0.0,84.50627149444597,638.8368174462934
0.0,241.648273334735,654.3305459518474,0.0,205.38035183008228,654.3305459518474,0.0,176.19763981735932,654.3305459518474,0.0,212.427229714926,654.3305459518474,0.0,45.67850416723177,487.7173600915839,0.0,106.91773391319518,644.3710045768495
0.0,262.2524024342768,654.3305459518474,0.0,198.7440430094532,654.3305459518474,0.0,211.63788648491422,654.3305459518474,0.0,233.2562929968547,654.3305459518474,0.0,65.46935499845613,453.18671509004,0.0,102.01801967076689,645.985420313463
0.0,264.23433128535834,654.3305459518474,0.0,150.3332106037173,654.3305459518474,0.0,219.37996700741255,654.3305459518474,0.0,218.09456394542892,654.3305459518474,0.0,85.82965070554552,439.01636579558556,0.0,91.68694473017615,637.6723650436392
0.0,246.48828818611025,654.3305459518474,0.0,147.16055246996453,654.3305459518474,0.0,220.7185327517806,654.3305459518474,0.0,192.13449325900146,654.3305459518474,0.0,91.24379080305589,430.26015659864146,0.0,74.48208655618751,612.1544515998266
0.0,212.03273582890515,654.3305459518474,0.0,90.63954926791665,644.9700952197641,0.0,186.62471168870562,654.3305459518474,0.0,167.33053292495615,654.3305459518474,0.0,85.86276875540632,416.12292535404777,0.0,69.79158677592247,581.9460383757491
0.0,160.17397245651668,654.3305459518474,0.0,65.5131569403004,610.4832521600645,0.0,129.47924459000973,654.3305459518474,0.0,119.31605074363951,654.3305459518474,0.0,62.43367170543159,378.5565970594794,0.0,52.961000126445896,534.9070385021951
0.0,89.68982934582614,644.0203752976736,0.0,43.885034229849595,554.368286389914,0.0,66.91495702353339,621.2455029753808,0.0,72.09594762057486,626.4264935724223,0.0,26.647413463970253,305.2040105234496,0.0,29.46584470573463,464.3728832079297
0.0,19.53129771854826,654.3305459518474,0.0,29.27385084422343,577.7873670652928,0.0,14.784100308086863,633.0727832218503,0.0,35.21645790762619,654.3305459518474,0.0,0.9154564497714793,305.93637568326676,0.0,19.90389063364694,480.29599571484727
0.0,8.380585529956607,654.3305459518474,0.0,30.205027014218608,601.9513886766676,0.0,5.121468934973482,637.169958369829,0.0,30.5542180779668,654.3305459518474,0.0,0.05819851062469866,305.9829344917665,0.0,19.787493612397544,496.1259906047653
0.0,13.676649996804183,654.3305459518474,0.0,29.15745382297403,625.2773517350469,0.0,3.3755136162325226,639.8703692628151,0.0,30.205027014218608,654.3305459518474,0.0,0.0,305.9829344917665,0.0,25.374550632368617,516.4256311106602
0.0,23.163007228630068,654.3305459518474,0.0,26.596719355487288,646.5547272194367,0.0,2.560734467486741,641.9189568368045,0.0,29.27385084422343,654.3305459518474,0.0,1.920550850615056,307.51937517225855,0.0,32.30017339670776,542.2657698280265
0.0,30.96160765233969,654.3305459518474,0.0,24.035984888000545,654.3305459518474,0.0,2.560734467486741,643.9675444107938,0.0,27.818888078605962,654.3305459518474,0.0,10.126540848697566,315.6206078512166,0.0,22.581022122383082,560.330587525933
0.0,35.38469445981679,654.3305459518474,0.0,21.184257867390315,654.3305459518474,0.0,2.6771314887361384,646.1092496017827,0.0,26.771314887361385,654.3305459518474,0.0,17.75054574053309,329.8210444436431,0.0,11.930694678063224,569.8751432683836
0.0,34.569915311071,654.3305459518474,0.0,18.79811893177767,654.3305459518474,0.0,2.3861389356126455,648.0181607502728,0.0,26.014734249240302,654.3305459518474,0.0,23.395801271128864,348.5376854605462,0.0,13.56025297555479,580.7233456488274
0.0,28.400873184852944,654.3305459518474,0.0,17.3431561661602,654.3305459518474,0.0,2.269741914363248,649.8339542817635,0.0,24.85076403674633,654.3305459518474,0.0,29.332049354848124,372.00332494442466,0.0,20.660471271768024,597.2517226662418
0.0,22.17363254801019,654.3305459518474,0.0,15.18981127304635,654.3305459518474,0.0,2.444337446237344,651.7894242387533,0.0,25.49094765361801,654.3305459518474,0.0,34.33712126857221,399.47302195928245,0.0,27.877086589230657,619.5533919376263
0.0,18.914515953027067,654.3305459518474,0.0,12.803672337433706,654.3305459518474,0.0,3.084521063109029,654.2570410892406,0.0,28.866461269850536,654.3305459518474,0.0,37.07245126793305,429.1309829736289,0.0,32.00918084358427,645.1607366124937
0.0,14.31683361367587,654.3305459518474,0.0,10.708525954944554,654.3305459518474,0.0,3.7247046799807144,654.3305459518474,0.0,31.543592758586676,654.3305459518474,0.0,40.15697233104208,461.2565608384625,0.0,33.638739141075824,654.3305459518474
0.0,10.88312148681865,654.3305459518474,0.0,9.60275425307528,654.3305459518474,0.0,4.248491275603002,654.3305459518474,0.0,34.27892275794751,654.3305459518474,0.0,46.907999563507126,498.78296048926825,0.0,34.51171680044631,654.3305459518474
0.0,9.020769146828293,654.3305459518474,0.0,9.486357231825883,654.3305459518474,0.0,4.132094254353605,654.3305459518474,0.0,36.19947360856257,654.3305459518474,0.0,52.96064466847578,541.1514762240489,0.0,34.8609078641945,654.3305459518474
0.0,8.26418850870721,654.3305459518474,0.0,8.962570636203594,654.3305459518474,0.0,4.3066897862277,654.3305459518474,0.0,35.50109148106618,654.3305459518474,0.0,56.103364242209516,586.0341676178165,0.0,35.79208403418968,654.3305459518474
0.0,52.71434270212187,654.3305459518474,0.0,32.77397679978731,654.3305459518474,0.0,56.23151152935273,654.3305459518474,0.0,67.19305388830483,654.3305459518474,0.0,91.66000793101381,639.3621739626275,0.0,79.50287819013529,654.3305459518474
0.0,109.359602785531,654.3305459518474,0.0,92.89074743018458,654.3305459518474,0.0,128.54656753958622,654.3305459518474,0.0,130.5642607434151,654.3305459518474,0.0,167.25307974629587,654.3305459518474,0.0,133.64392370726898,654.3305459518474
0.0,157.40234491745326,654.3305459518474,0.0,143.48954365932346,654.3305459518474,0.0,187.66292413941,654.3305459518474,0.0,189.642818923108,654.3305459518474,0.0,225.72925272924795,654.3305459518474,0.0,176.53675922462705,654.3305459518474
0.0,182.9675662598898,654.3305459518474,0.0,191.67544188267246,654.3305459518474,0.0,225.69534471489905,654.3305459518474,0.0,241.4559240152537,654.3305459518474,0.0,272.6819428795246,654.3305459518474,0.0,208.2538020926296,654.3305459518474
0.0,172.54517475881357,654.3305459518474,0.0,211.87218140784134,654.3305459518474,0.0,231.8864655410243,654.3305459518474,0.0,261.0674989443339,654.3305459518474,0.0,284.19438636224646,654.3305459518474,0.0,238.25632908233857,654.3305459518474
0.0,135.89061922825184,654.3305459518474,0.0,202.49736309800969,654.3305459518474,0.0,191.47726677046282,654.3305459518474,0.0,273.1855071136382,654.3305459518474,0.0,267.4188187335528,654.3305459518474,0.0,254.31461537347036,654.3305459518474
0.0,125.75922028029912,654.3305459518474,0.0,156.54976734857658,654.3305459518474,0.0,181.50474363416046,654.3305459518474,0.0,268.2526748213491,654.3305459518474,0.0,258.8855386426443,654.3305459518474,0.0,215.1779239765404,654.3305459518474
0.0,152.98393848024628,654.3305459518474,0.0,115.67180100317574,654.3305459518474,0.0,185.22794743371287,654.3305459518474,0.0,224.8422339590672,654.3305459518474,0.0,225.83461040054374,654.3305459518474,0.0,160.04114479910334,654.3305459518474
0.0,134.404217022187,654.3305459518474,0.0,63.35530940590152,617.6858553577489,0.0,129.2181905969053,654.3305459518474,0.0,170.1285640762267,654.3305459518474,0.0,151.19947382543418,654.3305459518474,0.0,104.65585185894378,654.3305459518474
0.0,62.91029914038279,617.2408450922302,0.0,28.039319619707864,545.7251749774567,0.0,59.9704350491288,614.3009810009762,0.0,100.98148582947591,654.3305459518474,0.0,94.197162818165,648.5277087700124,0.0,60.68550459032206,615.0160505421694
0.0,7.7970995432812735,623.4785247268552,0.0,13.211061911806597,556.294024506902,0.0,8.445143020264808,621.0570954171881,0.0,50.40626918067255,654.3305459518474,0.0,60.68850635117875,654.3305459518474,0.0,46.26781594663544,652.0303032994777
0.0,9.13716616807769,630.7882576613174,0.0,13.443855954305391,567.0491092703463,0.0,9.253563189327087,628.4599459686498,0.0,46.384212967884835,654.3305459518474,0.0,57.500128497202276,654.3305459518474,0.0,45.685830840388455,654.3305459518474
0.0,21.009662335516218,647.5959875297303,0.0,12.338084252436117,576.9195766722952,0.0,17.459553187409597,642.4275885185774,0.0,46.09322041476134,654.3305459518474,0.0,57.32553296532818,654.3305459518474,0.0,42.019324671032436,654.3305459518474
0.0,33.17315105607824,654.3305459518474,0.0,10.47573191244576,585.3001622022518,0.0,22.98841169675597,654.3305459518474,0.0,45.336639776640254,654.3305459518474,0.0,57.15093743345409,654.3305459518474,0.0,36.432267651061366,654.3305459518474
0.0,39.98237679916799,654.3305459518474,0.0,9.253563189327087,592.7030127537136,0.0,29.623041907971622,654.3305459518474,0.0,44.75465467039327,654.3305459518474,0.0,56.859944880330595,654.3305459518474,0.0,29.506644886722224,654.3305459518474
0.0,43.5324859472746,654.3305459518474,0.0,7.9731959555837175,599.0815695181806,0.0,35.09370190669329,654.3305459518474,0.0,44.40546360664508,654.3305459518474,0.0,56.859944880330595,654.3305459518474,0.0,23.453999781753563,654.3305459518474
0.0,40.273369352291475,654.3305459518474,0.0,6.867424253714441,604.5755089211522,0.0,34.919106374819194,654.3305459518474,0.0,43.4160889260252,654.3305459518474,0.0,56.7435478590812,654.3305459518474,0.0,20.835066803642118,654.3305459518474
0.0,36.490466161686065,654.3305459518474,0.0,6.110843615593359,609.4641838136268,0.0,26.014734249240302,654.3305459518474,0.0,42.310317224155924,654.3305459518474,0.0,56.6853493484565,654.3305459518474,0.0,19.61289808052345,654.3305459518474
0.0,43.88167701102279,654.3305459518474,0.0,5.412461488096976,613.7941530041044,0.0,26.771314887361385,654.3305459518474,0.0,42.54311126665472,654.3305459518474,0.0,57.034540412204684,654.3305459518474,0.0,19.96208914427164,654.3305459518474
0.0,50.51630722223844,654.3305459518474,0.0,4.655880849975893,617.5188576840851,0.0,40.15697233104208,654.3305459518474,0.0,42.717706798528816,654.3305459518474,0.0,57.383731475952885,654.3305459518474,0.0,20.136684676145737,654.3305459518474
0.0,50.865498285986625,654.3305459518474,0.0,3.3755136162325226,620.2192685770711,0.0,49.643329562867955,654.3305459518474,0.0,42.135721692281834,654.3305459518474,0.0,57.558327007826975,654.3305459518474,0.0,19.438302548649354,654.3305459518474
0.0,50.80729977536193,654.3305459518474,0.0,1.8041538293656585,621.6625916405636,0.0,51.85487296660651,654.3305459518474,0.0,40.73895743728906,654.3305459518474,0.0,57.616525518451674,654.3305459518474,0.0,19.030912974276465,654.3305459518474
0.0,52.0876670091053,654.3305459518474,0.0,0.6401836168716852,622.174738534061,0.0,52.49505658347819,654.3305459518474,0.0,38.469215522925815,654.3305459518474,0.0,57.558327007826975,654.3305459518474,0.0,19.438302548649354,654.3305459518474
0.0,50.98189530723602,654.3305459518474,0.0,0.11639702124939733,622.2678561510605,0.0,54.06641637034505,654.3305459518474,0.0,37.30524531043184,654.3305459518474,0.0,57.500128497202276,654.3305459518474,0.0,20.660471271768024,654.3305459518474
0.0,77.45003286906208,654.3305459518474,0.0,18.090553792726144,615.3584099437867,0.0,95.01044108648244,654.3305459518474,0.0,87.66974661664362,654.3305459518474,0.0,98.6266086053256,654.3305459518474,0.0,58.25256195200843,654.3305459518474
0.0,155.49062162042324,654.3305459518474,0.0,48.127699712724265,633.8605697139661,0.0,177.47261576489234,654.3305459518474,0.0,161.83143524664376,654.3305459518474,0.0,164.55386955765252,654.3305459518474,0.0,102.38814401196404,654.3305459518474
0.0,227.69396097967743,654.3305459518474,0.0,75.09286479999531,608.9534345139614,0.0,238.68729823704703,654.3305459518474,0.0,218.9690424852278,654.3305459518474,0.0,215.30368173833,654.3305459518474,0.0,165.54227654479922,654.3305459518474
0.0,251.78063997616093,654.3305459518474,0.0,116.73527164362909,622.3416518288647,0.0,250.52535320318142,654.3305459518474,0.0,255.81241238745895,654.3305459518474,0.0,267.52735589469034,654.3305459518474,0.0,232.10972111399784,654.3305459518474
0.0,252.7810540067344,654.3305459518474,0.0,175.67703271157876,654.3305459518474,0.0,242.63225672914461,654.3305459518474,0.0,274.14679957263746,654.3305459518474,0.0,276.91003406463386,654.3305459518474,0.0,258.9663490401313,654.3305459518474
0.0,236.2807592109406,654.3305459518474,0.0,201.4750480965141,654.3305459518474,0.0,241.15839475346166,654.3305459518474,0.0,277.11024324422704,654.3305459518474,0.0,280.6064787940089,654.3305459518474,0.0,256.88374288802413,654.3305459518474
0.0,200.82161333332022,654.3305459518474,0.0,201.41367009604764,654.3305459518474,0.0,277.5062380106762,654.3305459518474,0.0,264.24501517734177,654.3305459518474,0.0,276.1109746361118,654.3305459518474,0.0,232.40539403739143,654.3305459518474
0.0,162.98886875046918,654.3305459518474,0.0,184.7088412083607,654.3305459518474,0.0,247.39517385982964,654.3305459518474,0.0,232.6144307705696,654.3305459518474,0.0,244.25077567668254,654.3305459518474,0.0,192.0087354972119,654.3305459518474
0.0,135.47315799739852,654.3305459518474,0.0,135.07734095993442,654.3305459518474,0.0,199.16211647580963,654.3305459518474,0.0,180.6628499572673,654.3305459518474,0.0,190.20404848089106,654.3305459518474,0.0,157.9888326649853,654.3305459518474
0.0,98.94285934819806,653.2734053000454,0.0,71.95146837770488,626.2820143295523,0.0,130.6080626852594,654.3305459518474,0.0,108.4909500384605,654.3305459518474,0.0,119.94015918231739,654.3305459518474,0.0,88.67183925663049,643.0023852084779
0.0,57.34293129496528,654.3305459518474,0.0,22.397065849968786,644.1996670095274,0.0,55.545136445283134,654.3305459518474,0.0,42.29945560318739,654.3305459518474,0.0,61.048736764880545,654.3305459518474,0.0,34.12172555571052,654.3305459518474
0.0,49.99252062661615,654.3305459518474,0.0,18.856317442402368,654.3305459518474,0.0,40.447964884165565,654.3305459518474,0.0,30.787012120465597,654.3305459518474,0.0,55.46318062533782,654.3305459518474,0.0,30.437821056717404,654.3305459518474
0.0,48.53755786099868,654.3305459518474,0.0,23.337602760504165,654.3305459518474,0.0,37.07245126793305,654.3305459518474,0.0,29.390247865472826,654.3305459518474,0.0,54.76479849784145,654.3305459518474,0.0,30.96160765233969,654.3305459518474
0.0,46.84980105288243,654.3305459518474,0.0,27.41149850423307,654.3305459518474,0.0,33.23134956670293,654.3305459518474,0.0,27.353299993608367,654.3305459518474,0.0,54.00821785972036,654.3305459518474,0.0,32.59116594983125,654.3305459518474
0.0,44.69645615976857,654.3305459518474,0.0,27.00410892986018,654.3305459518474,0.0,31.834585311710175,654.3305459518474,0.0,24.967161057995725,654.3305459518474,0.0,53.30983573222398,654.3305459518474,0.0,34.104327226073416,654.3305459518474
0.0,41.72833211790894,654.3305459518474,0.0,25.374550632368617,654.3305459518474,0.0,31.136203184213784,654.3305459518474,0.0,20.835066803642118,654.3305459518474,0.0,52.2040640303547,654.3305459518474,0.0,41.90292764978304,654.3305459518474
0.0,38.87660509729871,654.3305459518474,0.0,24.152381909249943,654.3305459518474,0.0,29.15745382297403,654.3305459518474,0.0,16.237384464290926,654.3305459518474,0.0,50.98189530723602,654.3305459518474,0.0,49.17774147787037,654.3305459518474
0.0,36.665061693560155,654.3305459518474,0.0,20.485875739893928,654.3305459518474,0.0,26.596719355487288,654.3305459518474,0.0,14.433230634925268,654.3305459518474,0.0,49.11954296724567,654.3305459518474,0.0,47.7227787122529,654.3305459518474
0.0,33.23134956670293,654.3305459518474,0.0,17.3431561661602,654.3305459518474,0.0,23.51219829237826,654.3305459518474,0.0,12.978267869307802,654.3305459518474,0.0,48.07196977600109,654.3305459518474,0.0,40.21517084166677,654.3305459518474
0.0,29.15745382297403,654.3305459518474,0.0,15.364406804920447,654.3305459518474,0.0,24.501572972998137,654.3305459518474,0.0,10.592128933695157,654.3305459518474,0.0,47.37358764850471,654.3305459518474,0.0,31.36899722671258,654.3305459518474
0.0,26.65491786611199,654.3305459518474,0.0,14.607826166799367,654.3305459518474,0.0,28.051682121104758,654.3305459518474,0.0,8.089592976833115,654.3305459518474,0.0,46.15141892538605,654.3305459518474,0.0,25.374550632368617,654.3305459518474
0.0,25.025359568620424,654.3305459518474,0.0,15.655399358043942,654.3305459518474,0.0,31.136203184213784,654.3305459518474,0.0,6.867424253714441,654.3305459518474,0.0,44.58005913851918,654.3305459518474,0.0,22.63922063300778,654.3305459518474
0.0,21.940838505511394,654.3305459518474,0.0,16.295582974915625,654.3305459518474,0.0,33.638739141075824,654.3305459518474,0.0,6.634630211215648,654.3305459518474,0.0,45.336639776640254,654.3305459518474,0.0,23.977786377375846,654.3305459518474
0.0,18.73992042115297,654.3305459518474,0.0,15.829994889918037,654.3305459518474,0.0,35.67568701294028,654.3305459518474,0.0,7.216615317462634,654.3305459518474,0.0,45.27844126601556,654.3305459518474,0.0,27.877086589230657,654.3305459518474
0.0,56.483027052931924,654.3305459518474,0.0,33.24106576521325,654.3305459518474,0.0,70.52758959456469,654.3305459518474,0.0,60.25824811241055,654.3305459518474,0.0,83.86776648698769,654.3305459518474,0.0,72.41369924387566,654.3305459518474
0.0,116.49444001203337,654.3305459518474,0.0,90.56112839578321,654.3305459518474,0.0,113.79319575600653,654.3305459518474,0.0,130.11792732645307,654.3305459518474,0.0,143.8445605158,654.3305459518474,0.0,147.25169130146497,654.3305459518474
0.0,140.67861681970084,654.3305459518474,0.0,152.22249974287,654.3305459518474,0.0,124.4027230193388,654.3305459518474,0.0,179.17680320917253,654.3305459518474,0.0,194.50941511567547,654.3305459518474,0.0,208.05580470940498,654.3305459518474
0.0,192.6962560037397,654.3305459518474,0.0,206.97546892626974,654.3305459518474,0.0,150.04972245273552,654.3305459518474,0.0,204.80022306223373,654.3305459518474,0.0,192.20505427102307,654.3305459518474,0.0,253.6824693456956,654.3305459518474
0.0,195.6707390252829,654.3305459518474,0.0,237.02833456649157,654.3305459518474,0.0,175.82883862760542,654.3305459518474,0.0,240.16655149894024,654.3305459518474,0.0,245.39770301750949,654.3305459518474,0.0,281.76912585505954,654.3305459518474
0.0,225.62610685432074,654.3305459518474,0.0,257.0315793497209,654.3305459518474,0.0,265.1301776091241,654.3305459518474,0.0,241.42651864218982,654.3305459518474,0.0,264.82214218433364,654.3305459518474,0.0,288.6271893682338,654.3305459518474
0.0,230.17980952284262,654.3305459518474,0.0,250.24425457755333,654.3305459518474,0.0,246.08168857622553,654.3305459518474,0.0,178.47374071140607,654.3305459518474,0.0,266.13712834836616,654.3305459518474,0.0,276.66169803089645,654.3305459518474
0.0,201.69830366948761,654.3305459518474,0.0,219.83901838374157,654.3305459518474,0.0,204.1561490395801,654.3305459518474,0.0,116.85166866487849,654.3305459518474,0.0,234.47510450114655,654.3305459518474,0.0,246.0740064450987,654.3305459518474
0.0,155.1262440234065,654.3305459518474,0.0,172.9838260446488,654.3305459518474,0.0,185.21619716781902,654.3305459518474,0.0,93.92427951061885,648.2548254624662,0.0,190.39304058154556,654.3305459518474,0.0,196.23965071419272,654.3305459518474
0.0,84.6106614722686,638.941207424116,0.0,100.2220811594832,654.3305459518474,0.0,116.94995644055054,654.3305459518474,0.0,40.05214784670145,588.3069733091677,0.0,114.3611397514432,654.3305459518474,0.0,119.05631990197836,654.3305459518474
0.0,20.63857030084588,654.3305459518474,0.0,30.694372408536804,654.3305459518474,0.0,61.13837471595265,654.3305459518474,0.0,3.1034202731744798,590.7897095277073,0.0,43.06071661157856,654.3305459518474,0.0,52.5549337035163,654.3305459518474
0.0,13.793047018053581,654.3305459518474,0.0,16.58657552803912,654.3305459518474,0.0,56.97634190157999,654.3305459518474,0.0,5.587057019971072,595.2593551436842,0.0,30.787012120465597,654.3305459518474,0.0,45.04564722351677,654.3305459518474
0.0,16.237384464290926,654.3305459518474,0.0,16.761171059913213,654.3305459518474,0.0,56.33615828470831,654.3305459518474,0.0,11.988893188687923,604.8504696946345,0.0,26.247528291739094,654.3305459518474,0.0,44.58005913851918,654.3305459518474
0.0,17.92514127240719,654.3305459518474,0.0,17.459553187409597,654.3305459518474,0.0,55.46318062533782,654.3305459518474,0.0,20.718669782392723,621.4254055205487,0.0,23.686793824252355,654.3305459518474,0.0,43.5906844578993,654.3305459518474
0.0,17.75054574053309,654.3305459518474,0.0,17.92514127240719,654.3305459518474,0.0,54.47380594471795,654.3305459518474,0.0,24.734367015496932,641.2128991329462,0.0,21.358853399264408,654.3305459518474,0.0,42.310317224155924,654.3305459518474
0.0,17.575950208658995,654.3305459518474,0.0,16.470178506789722,654.3305459518474,0.0,53.600828285347475,654.3305459518474,0.0,26.422123823613195,654.3305459518474,0.0,18.914515953027067,654.3305459518474,0.0,38.00362743792823,654.3305459518474
0.0,18.099736804281285,654.3305459518474,0.0,12.16348872056202,654.3305459518474,0.0,52.61145360472759,654.3305459518474,0.0,28.517270206102342,654.3305459518474,0.0,18.099736804281285,654.3305459518474,0.0,34.104327226073416,654.3305459518474
0.0,18.565324889278873,654.3305459518474,0.0,9.13716616807769,654.3305459518474,0.0,52.2622625409794,654.3305459518474,0.0,29.85583595047041,654.3305459518474,0.0,15.364406804920447,654.3305459518474,0.0,32.940357013579444,654.3305459518474
0.0,18.623523399903572,654.3305459518474,0.0,8.031394466208416,654.3305459518474,0.0,52.4368580728535,654.3305459518474,0.0,28.34267467422825,654.3305459518474,0.0,12.861870848058405,654.3305459518474,0.0,33.81333467294992,654.3305459518474
0.0,17.75054574053309,654.3305459518474,0.0,7.100218296213236,654.3305459518474,0.0,53.135240200349884,654.3305459518474,0.0,34.744510842945104,654.3305459518474,0.0,11.639702124939733,654.3305459518474,0.0,34.22072424732281,654.3305459518474
0.0,16.52837701741442,654.3305459518474,0.0,5.9362480837192635,654.3305459518474,0.0,54.47380594471795,654.3305459518474,0.0,41.08814850103725,654.3305459518474,0.0,11.174114039942143,654.3305459518474,0.0,36.665061693560155,654.3305459518474
0.0,15.480803826169845,654.3305459518474,0.0,6.692828721840346,654.3305459518474,0.0,55.754173178461315,654.3305459518474,0.0,39.80778126729388,654.3305459518474,0.0,11.115915529317444,654.3305459518474,0.0,35.79208403418968,654.3305459518474
0.0,14.607826166799367,654.3305459518474,0.0,7.158416806837935,654.3305459518474,0.0,56.33615828470831,654.3305459518474,0.0,39.86597977791859,654.3305459518474,0.0,10.824922976193951,654.3305459518474,0.0,34.569915311071,654.3305459518474
0.0,13.734848507428882,654.3305459518474,0.0,6.867424253714441,654.3305459518474,0.0,56.4525553059577,654.3305459518474,0.0,44.17266956414628,654.3305459518474,0.0,10.47573191244576,654.3305459518474,0.0,33.638739141075824,654.3305459518474
0.0,44.12436498101695,654.3305459518474,0.0,57.694334155082046,654.3305459518474,0.0,72.48726201675395,654.3305459518474,0.0,50.80579889493359,654.3305459518474,0.0,27.945001298365668,654.3305459518474,0.0,52.64792887341521,654.3305459518474
0.0,93.15498091313076,654.3305459518474,0.0,125.13007601338104,654.3305459518474,0.0,108.1524428666958,654.3305459518474,0.0,79.35336311902509,654.3305459518474,0.0,67.88393161365948,654.3305459518474,0.0,84.29891337068119,654.3305459518474
0.0,155.94420266199407,654.3305459518474,0.0,154.69845435853983,654.3305459518474,0.0,140.52856856163547,654.3305459518474,0.0,126.29351303891984,654.3305459518474,0.0,111.15907624462655,654.3305459518474,0.0,114.47285640242251,654.3305459518474
0.0,189.9876850745562,654.3305459518474,0.0,177.50626700170832,654.3305459518474,0.0,171.13983972776873,654.3305459518474,0.0,222.66848897545952,654.3305459518474,0.0,132.63936249338056,654.3305459518474,0.0,129.2522763402393,654.3305459518474
0.0,206.1073493661544,654.3305459518474,0.0,201.89179841142715,654.3305459518474,0.0,187.24846466941338,654.3305459518474,0.0,253.64317004513634,654.3305459518474,0.0,179.95228305735907,654.3305459518474,0.0,142.3171803997625,654.3305459518474
0.0,202.67045774945547,654.3305459518474,0.0,169.86804327007744,654.3305459518474,0.0,198.5784527601492,654.3305459518474,0.0,257.62124658709473,654.3305459518474,0.0,181.3018881516807,654.3305459518474,0.0,136.14645966413104,654.3305459518474
0.0,185.20436785337728,654.3305459518474,0.0,156.4350489367406,654.3305459518474,0.0,205.69606938599958,654.3305459518474,0.0,244.51704322701224,654.3305459518474,0.0,184.87407599969458,654.3305459518474,0.0,126.60490568253714,654.3305459518474
0.0,148.8061859456499,654.3305459518474,0.0,137.1459060012313,654.3305459518474,0.0,190.7356949366252,654.3305459518474,0.0,207.38435938107102,654.3305459518474,0.0,137.5957743660052,654.3305459518474,0.0,126.00402136622469,654.3305459518474
0.0,104.5652462143985,654.3305459518474,0.0,49.94757326231363,604.278119214161,0.0,152.16526892571852,654.3305459518474,0.0,155.85438698193693,654.3305459518474,0.0,92.54791534611988,646.8784612979673,0.0,117.88599070980088,654.3305459518474
0.0,50.93376845309176,605.2643144049391,0.0,20.336716126753842,524.6148353409149,0.0,104.88696729202917,654.3305459518474,0.0,89.78714942802502,644.1176953798724,0.0,43.41980160282212,590.2982629007894,0.0,77.72530570196187,632.0558516538092
0.0,9.116766077583893,612.5577272670063,0.0,0.349191063748192,524.8941881919134,0.0,60.905580673453855,654.3305459518474,0.0,28.5110889554039,654.3305459518474,0.0,5.830890412423468,594.9629752307281,0.0,49.619749982532404,654.3305459518474
0.0,5.005071913724085,616.5617847979855,0.0,0.6401836168716852,525.4063350854108,0.0,56.859944880330595,654.3305459518474,0.0,24.32697744112404,654.3305459518474,0.0,4.190292764978303,598.3152094427107,0.0,49.11954296724567,654.3305459518474
0.0,2.9099255312349332,618.8897252229734,0.0,7.274813828087333,531.2261861478806,0.0,56.510753816582394,654.3305459518474,0.0,24.79256552612163,654.3305459518474,0.0,4.946873403099386,602.2727081651902,0.0,48.362962329124585,654.3305459518474
0.0,0.8147791487457813,619.5415485419701,0.0,20.544074250518626,547.6614455482955,0.0,56.16156275283421,654.3305459518474,0.0,24.210580419874642,654.3305459518474,0.0,6.867424253714441,607.7666475681618,0.0,46.84980105288243,654.3305459518474
0.0,0.0,619.5415485419701,0.0,28.400873184852944,570.3821440961779,0.0,55.92876871033541,654.3305459518474,0.0,22.98841169675597,654.3305459518474,0.0,9.719151274324677,615.5419685876216,0.0,45.220242755390856,654.3305459518474
0.0,0.0,619.5415485419701,0.0,33.17315105607824,596.9206649410404,0.0,54.99759254034023,654.3305459518474,0.0,19.61289808052345,654.3305459518474,0.0,10.533930423070458,623.969112926078,0.0,43.18329488352641,654.3305459518474
0.0,0.0,619.5415485419701,0.0,38.52741403355052,627.7425961678808,0.0,53.89182083847097,654.3305459518474,0.0,16.761171059913213,654.3305459518474,0.0,11.232312550566842,632.9549629665314,0.0,40.56436190541496,654.3305459518474
0.0,0.174595531874096,619.6812249674693,0.0,42.019324671032436,654.3305459518474,0.0,52.727850625976984,654.3305459518474,0.0,13.443855954305391,654.3305459518474,0.0,11.115915529317444,641.8476953899853,0.0,36.95605424668366,654.3305459518474
0.0,0.349191063748192,619.9605778184679,0.0,43.5324859472746,654.3305459518474,0.0,51.389284881608916,654.3305459518474,0.0,12.803672337433706,654.3305459518474,0.0,10.999518508068046,650.6473101964398,0.0,35.09370190669329,654.3305459518474
0.0,0.40738957437289064,620.2864894779661,0.0,46.50060998913423,654.3305459518474,0.0,50.22531466911495,654.3305459518474,0.0,13.85124552867828,654.3305459518474,0.0,13.676649996804183,654.3305459518474,0.0,33.638739141075824,654.3305459518474
0.0,0.7565806381210826,620.891753988463,0.0,48.71215339287278,654.3305459518474,0.0,49.58513105224326,654.3305459518474,0.0,13.909444039302981,654.3305459518474,0.0,17.052163613036708,654.3305459518474,0.0,32.649364460455956,654.3305459518474
0.0,1.8623523399903572,622.3816358604554,0.0,52.90244615785109,654.3305459518474,0.0,49.468734030993865,654.3305459518474,0.0,14.898818719922858,654.3305459518474,0.0,20.136684676145737,654.3305459518474,0.0,30.96160765233969,654.3305459518474
0.0,3.899300211854811,625.5010760299392,0.0,54.29921041284385,654.3305459518474,0.0,47.54818318037881,654.3305459518474,0.0,16.120987443041532,654.3305459518474,0.0,23.86138935612645,654.3305459518474,0.0,28.750064248601138,654.3305459518474
0.0,5.645255530595771,630.0172804544159,0.0,56.2779597740836,654.3305459518474,0.0,45.45303679788965,654.3305459518474,0.0,15.306208294295748,654.3305459518474,0.0,27.17870446173428,654.3305459518474,0.0,26.48032233423789,654.3305459518474
0.0,61.31368116376697,654.3305459518474,0.0,87.80468738998835,654.3305459518474,0.0,73.30539838432654,654.3305459518474,0.0,23.004309145964726,652.3348550978121,0.0,30.952246911799488,654.3305459518474,0.0,52.563149021598264,654.3305459518474
0.0,141.2905404859669,654.3305459518474,0.0,109.8905383253249,654.3305459518474,0.0,124.01441038401641,654.3305459518474,0.0,58.48235423365053,654.3305459518474,0.0,40.589797824148974,654.3305459518474,0.0,107.23283923360938,654.3305459518474
0.0,205.7721994132165,654.3305459518474,0.0,154.27145465816125,654.3305459518474,0.0,156.94426123459743,654.3305459518474,0.0,95.11333018387671,649.4438761357242,0.0,55.0028060975655,609.333352049413,0.0,149.65390541527145,654.3305459518474
0.0,244.98598853083666,654.3305459518474,0.0,207.11959271116962,654.3305459518474,0.0,228.30138200465842,654.3305459518474,0.0,96.08698514427289,645.530861279997,0.0,62.0450036121391,571.3783556615521,0.0,164.18649019977912,654.3305459518474
0.0,261.849693230174,654.3305459518474,0.0,243.8669656826452,654.3305459518474,0.0,226.20941511201102,654.3305459518474,0.0,145.68068697256822,654.3305459518474,0.0,70.41004715085705,541.7884028124091,0.0,210.38577920177647,654.3305459518474
0.0,260.73924115803464,654.3305459518474,0.0,219.4578546925908,654.3305459518474,0.0,238.08844798811808,654.3305459518474,0.0,140.39398324626086,654.3305459518474,0.0,80.10579657383124,521.8941993862404,0.0,204.10184093473734,654.3305459518474
0.0,243.62552181554642,654.3305459518474,0.0,159.8412910774803,654.3305459518474,0.0,206.63413772263343,654.3305459518474,0.0,181.02025633909741,654.3305459518474,0.0,81.46644101810652,503.36064040434695,0.0,209.2060892690588,654.3305459518474
0.0,209.3020861998144,654.3305459518474,0.0,105.95343969333918,654.3305459518474,0.0,184.47754804629022,654.3305459518474,0.0,148.04324632784534,654.3305459518474,0.0,63.452984946070515,466.81362535041745,0.0,194.69558318445834,654.3305459518474
0.0,156.2290139644191,654.3305459518474,0.0,71.96347542113166,626.294021372979,0.0,129.98413197556658,654.3305459518474,0.0,139.16863503330043,654.3305459518474,0.0,39.42768395005346,406.2413093004709,0.0,144.64415313127725,654.3305459518474
0.0,84.9882902156075,639.318836167455,0.0,85.4232288246458,611.7172501976248,0.0,76.25515640307589,630.5857023549233,0.0,52.12131824592128,606.4518641977687,0.0,15.701235367271748,321.94254466774265,0.0,69.85800060462913,624.1885465564765
0.0,15.361405044063753,651.607960202706,0.0,61.0880360654398,654.3305459518474,0.0,13.434495213765196,641.3332985259354,0.0,10.777763815522853,615.074075250187,0.0,0.0,321.94254466774265,0.0,11.215091949914797,633.1606201164083
0.0,4.597682339351194,654.3305459518474,0.0,57.441929986577584,654.3305459518474,0.0,8.555181061830703,648.1774433754,0.0,10.417533401821059,623.4081019716439,0.0,0.05819851062469866,321.9891034762424,0.0,5.8198510624698665,637.8165009663842
0.0,3.550109148106618,654.3305459518474,0.0,57.15093743345409,654.3305459518474,0.0,7.798600423709622,654.3305459518474,0.0,11.34870957181624,632.4870696290968,0.0,0.2909925531234933,322.2218975187412,0.0,4.830476381849989,641.6808820718642
0.0,5.587057019971072,654.3305459518474,0.0,56.6271508378318,654.3305459518474,0.0,5.528858509346373,654.3305459518474,0.0,11.697900635564432,641.8453901375484,0.0,0.8147791487457813,322.8737208377378,0.0,3.4337121268572206,644.42785177335
0.0,6.98382127496384,654.3305459518474,0.0,55.695974667836616,654.3305459518474,0.0,2.9099255312349332,654.3305459518474,0.0,12.279885741811418,651.6692987309975,0.0,1.396764254992768,323.991132241732,0.0,2.3861389356126455,646.3367629218401
0.0,4.888674892474688,654.3305459518474,0.0,54.41560743409325,654.3305459518474,0.0,0.9893746806198773,654.3305459518474,0.0,11.465106593065636,654.3305459518474,0.0,1.4549627656174666,325.1551024542259,0.0,1.6295582974915626,647.6404095598333
0.0,3.317315105607824,654.3305459518474,0.0,52.14586551973,654.3305459518474,0.0,0.2909925531234933,654.3305459518474,0.0,10.708525954944554,654.3305459518474,0.0,1.4549627656174666,326.3190726667199,0.0,1.8623523399903572,649.1302914318256
0.0,2.444337446237344,654.3305459518474,0.0,49.35233700974447,654.3305459518474,0.0,0.23279404249879465,654.3305459518474,0.0,9.95194531682347,654.3305459518474,0.0,1.4549627656174666,327.4830428792138,0.0,2.6771314887361384,651.2719966228145
0.0,2.15334489311385,654.3305459518474,0.0,47.315389137880004,654.3305459518474,0.0,0.4655880849975893,654.3305459518474,0.0,10.126540848697566,654.3305459518474,0.0,1.3385657443680692,328.55389547470827,0.0,4.015697233104208,654.3305459518474
0.0,2.269741914363248,654.3305459518474,0.0,46.79160254225773,654.3305459518474,0.0,1.396764254992768,654.3305459518474,0.0,9.719151274324677,654.3305459518474,0.0,1.74595531874096,329.95065972970104,0.0,5.8198510624698665,654.3305459518474
0.0,3.7247046799807144,654.3305459518474,0.0,48.130168286625796,654.3305459518474,0.0,2.9681240418596317,654.3305459518474,0.0,8.496982551206004,654.3305459518474,0.0,2.9681240418596317,332.32515896318876,0.0,7.565806381210827,654.3305459518474
0.0,6.692828721840346,654.3305459518474,0.0,48.944947435371574,654.3305459518474,0.0,4.073895743728906,654.3305459518474,0.0,7.39121084933673,654.3305459518474,0.0,4.597682339351194,336.00330483466973,0.0,7.39121084933673,654.3305459518474
0.0,12.105290209937321,654.3305459518474,0.0,49.643329562867955,654.3305459518474,0.0,5.412461488096976,654.3305459518474,0.0,5.761652551845168,654.3305459518474,0.0,5.878049573094565,340.7057444931454,0.0,7.042019785588539,654.3305459518474
0.0,17.459553187409597,654.3305459518474,0.0,48.71215339287278,654.3305459518474,0.0,6.867424253714441,654.3305459518474,0.0,4.132094254353605,654.3305459518474,0.0,9.020769146828293,347.92235981060804,0.0,7.158416806837935,654.3305459518474
0.0,43.76245595790176,654.3305459518474,0.0,89.23306881441357,654.3305459518474,0.0,21.21119466655267,650.5417406184001,0.0,31.422870825037293,654.3305459518474,0.0,36.93433100474657,357.4698246144053,0.0,43.490540343828776,654.3305459518474
0.0,58.88020533849817,654.3305459518474,0.0,159.77223094588706,654.3305459518474,0.0,47.874327850746624,654.3305459518474,0.0,84.58876050134646,654.3305459518474,0.0,96.09784676524144,414.34810202659844,0.0,113.905445593941,654.3305459518474
0.0,72.8811436672717,627.211689619119,0.0,219.70804706472666,654.3305459518474,0.0,91.51120377584384,645.8417497276912,0.0,130.8509283842386,654.3305459518474,0.0,163.33055541207563,465.01254635625895,0.0,180.43041137273863,654.3305459518474
0.0,83.02676145501978,610.2384510741389,0.0,249.38496257102304,654.3305459518474,0.0,176.80938575464026,654.3305459518474,0.0,178.62943703321469,654.3305459518474,0.0,201.8253845827205,546.4728540224353,0.0,221.8557438940973,654.3305459518474
0.0,76.92845806980837,587.1669091439472,0.0,261.54076916045824,654.3305459518474,0.0,123.62309598783732,654.3305459518474,0.0,178.0899307173687,654.3305459518474,0.0,225.31903912300342,646.7280853208381,0.0,222.77120034386877,654.3305459518474
0.0,80.25213215509969,567.419041299047,0.0,250.36965688137278,654.3305459518474,0.0,121.1315993809289,654.3305459518474,0.0,203.49945573799658,654.3305459518474,0.0,226.34621222375418,654.3305459518474,0.0,235.06698353488892,654.3305459518474
0.0,130.06290830567013,591.469367943583,0.0,195.5317301171711,654.3305459518474,0.0,166.91563894844148,654.3305459518474,0.0,187.44902930697663,654.3305459518474,0.0,213.7201371790513,654.3305459518474,0.0,221.0881239060226,654.3305459518474
0.0,168.05134921032982,645.910447311847,0.0,137.33868982723064,654.3305459518474,0.0,90.29071366213857,644.621259613986,0.0,162.81498413453528,654.3305459518474,0.0,177.44153178241504,654.3305459518474,0.0,157.7908352817607,654.3305459518474
0.0,128.34053256726472,654.3305459518474,0.0,106.56068298933513,654.3305459518474,0.0,102.57545750320514,646.6816256165501,0.0,124.24455812362862,654.3305459518474,0.0,128.99140007611987,654.3305459518474,0.0,117.07960460812214,654.3305459518474
0.0,63.20447118334803,617.5350171351954,0.0,73.75040864984527,628.0809546016926,0.0,62.21023840347301,608.8918640200231,0.0,65.53559109817773,619.8661370500251,0.0,61.453480036366855,615.7840259882142,0.0,64.18898776471276,618.5195337165602
0.0,5.985085853803765,622.3230858182384,0.0,52.14586551973,654.3305459518474,0.0,19.534299479404957,624.5193036035471,0.0,8.9328098051696,627.0123848941608,0.0,18.983753813605365,630.9710290390985,0.0,16.65113301834732,631.8404401312381
0.0,1.920550850615056,623.8595264987305,0.0,51.50568190285831,654.3305459518474,0.0,24.443374462373438,644.0740031734458,0.0,0.40738957437289064,627.3382965536591,0.0,16.295582974915625,644.007495419031,0.0,14.025841060552379,643.06111297968
0.0,2.5025359568620424,625.8615552642201,0.0,48.65395488224808,654.3305459518474,0.0,29.681240418596317,654.3305459518474,0.0,0.87297765937048,628.0366786811555,0.0,16.295582974915625,654.3305459518474,0.0,16.411979996165023,654.3305459518474
0.0,3.084521063109029,628.3291721147074,0.0,45.220242755390856,654.3305459518474,0.0,30.437821056717404,654.3305459518474,0.0,1.4549627656174666,629.2006488936495,0.0,16.52837701741442,654.3305459518474,0.0,17.110362123661407,654.3305459518474
0.0,3.3755136162325226,631.0295830076934,0.0,40.273369352291475,654.3305459518474,0.0,27.41149850423307,654.3305459518474,0.0,2.3279404249879465,631.0630012336399,0.0,17.052163613036708,654.3305459518474,0.0,15.24800978367105,654.3305459518474
0.0,3.6665061693560155,633.9627879431782,0.0,33.114952545453534,654.3305459518474,0.0,25.84013871736621,654.3305459518474,0.0,3.2009180843584266,633.6237357011266,0.0,17.92514127240719,654.3305459518474,0.0,14.025841060552379,654.3305459518474
0.0,4.423086807477099,637.50125738916,0.0,27.41149850423307,654.3305459518474,0.0,23.686793824252355,654.3305459518474,0.0,4.073895743728906,636.8828522961097,0.0,17.459553187409597,654.3305459518474,0.0,14.142238081801773,654.3305459518474
0.0,5.761652551845168,642.1105794306361,0.0,22.813816164881878,654.3305459518474,0.0,21.7662429736373,654.3305459518474,0.0,4.830476381849989,640.7472334015897,0.0,17.2267591449108,654.3305459518474,0.0,14.258635103051171,654.3305459518474
0.0,6.98382127496384,647.6976364506072,0.0,20.835066803642118,654.3305459518474,0.0,24.617969994247535,654.3305459518474,0.0,5.412461488096976,645.0772025920672,0.0,16.819369570537912,654.3305459518474,0.0,14.840620209298159,654.3305459518474
0.0,8.438784040581305,654.3305459518474,0.0,20.136684676145737,654.3305459518474,0.0,34.4535182898216,654.3305459518474,0.0,5.761652551845168,649.6865246335434,0.0,14.72422318804876,654.3305459518474,0.0,15.18981127304635,654.3305459518474
0.0,10.533930423070458,654.3305459518474,0.0,19.67109659114815,654.3305459518474,0.0,42.54311126665472,654.3305459518474,0.0,5.9362480837192635,654.3305459518474,0.0,12.62907680555961,654.3305459518474,0.0,14.840620209298159,654.3305459518474
0.0,14.433230634925268,654.3305459518474,0.0,19.20550850615056,654.3305459518474,0.0,46.67520552100833,654.3305459518474,0.0,7.85679893433432,654.3305459518474,0.0,11.174114039942143,654.3305459518474,0.0,14.025841060552379,654.3305459518474
0.0,20.136684676145737,654.3305459518474,0.0,18.216133825530683,654.3305459518474,0.0,49.17774147787037,654.3305459518474,0.0,10.068342338072869,654.3305459518474,0.0,11.34870957181624,654.3305459518474,0.0,13.211061911806597,654.3305459518474
0.0,24.210580419874642,654.3305459518474,0.0,16.295582974915625,654.3305459518474,0.0,52.727850625976984,654.3305459518474,0.0,9.60275425307528,654.3305459518474,0.0,12.279885741811418,654.3305459518474,0.0,12.803672337433706,654.3305459518474
0.0,53.03341747686595,654.3305459518474,0.0,25.673580774589013,654.3305459518474,0.0,73.72364957966798,654.3305459518474,0.0,59.50634784455956,654.3305459518474,0.0,53.181431667547805,654.3305459518474,0.0,43.72483526675591,654.3305459518474
0.0,113.23196619822343,654.3305459518474,0.0,53.12641264676485,654.3305459518474,0.0,115.84268385825293,654.3305459518474,0.0,109.77017184974564,654.3305459518474,0.0,116.57153773272353,654.3305459518474,0.0,111.32731279681714,654.3305459518474
0.0,183.0317682922279,654.3305459518474,0.0,93.07320282217051,647.4037487740179,0.0,191.95954226915725,654.3305459518474,0.0,119.17960908986643,654.3305459518474,0.0,166.33347611320946,654.3305459518474,0.0,160.78571839379762,654.3305459518474
0.0,226.86213895926466,654.3305459518474,0.0,142.79434102166886,654.3305459518474,0.0,281.31907976130066,654.3305459518474,0.0,113.93538415396004,654.3305459518474,0.0,218.1512615756253,654.3305459518474,0.0,206.8418513043683,654.3305459518474
0.0,255.48362141420458,654.3305459518474,0.0,174.16537231576493,654.3305459518474,0.0,302.89686382123864,654.3305459518474,0.0,132.66612156355788,654.3305459518474,0.0,241.16828868095703,654.3305459518474,0.0,222.8372587146053,654.3305459518474
0.0,259.2304047940925,654.3305459518474,0.0,200.25755974366547,654.3305459518474,0.0,304.2779083560077,654.3305459518474,0.0,177.5126259813918,654.3305459518474,0.0,243.5922260367006,654.3305459518474,0.0,220.69963354171512,654.3305459518474
0.0,241.91215135971112,654.3305459518474,0.0,190.2693168871395,654.3305459518474,0.0,283.7052186969133,654.3305459518474,0.0,202.76327519036928,654.3305459518474,0.0,242.39831726418757,654.3305459518474,0.0,208.9040573659817,654.3305459518474
0.0,197.0357083818581,654.3305459518474,0.0,123.86860798970311,654.3305459518474,0.0,229.1582844858351,654.3305459518474,0.0,187.2555345650371,654.3305459518474,0.0,218.19992161672477,654.3305459518474,0.0,178.80871293535887,654.3305459518474
0.0,147.93903407900777,654.3305459518474,0.0,83.95643674458663,638.286982696434,0.0,134.31854852544475,654.3305459518474,0.0,135.1750165001034,654.3305459518474,0.0,172.54649791025687,654.3305459518474,0.0,129.8316151435997,654.3305459518474
0.0,90.75894805002275,645.0894940018702,0.0,35.78625824146135,574.0732409378954,0.0,106.82173698243957,654.3305459518474,0.0,55.30351484919932,609.6340608010468,0.0,100.06320534783279,654.3305459518474,0.0,67.52688068979943,621.8574266416468
0.0,42.363835364510535,654.3305459518474,0.0,3.06880134288533,576.5282820122037,0.0,56.44001507557576,654.3305459518474,0.0,3.561148498060219,612.4829795994949,0.0,33.33370547714204,654.3305459518474,0.0,10.326394570320616,630.1185422979033
0.0,41.78653062853363,654.3305459518474,0.0,0.2909925531234933,576.7610760547025,0.0,50.98189530723602,654.3305459518474,0.0,3.4337121268572206,615.2299493009807,0.0,29.27385084422343,654.3305459518474,0.0,3.550109148106618,632.9586296163886
0.0,44.17266956414628,654.3305459518474,0.0,0.0,576.7610760547025,0.0,49.11954296724567,654.3305459518474,0.0,6.460034679341552,620.3979770444539,0.0,29.681240418596317,654.3305459518474,0.0,3.7247046799807144,635.9383933603732
0.0,44.69645615976857,654.3305459518474,0.0,0.0,576.7610760547025,0.0,47.02439658475652,654.3305459518474,0.0,7.85679893433432,626.6834161919213,0.0,30.96160765233969,654.3305459518474,0.0,3.259116594983125,638.5456866363597
0.0,44.58005913851918,654.3305459518474,0.0,0.0,576.7610760547025,0.0,45.860426372262545,654.3305459518474,0.0,8.26418850870721,633.2947669988871,0.0,33.98793020482402,654.3305459518474,0.0,2.444337446237344,640.5011565933496
0.0,43.4160889260252,654.3305459518474,0.0,0.174595531874096,576.9007524802017,0.0,45.103845734141466,654.3305459518474,0.0,9.544555742450582,640.9304115928476,0.0,33.75513616232522,654.3305459518474,0.0,1.8041538293656585,641.9444796568421
0.0,41.495538075410145,654.3305459518474,0.0,1.920550850615056,578.4371931606938,0.0,45.220242755390856,654.3305459518474,0.0,9.719151274324677,648.7057326123073,0.0,26.65491786611199,654.3305459518474,0.0,1.8623523399903572,643.4343615288344
0.0,39.516788714170396,654.3305459518474,0.0,6.227240636842756,583.418985670168,0.0,45.685830840388455,654.3305459518474,0.0,7.798600423709622,654.3305459518474,0.0,18.099736804281285,654.3305459518474,0.0,2.61893297811144,645.5295079113235
0.0,39.57498722479509,654.3305459518474,0.0,9.253563189327087,590.8218362216297,0.0,45.860426372262545,654.3305459518474,0.0,6.634630211215648,654.3305459518474,0.0,17.75054574053309,654.3305459518474,0.0,3.7247046799807144,648.5092716553081
0.0,40.447964884165565,654.3305459518474,0.0,9.020769146828293,598.0384515390923,0.0,45.220242755390856,654.3305459518474,0.0,7.042019785588539,654.3305459518474,0.0,21.009662335516218,654.3305459518474,0.0,4.772277871225291,652.3270939522884
0.0,41.78653062853363,654.3305459518474,0.0,8.496982551206004,604.8360375800571,0.0,44.81285318101797,654.3305459518474,0.0,8.380585529956607,654.3305459518474,0.0,19.089111484901164,654.3305459518474,0.0,5.23786595622288,654.3305459518474
0.0,43.4160889260252,654.3305459518474,0.0,9.078967657452992,612.0992117060196,0.0,43.88167701102279,654.3305459518474,0.0,9.253563189327087,654.3305459518474,0.0,14.840620209298159,654.3305459518474,0.0,5.179667445598181,654.3305459518474
0.0,44.114471053521584,654.3305459518474,0.0,9.60275425307528,619.7814151084798,0.0,43.357890415400504,654.3305459518474,0.0,9.719151274324677,654.3305459518474,0.0,11.81429765681383,654.3305459518474,0.0,5.005071913724085,654.3305459518474
0.0,44.23086807477098,654.3305459518474,0.0,9.428158721201184,627.3239420854408,0.0,44.638257649143874,654.3305459518474,0.0,11.174114039942143,654.3305459518474,0.0,16.120987443041532,654.3305459518474,0.0,5.179667445598181,654.3305459518474
0.0,82.71951599471743,654.3305459518474,0.0,23.216703097969724,625.5406451834104,0.0,90.76830879056294,654.3305459518474,0.0,21.62794498146576,650.9584909333132,0.0,32.59920353892815,654.3305459518474,0.0,47.795729249628124,654.3305459518474
0.0,151.5363023877855,654.3305459518474,0.0,59.400990173263764,653.0614373220214,0.0,167.8666820219753,654.3305459518474,0.0,42.1078171996463,654.3305459518474,0.0,53.42040696074504,654.3305459518474,0.0,115.54136287111606,654.3305459518474
0.0,212.54494988761866,654.3305459518474,0.0,104.14999677991376,654.3305459518474,0.0,232.27442271837657,654.3305459518474,0.0,53.181431667547805,607.5119776193952,0.0,170.46557036756306,654.3305459518474,0.0,173.34273330690732,654.3305459518474
0.0,248.04657455564,654.3305459518474,0.0,124.5449114172923,654.3305459518474,0.0,271.8735227104624,654.3305459518474,0.0,56.695421004936925,564.2073986243322,0.0,162.22478371020634,654.3305459518474,0.0,214.0854034209933,654.3305459518474
0.0,266.67195429394206,654.3305459518474,0.0,214.43927485501158,654.3305459518474,0.0,291.36084075818127,654.3305459518474,0.0,69.0336829863581,533.2410816106903,0.0,106.34396412503014,654.3305459518474,0.0,232.28449437485702,654.3305459518474
0.0,273.7470921293914,654.3305459518474,0.0,246.26485488415165,654.3305459518474,0.0,285.9891794510719,654.3305459518474,0.0,102.5077205230552,535.2472580291345,0.0,119.57410297588726,654.3305459518474,0.0,236.31441044775656,654.3305459518474
0.0,264.18195856746195,654.3305459518474,0.0,228.38351555358878,654.3305459518474,0.0,262.9768327160103,654.3305459518474,0.0,129.95737290538926,559.2131563534459,0.0,85.14999005912952,639.480536010977,0.0,231.63645089787346,654.3305459518474
0.0,224.79993289765125,654.3305459518474,0.0,194.52098765258424,654.3305459518474,0.0,221.16769020061423,654.3305459518474,0.0,120.5385749247283,575.6440162932286,0.0,82.229025177941,621.709561188918,0.0,197.78646322725083,654.3305459518474
0.0,155.22974535630385,654.3305459518474,0.0,129.67123845152094,654.3305459518474,0.0,173.59839601380142,654.3305459518474,0.0,84.72087724281955,560.3648935360482,0.0,67.72319946361063,589.4327606525286,0.0,143.98824979418185,654.3305459518474
0.0,82.33588372966514,636.6664296815126,0.0,43.06593016880383,597.3964761206512,0.0,97.90782638733542,652.2383723391828,0.0,36.82129120232398,497.18618473837216,0.0,44.12568813246024,533.5584487849889,0.0,72.28193796037269,626.6124839122201
0.0,33.358785937905935,654.3305459518474,0.0,0.6826624072726847,597.9426060464693,0.0,53.495470614051676,654.3305459518474,0.0,0.5741252461351369,497.64548493528025,0.0,33.638739141075824,560.4694400978495,0.0,9.884386065658576,634.519992764747
0.0,30.437821056717404,654.3305459518474,0.0,0.05819851062469866,597.9891648549691,0.0,49.87612360536675,654.3305459518474,0.0,0.8147791487457813,498.29730825427686,0.0,34.802709353569796,588.3116075807054,0.0,4.015697233104208,637.7325505512304
0.0,30.612416588591497,654.3305459518474,0.0,0.05819851062469866,598.0357236634688,0.0,49.99252062661615,654.3305459518474,0.0,2.0951463824891516,499.97342536026815,0.0,30.5542180779668,612.7549820430788,0.0,2.9099255312349332,640.0604909762183
0.0,27.93528509985536,654.3305459518474,0.0,0.6401836168716852,598.5478705569662,0.0,49.41053552036916,654.3305459518474,0.0,2.9681240418596317,502.34792459375586,0.0,24.035984888000545,631.9837699534793,0.0,1.396764254992768,641.1779023802125
0.0,25.374550632368617,654.3305459518474,0.0,4.3066897862277,601.9932223859485,0.0,48.886748924746875,654.3305459518474,0.0,3.2009180843584266,504.9086590612426,0.0,19.147309995525863,647.3016179499,0.0,0.6401836168716852,641.6900492737099
0.0,21.940838505511394,654.3305459518474,0.0,10.592128933695157,610.4669255329046,0.0,48.82855041412218,654.3305459518474,0.0,3.317315105607824,507.5625111457288,0.0,14.840620209298159,654.3305459518474,0.0,0.698382127496384,642.248754975707
0.0,18.73992042115297,654.3305459518474,0.0,12.978267869307802,620.8495398283509,0.0,48.71215339287278,654.3305459518474,0.0,3.3755136162325226,510.26292203871486,0.0,12.57087829493491,654.3305459518474,0.0,1.3385657443680692,643.3196075712015
0.0,14.840620209298159,654.3305459518474,0.0,11.81429765681383,630.300977953802,0.0,48.130168286625796,654.3305459518474,0.0,2.8517270206102348,512.5443036552031,0.0,10.708525954944554,654.3305459518474,0.0,2.3861389356126455,645.2285187196916
0.0,10.88312148681865,654.3305459518474,0.0,11.174114039942143,639.2402691857557,0.0,45.45303679788965,654.3305459518474,0.0,2.269741914363248,514.3600971866937,0.0,5.761652551845168,654.3305459518474,0.0,3.9574987224795093,648.3945176976752
0.0,8.205989998082512,654.3305459518474,0.0,10.708525954944554,647.8070899497113,0.0,43.12509637290171,654.3305459518474,0.0,1.9787493612397546,515.9430966756855,0.0,2.15334489311385,654.3305459518474,0.0,6.227240636842756,653.3763102071493
0.0,7.158416806837935,654.3305459518474,0.0,9.893746806198772,654.3305459518474,0.0,41.32094254353605,654.3305459518474,0.0,1.5131612762421651,517.1536256966792,0.0,1.2803672337433705,654.3305459518474,0.0,8.555181061830703,654.3305459518474
0.0,6.343637658092154,654.3305459518474,0.0,9.777349784949376,654.3305459518474,0.0,36.78145871480955,654.3305459518474,0.0,1.1057717018692748,518.0382430581747,0.0,3.841101701230112,654.3305459518474,0.0,10.359334891196362,654.3305459518474
0.0,5.9362480837192635,654.3305459518474,0.0,9.369960210576485,654.3305459518474,0.0,31.019806162964386,654.3305459518474,0.0,0.8147791487457813,518.6900663771713,0.0,18.565324889278873,654.3305459518474,0.0,11.581503614315034,654.3305459518474
0.0,5.878049573094565,654.3305459518474,0.0,7.9731959555837175,654.3305459518474,0.0,26.1893297811144,654.3305459518474,0.0,0.8147791487457813,519.341889696168,0.0,42.193920202906526,654.3305459518474,0.0,12.454481273685513,654.3305459518474
0.0,48.835442580760855,654.3305459518474,0.0,18.872214891611122,648.2027608434585,0.0,37.2693032286994,654.3305459518474,0.0,33.4740375366971,526.1211197255257,0.0,53.237596110788985,654.3305459518474,0.0,55.8145834854546,654.3305459518474
0.0,116.19726620821145,654.3305459518474,0.0,56.18117287883988,654.3305459518474,0.0,67.63841961179367,654.3305459518474,0.0,101.60816152249247,587.4076489435197,0.0,76.50013521798651,654.3305459518474,0.0,128.25707586689106,654.3305459518474
0.0,173.56766748929425,654.3305459518474,0.0,105.24322825140109,654.3305459518474,0.0,120.62185389611687,654.3305459518474,0.0,166.9109585781714,640.9364158060569,0.0,120.65143699816582,654.3305459518474,0.0,189.77847061239297,654.3305459518474
0.0,215.72600106843848,654.3305459518474,0.0,108.32306894424002,654.3305459518474,0.0,138.63848945799464,654.3305459518474,0.0,218.45197032725912,654.3305459518474,0.0,179.31942611364406,654.3305459518474,0.0,227.96508662926232,654.3305459518474
0.0,240.08477340798,654.3305459518474,0.0,136.8517339582661,654.3305459518474,0.0,145.20873990788715,654.3305459518474,0.0,239.95583615634868,654.3305459518474,0.0,206.751680166341,654.3305459518474,0.0,246.89717864091148,654.3305459518474
0.0,246.88463841052956,654.3305459518474,0.0,139.4817062863311,654.3305459518474,0.0,172.78264917158248,654.3305459518474,0.0,242.7446842960641,654.3305459518474,0.0,207.5397002449095,654.3305459518474,0.0,247.2888484950607,654.3305459518474
0.0,237.04891238597043,654.3305459518474,0.0,108.96007307126996,654.3305459518474,0.0,185.86963193101286,654.3305459518474,0.0,227.5593756643028,654.3305459518474,0.0,230.2311158668286,654.3305459518474,0.0,230.69573625835304,654.3305459518474
0.0,208.07973974771068,654.3305459518474,0.0,69.17533819735644,623.5058841492039,0.0,160.74323960339663,654.3305459518474,0.0,194.51630728231413,654.3305459518474,0.0,195.5285506273293,654.3305459518474,0.0,188.19289198573074,654.3305459518474
0.0,160.64406318279927,654.3305459518474,0.0,52.33689168776802,575.8427758369719,0.0,127.08356718487185,654.3305459518474,0.0,141.8081458308907,654.3305459518474,0.0,155.79097491408692,654.3305459518474,0.0,134.13194595014386,654.3305459518474
0.0,95.4591640287981,649.7897099806455,0.0,26.321801980557606,502.1645778175295,0.0,64.41074245725795,618.7412884091053,0.0,72.11520228861043,626.4457482404579,0.0,109.66878363277971,654.3305459518474,0.0,84.50044570171765,638.8309916535651
0.0,31.359636486172384,654.3305459518474,0.0,6.51823318996625,507.3791643695025,0.0,16.007769911633886,631.5475043384124,0.0,11.762458125872634,635.855714741156,0.0,58.70189712982715,654.3305459518474,0.0,25.38876947216397,654.3305459518474
0.0,26.713116376736686,654.3305459518474,0.0,20.660471271768024,523.9075413869169,0.0,15.131612762421653,643.6527945483497,0.0,9.195364678702388,643.212006484118,0.0,55.055791050964935,654.3305459518474,0.0,22.23183105863489,654.3305459518474
0.0,24.676168504872233,654.3305459518474,0.0,33.92973169419932,551.0513267422764,0.0,15.539002336794544,654.3305459518474,0.0,11.697900635564432,652.5703269925696,0.0,54.29921041284385,654.3305459518474,0.0,20.36947871864453,654.3305459518474
0.0,20.194883186770436,654.3305459518474,0.0,42.019324671032436,584.6667864791024,0.0,15.18981127304635,654.3305459518474,0.0,13.443855954305391,654.3305459518474,0.0,52.66965211535229,654.3305459518474,0.0,17.75054574053309,654.3305459518474
0.0,15.946391911167435,654.3305459518474,0.0,49.93432211599145,624.6142441718955,0.0,15.655399358043942,654.3305459518474,0.0,13.211061911806597,654.3305459518474,0.0,51.04009381786073,654.3305459518474,0.0,15.073414251796954,654.3305459518474
0.0,13.734848507428882,654.3305459518474,0.0,54.06641637034505,654.3305459518474,0.0,16.17918595366623,654.3305459518474,0.0,11.639702124939733,654.3305459518474,0.0,48.944947435371574,654.3305459518474,0.0,14.957017230547557,654.3305459518474
0.0,11.232312550566842,654.3305459518474,0.0,55.055791050964935,654.3305459518474,0.0,16.17918595366623,654.3305459518474,0.0,10.47573191244576,654.3305459518474,0.0,46.03502190413665,654.3305459518474,0.0,15.480803826169845,654.3305459518474
0.0,8.962570636203594,654.3305459518474,0.0,53.775423817221565,654.3305459518474,0.0,16.353781485540324,654.3305459518474,0.0,9.311761699951786,654.3305459518474,0.0,41.670133607284235,654.3305459518474,0.0,15.71359786866864,654.3305459518474
0.0,7.798600423709622,654.3305459518474,0.0,44.81285318101797,654.3305459518474,0.0,16.411979996165023,654.3305459518474,0.0,8.787975104329497,654.3305459518474,0.0,35.85028254481438,654.3305459518474,0.0,16.120987443041532,654.3305459518474
0.0,8.147791487457813,654.3305459518474,0.0,18.157935314905984,654.3305459518474,0.0,17.2849576555355,654.3305459518474,0.0,8.496982551206004,654.3305459518474,0.0,33.92973169419932,654.3305459518474,0.0,16.87756808116261,654.3305459518474
0.0,9.719151274324677,654.3305459518474,0.0,8.089592976833115,654.3305459518474,0.0,18.041538293656586,654.3305459518474,0.0,9.835548295574075,654.3305459518474,0.0,32.649364460455956,654.3305459518474,0.0,17.2267591449108,654.3305459518474
0.0,14.549627656174666,654.3305459518474,0.0,4.830476381849989,654.3305459518474,0.0,18.099736804281285,654.3305459518474,0.0,9.60275425307528,654.3305459518474,0.0,30.96160765233969,654.3305459518474,0.0,16.93576659178731,654.3305459518474
0.0,22.348228079884287,654.3305459518474,0.0,9.13716616807769,654.3305459518474,0.0,18.099736804281285,654.3305459518474,0.0,8.787975104329497,654.3305459518474,0.0,28.982858291099934,654.3305459518474,0.0,15.364406804920447,654.3305459518474
0.0,23.163007228630068,654.3305459518474,0.0,10.01014382744817,654.3305459518474,0.0,18.390729357404776,654.3305459518474,0.0,9.020769146828293,654.3305459518474,0.0,27.70249105735656,654.3305459518474,0.0,14.142238081801773,654.3305459518474
0.0,58.076287810720935,654.3305459518474,0.0,14.821898728217766,644.1524446800652,0.0,41.06174488883007,654.3305459518474,0.0,39.166452227963966,654.3305459518474,0.0,67.04371654617968,654.3305459518474,0.0,32.13529406334397,654.3305459518474
0.0,122.94811571169143,654.3305459518474,0.0,106.8224478983798,654.3305459518474,0.0,67.11463301617138,654.3305459518474,0.0,110.95772164257515,654.3305459518474,0.0,139.24237553516377,654.3305459518474,0.0,74.47140266420402,654.3305459518474
0.0,179.78837141746845,654.3305459518474,0.0,185.63515927910066,654.3305459518474,0.0,86.49341390275275,640.8239598546002,0.0,181.753257396883,654.3305459518474,0.0,202.498686249453,654.3305459518474,0.0,118.30963319135266,654.3305459518474
0.0,215.86412133162494,654.3305459518474,0.0,230.64972252014013,654.3305459518474,0.0,111.41059176820575,649.9524332691648,0.0,229.38225097474887,654.3305459518474,0.0,240.09863678980525,654.3305459518474,0.0,153.64134269776997,654.3305459518474
0.0,228.72934939851015,654.3305459518474,0.0,240.84550122941602,654.3305459518474,0.0,112.32604821797722,654.3305459518474,0.0,259.2116833130121,654.3305459518474,0.0,256.496753404145,654.3305459518474,0.0,180.0905810495306,654.3305459518474
0.0,227.67391634715375,654.3305459518474,0.0,229.26850025638606,654.3305459518474,0.0,121.68982717785526,654.3305459518474,0.0,264.92617670418616,654.3305459518474,0.0,256.30175778177716,654.3305459518474,0.0,208.30467393009758,654.3305459518474
0.0,203.6910941415377,654.3305459518474,0.0,240.46319211580706,654.3305459518474,0.0,126.68235886119741,654.3305459518474,0.0,247.9728340537767,654.3305459518474,0.0,239.0984004882168,654.3305459518474,0.0,220.41014186902,654.3305459518474
0.0,157.9951916446688,654.3305459518474,0.0,193.60799977671428,654.3305459518474,0.0,135.36347541380275,654.3305459518474,0.0,217.4480213488738,654.3305459518474,0.0,200.55005317721736,654.3305459518474,0.0,172.266722436072,654.3305459518474
0.0,100.82932445547914,654.3305459518474,0.0,171.7549428838765,654.3305459518474,0.0,127.18724624675423,654.3305459518474,0.0,173.97620248612537,654.3305459518474,0.0,144.04326881496482,654.3305459518474,0.0,121.09062147095624,654.3305459518474
0.0,52.48772991032151,606.8182758621689,0.0,101.11042308110726,654.3305459518474,0.0,67.27183021840838,621.6023761702558,0.0,98.9273173569594,653.2578633088068,0.0,63.43408573600507,617.7646316878524,0.0,52.63088600174821,606.9614319535956
0.0,17.335296306048352,620.6865129070076,0.0,50.41094955094264,654.3305459518474,0.0,22.13433324745094,639.3098427682165,0.0,44.016973242337635,654.3305459518474,0.0,4.81793615146804,621.6189806090268,0.0,13.660930276580487,617.89017617486
0.0,24.035984888000545,639.915300817408,0.0,49.52693254161856,654.3305459518474,0.0,20.602272761143325,654.3305459518474,0.0,42.834103819778214,654.3305459518474,0.0,1.6295582974915626,622.92262724702,0.0,11.930694678063224,627.4347319173106
0.0,32.53296743920656,654.3305459518474,0.0,50.28351317973964,654.3305459518474,0.0,21.067860846140917,654.3305459518474,0.0,41.32094254353605,654.3305459518474,0.0,0.87297765937048,623.6210093745165,0.0,9.777349784949376,635.2566117452701
0.0,40.15697233104208,654.3305459518474,0.0,49.58513105224326,654.3305459518474,0.0,21.940838505511394,654.3305459518474,0.0,37.65443637418004,654.3305459518474,0.0,0.23279404249879465,623.8072446085155,0.0,6.285439147467455,640.284963063244
0.0,43.357890415400504,654.3305459518474,0.0,48.130168286625796,654.3305459518474,0.0,22.11543403738549,654.3305459518474,0.0,30.5542180779668,654.3305459518474,0.0,0.0,623.8072446085155,0.0,3.1427195737337277,642.7991387222311
0.0,41.61193509665954,654.3305459518474,0.0,47.19899211663062,654.3305459518474,0.0,23.51219829237826,654.3305459518474,0.0,23.395801271128864,654.3305459518474,0.0,0.0,623.8072446085155,0.0,1.222168723118672,643.776873700726
0.0,32.00918084358427,654.3305459518474,0.0,46.26781594663544,654.3305459518474,0.0,23.163007228630068,654.3305459518474,0.0,15.829994889918037,654.3305459518474,0.0,0.4655880849975893,624.1797150765135,0.0,0.5237865956222879,644.1959029772238
0.0,29.914034461095113,654.3305459518474,0.0,46.966198074131825,654.3305459518474,0.0,21.999037016136093,654.3305459518474,0.0,9.719151274324677,654.3305459518474,0.0,2.269741914363248,625.9955086080041,0.0,0.2909925531234933,644.4286970197226
0.0,48.53755786099868,654.3305459518474,0.0,48.24656530787519,654.3305459518474,0.0,21.940838505511394,654.3305459518474,0.0,7.042019785588539,654.3305459518474,0.0,3.6665061693560155,628.9287135434889,0.0,0.23279404249879465,644.6149322537216
0.0,53.65902679597217,654.3305459518474,0.0,49.75972658411735,654.3305459518474,0.0,21.882639994886695,654.3305459518474,0.0,2.3861389356126455,654.3305459518474,0.0,4.423086807477099,632.4671829894706,0.0,0.23279404249879465,644.8011674877206
0.0,54.82299700846614,654.3305459518474,0.0,51.56388041348302,654.3305459518474,0.0,21.824441484261996,654.3305459518474,0.0,0.05819851062469866,654.3305459518474,0.0,4.3066897862277,635.9125348184529,0.0,0.2909925531234933,645.0339615302194
0.0,53.30983573222398,654.3305459518474,0.0,54.24101190221916,654.3305459518474,0.0,21.358853399264408,654.3305459518474,0.0,0.0,654.3305459518474,0.0,3.550109148106618,638.7526221369382,0.0,0.2909925531234933,645.2667555727181
0.0,48.421160839749284,654.3305459518474,0.0,55.695974667836616,654.3305459518474,0.0,21.009662335516218,654.3305459518474,0.0,0.11639702124939733,654.3305459518474,0.0,2.8517270206102348,641.0340037534263,0.0,0.174595531874096,645.4064319982174
0.0,42.019324671032436,654.3305459518474,0.0,56.103364242209516,654.3305459518474,0.0,21.30065488863971,654.3305459518474,0.0,0.698382127496384,654.3305459518474,0.0,3.1427195737337277,643.5481794124133,0.0,0.05819851062469866,645.4529908067171
0.0,52.40559636139116,654.3305459518474,0.0,91.31867672737746,654.3305459518474,0.0,43.362926243640715,654.3305459518474,0.0,2.444337446237344,631.7748833980847,0.0,9.926864856059574,628.4750442684729,0.0,20.87940193244158,641.3323927391588
0.0,124.23616507656159,654.3305459518474,0.0,138.93830956470316,654.3305459518474,0.0,93.74782764034629,654.3305459518474,0.0,14.779419937816767,621.5543033359015,0.0,60.711295967026196,654.3305459518474,0.0,70.31422794908651,654.3305459518474
0.0,204.63313193250139,654.3305459518474,0.0,158.2274525002124,654.3305459518474,0.0,160.99157563713408,654.3305459518474,0.0,36.48932073922783,558.0436240751294,0.0,179.54489348298617,654.3305459518474,0.0,102.05802988726636,654.3305459518474
0.0,222.74108405486461,654.3305459518474,0.0,235.15123019975067,654.3305459518474,0.0,230.48784494763305,654.3305459518474,0.0,47.36944046518978,505.41306454031917,0.0,213.30992357280678,654.3305459518474,0.0,126.29254534544667,654.3305459518474
0.0,227.85955122898145,654.3305459518474,0.0,256.83755142082623,654.3305459518474,0.0,249.563093050709,654.3305459518474,0.0,49.87515591189357,455.2882204522127,0.0,221.4011951590533,654.3305459518474,0.0,147.79641117453625,654.3305459518474
0.0,231.05110857279965,654.3305459518474,0.0,235.73321530599765,654.3305459518474,0.0,254.21279264998645,654.3305459518474,0.0,60.049033650247296,415.33725410246,0.0,226.44724498275002,654.3305459518474,0.0,175.10290746544362,654.3305459518474
0.0,216.06715454308974,654.3305459518474,0.0,192.72548364781852,654.3305459518474,0.0,220.90867027489332,654.3305459518474,0.0,54.770189784051766,370.10744388651176,0.0,215.7181412083266,654.3305459518474,0.0,189.15568532515837,654.3305459518474
0.0,183.1247634621268,654.3305459518474,0.0,159.89948958810498,654.3305459518474,0.0,172.9587455838849,654.3305459518474,0.0,37.17984300661236,307.28728689312413,0.0,186.50681378702788,654.3305459518474,0.0,162.14018158737443,654.3305459518474
0.0,114.00912465582337,654.3305459518474,0.0,125.02550830657336,654.3305459518474,0.0,126.87117323286685,654.3305459518474,0.0,20.36497607735949,227.6522629704836,0.0,127.90638392271454,654.3305459518474,0.0,110.44815388674823,654.3305459518474
0.0,32.57412307816426,586.9046690300116,0.0,84.97336045987191,639.3039064117193,0.0,69.00374442633904,623.3342903781864,0.0,9.741229974231878,137.3934929447155,0.0,58.23233959049969,612.5628855423471,0.0,57.49933853271416,611.8298844845616
0.0,10.417533401821059,595.2386957514685,0.0,57.09273892282938,654.3305459518474,0.0,17.98651927287364,637.7235057964854,0.0,5.528858509346373,141.81657975219258,0.0,6.9366621142927425,618.1122152337813,0.0,3.7860826804471643,614.8587506289193
0.0,6.692828721840346,600.5929587289409,0.0,56.97634190157999,654.3305459518474,0.0,16.353781485540324,650.8065309849176,0.0,3.259116594983125,144.4238730281791,0.0,9.369960210576485,625.6081834022425,0.0,0.5819851062469866,615.3243387139169
0.0,4.015697233104208,603.8055165154242,0.0,56.6853493484565,654.3305459518474,0.0,15.597200847419243,654.3305459518474,0.0,1.1639702124939733,145.35504919817427,0.0,13.0364663799325,636.0373565061885,0.0,0.05819851062469866,615.3708975224166
0.0,2.0951463824891516,605.4816336214155,0.0,56.16156275283421,654.3305459518474,0.0,15.18981127304635,654.3305459518474,0.0,0.5819851062469866,145.82063728317186,0.0,13.793047018053581,647.0717941206314,0.0,0.0,615.3708975224166
0.0,0.87297765937048,606.180015748912,0.0,55.98696722096011,654.3305459518474,0.0,14.607826166799367,654.3305459518474,0.0,0.11639702124939733,145.91375490017137,0.0,13.793047018053581,654.3305459518474,0.0,0.0,615.3708975224166
0.0,0.5237865956222879,606.5990450254097,0.0,56.103364242209516,654.3305459518474,0.0,14.258635103051171,654.3305459518474,0.0,0.0,145.91375490017137,0.0,15.539002336794544,654.3305459518474,0.0,1.222168723118672,616.3486325009115
0.0,0.6401836168716852,607.1111919189071,0.0,56.219761263458906,654.3305459518474,0.0,14.142238081801773,654.3305459518474,0.0,0.0,145.91375490017137,0.0,17.80874425115779,654.3305459518474,0.0,4.248491275603002,619.747425521394
0.0,0.9893746806198773,607.9026916634031,0.0,56.0451657315848,654.3305459518474,0.0,14.666024677424062,654.3305459518474,0.0,0.0,145.91375490017137,0.0,24.094183398625244,654.3305459518474,0.0,7.449409359961429,625.7069530093631
0.0,1.5131612762421651,609.1132206843968,0.0,55.695974667836616,654.3305459518474,0.0,14.72422318804876,654.3305459518474,0.0,0.174595531874096,146.05343132567066,0.0,24.559771483622836,654.3305459518474,0.0,11.174114039942143,634.6462442413168
0.0,1.8041538293656585,610.5565437478892,0.0,55.28858509346373,654.3305459518474,0.0,14.898818719922858,654.3305459518474,0.0,2.793528509985536,148.28825413365908,0.0,25.083558079245122,654.3305459518474,0.0,12.454481273685513,644.6098292602652
0.0,2.036947871864453,612.1861020453808,0.0,54.99759254034023,654.3305459518474,0.0,16.17918595366623,654.3305459518474,0.0,4.132094254353605,151.59392953714197,0.0,23.221205739254767,654.3305459518474,0.0,13.909444039302981,654.3305459518474
0.0,2.9099255312349332,614.5140424703687,0.0,54.532004455342644,654.3305459518474,0.0,17.86694276178249,654.3305459518474,0.0,5.8198510624698665,156.24981038711786,0.0,17.459553187409597,654.3305459518474,0.0,16.004590421792134,654.3305459518474
0.0,4.597682339351194,618.1921883418497,0.0,53.65902679597217,654.3305459518474,0.0,19.438302548649354,654.3305459518474,0.0,7.798600423709622,162.48869072608557,0.0,13.793047018053581,654.3305459518474,0.0,19.496501059274053,654.3305459518474
0.0,6.634630211215648,623.4998925108222,0.0,52.49505658347819,654.3305459518474,0.0,20.893265314266817,654.3305459518474,0.0,9.95194531682347,170.45024697954435,0.0,12.978267869307802,654.3305459518474,0.0,23.163007228630068,654.3305459518474
0.0,46.093753601716514,640.3748953921954,0.0,53.24695685132918,654.3305459518474,0.0,61.763371799555806,654.3305459518474,0.0,12.16348872056202,157.61373570010636,0.0,39.24655170951081,654.3305459518474,0.0,61.56669756777451,654.3305459518474
0.0,120.77922882733894,654.3305459518474,0.0,74.88611891173359,654.3305459518474,0.0,136.01001801035792,654.3305459518474,0.0,16.891786920957962,149.50552262106433,0.0,102.41472535315629,654.3305459518474,0.0,133.57972167493088,654.3305459518474
0.0,179.36393897142855,654.3305459518474,0.0,92.80207717258564,647.132623124433,0.0,203.25376600714574,654.3305459518474,0.0,23.729450343638412,73.23497296470273,0.0,122.64590607962928,654.3305459518474,0.0,197.98428288149037,654.3305459518474
0.0,220.88208893370108,654.3305459518474,0.0,88.07695846203146,635.2095815864645,0.0,245.7109519995253,654.3305459518474,0.0,39.90731314586135,13.142286110564086,0.0,150.23703594397665,654.3305459518474,0.0,237.28453046034087,654.3305459518474
0.0,242.85940270790007,654.3305459518474,0.0,92.64956034061873,627.8591419270833,0.0,265.9847892453843,654.3305459518474,29.465411637430954,57.39230225200496,0.0,0.0,205.77016534583302,654.3305459518474,0.0,237.98291258783723,654.3305459518474
0.0,253.46424960096226,654.3305459518474,0.0,99.720017805798,627.5791597328813,0.0,265.01431377482993,654.3305459518474,41.16527521275952,58.83472478724048,0.0,0.0,253.87896584849182,654.3305459518474,0.0,217.9575891047007,654.3305459518474
0.0,240.51724344311683,654.3305459518474,0.0,93.02868996438599,620.6078496972673,0.0,243.27297353297143,654.3305459518474,45.54438234940728,54.45561765059272,0.0,0.0,255.79165683899504,654.3305459518474,0.0,177.37529568269346,654.3305459518474
0.0,208.39749137101145,654.3305459518474,0.0,81.79937917467583,602.4072288719431,0.0,207.37817813037253,654.3305459518474,58.26177395459569,41.73822604540431,0.0,0.0,197.89746896228993,654.3305459518474,0.0,119.44330938585745,654.3305459518474
0.0,155.58079275845049,654.3305459518474,0.0,64.60856211149748,567.0157909834405,0.0,129.91489411498827,654.3305459518474,66.00721169592083,33.99278830407917,0.0,0.0,158.7529177052481,654.3305459518474,0.0,80.24523998846102,634.5757859403084
0.0,84.79779723452464,639.128343186372,0.0,46.610825759685184,513.6266167431257,0.0,58.31243907204653,612.642985023894,64.88739888324126,35.11260111675874,0.0,0.0,86.96800727032041,641.2985532221678,0.0,63.101582085953765,597.6773680262621
0.0,19.126909905032065,654.3305459518474,0.0,36.60686318293546,542.9121072894741,0.0,8.605519712343552,619.5274007937688,0.0,40.33156786291617,32.26525429033293,0.0,42.42671424540532,654.3305459518474,0.0,47.02439658475652,635.2968852940674
0.0,16.004590421792134,654.3305459518474,0.0,32.823959992330046,569.1712752833381,0.0,5.878049573094565,624.2298404522445,0.0,43.24149339415111,66.85844900565382,0.0,35.67568701294028,654.3305459518474,0.0,46.384212967884835,654.3305459518474
0.0,14.491429145549967,654.3305459518474,0.0,28.750064248601138,592.171326682219,0.0,5.9944465943439615,629.0253977277197,0.0,43.06689786227701,101.31196729547543,0.0,29.041056801724633,654.3305459518474,0.0,45.162044244766165,654.3305459518474
0.0,12.454481273685513,654.3305459518474,0.0,25.72374169611681,612.7503200391125,0.0,13.56025297555479,639.8736001081635,0.0,42.310317224155924,135.16022107480018,0.0,23.337602760504165,654.3305459518474,0.0,43.64888296852399,654.3305459518474
0.0,11.406908082440939,654.3305459518474,0.0,21.824441484261996,630.2098732265221,0.0,23.86138935612645,654.3305459518474,0.0,43.00869935165231,169.56718055612203,0.0,19.61289808052345,654.3305459518474,0.0,41.43733956478545,654.3305459518474
0.0,12.803672337433706,654.3305459518474,0.0,19.321905527399956,645.667397648442,0.0,31.834585311710175,654.3305459518474,0.0,45.39483828726496,205.883051185934,0.0,17.517751698034296,654.3305459518474,0.0,39.80778126729388,654.3305459518474
0.0,15.480803826169845,654.3305459518474,0.0,17.575950208658995,654.3305459518474,0.0,32.59116594983125,654.3305459518474,0.0,47.664580201628205,244.01471534723657,0.0,16.062788932416833,654.3305459518474,0.0,38.17822296980233,654.3305459518474
0.0,17.110362123661407,654.3305459518474,0.0,16.237384464290926,654.3305459518474,0.0,27.993483610480055,654.3305459518474,0.0,47.315389137880004,281.8670266575406,0.0,15.655399358043942,654.3305459518474,0.0,34.104327226073416,654.3305459518474
0.0,16.52837701741442,654.3305459518474,0.0,14.898818719922858,654.3305459518474,0.0,26.887711908610783,654.3305459518474,0.0,43.5324859472746,316.69301541536026,0.0,15.306208294295748,654.3305459518474,0.0,31.310798716087884,654.3305459518474
0.0,15.422605315545146,654.3305459518474,0.0,14.025841060552379,654.3305459518474,0.0,28.168079142354156,654.3305459518474,0.0,38.76020807604931,347.7011818761997,0.0,14.142238081801773,654.3305459518474,0.0,29.681240418596317,654.3305459518474
0.0,14.607826166799367,654.3305459518474,0.0,13.56025297555479,654.3305459518474,0.0,32.35837190733246,654.3305459518474,0.0,35.966679566063775,376.4745255290507,0.0,12.861870848058405,654.3305459518474,0.0,27.353299993608367,654.3305459518474
0.0,13.96764254992768,654.3305459518474,0.0,12.16348872056202,654.3305459518474,0.0,32.00918084358427,654.3305459518474,0.0,34.27892275794751,403.89766373540874,0.0,11.81429765681383,654.3305459518474,0.0,24.38517595174874,654.3305459518474
0.0,12.16348872056202,654.3305459518474,0.0,9.777349784949376,654.3305459518474,0.0,31.834585311710175,654.3305459518474,0.0,34.33712126857221,431.3673607502665,0.0,11.174114039942143,654.3305459518474,0.0,19.438302548649354,654.3305459518474
0.0,9.719151274324677,654.3305459518474,0.0,8.147791487457813,654.3305459518474,0.0,32.47476892858185,654.3305459518474,0.0,36.78145871480955,460.7925277221142,0.0,10.650327444319855,654.3305459518474,0.0,12.57087829493491,654.3305459518474
0.0,34.422434307344325,654.3305459518474,0.0,33.61551501871039,654.3305459518474,0.0,73.2473776026869,654.3305459518474,0.0,69.94878397815947,496.75155490464175,0.0,49.48816642801448,654.3305459518474,0.0,39.91835249581496,654.3305459518474
0.0,110.13508263371752,654.3305459518474,0.0,97.69614335127068,654.3305459518474,0.0,149.59234968581993,654.3305459518474,0.0,135.98458209162393,585.5392205779409,0.0,120.88776598847647,654.3305459518474,0.0,91.303667923094,654.3305459518474
0.0,182.92358658906045,654.3305459518474,0.0,134.85876575723097,654.3305459518474,0.0,215.5729510495164,654.3305459518474,0.0,187.73162881303313,654.3305459518474,0.0,178.2471279196057,654.3305459518474,0.0,128.82802162318444,654.3305459518474
0.0,224.16646371843316,654.3305459518474,0.0,174.1464731056995,654.3305459518474,0.0,249.58799578248778,654.3305459518474,0.0,230.78651963188338,654.3305459518474,0.0,222.96937545607835,654.3305459518474,0.0,155.5697534084969,654.3305459518474
0.0,245.15440281201228,654.3305459518474,0.0,204.57846836968855,654.3305459518474,0.0,264.7669454345656,654.3305459518474,0.0,249.32376229954164,654.3305459518474,0.0,244.20900780222175,654.3305459518474,0.0,173.7892444528544,654.3305459518474
0.0,248.10998662349,654.3305459518474,0.0,219.8330148620282,654.3305459518474,0.0,241.09551587256686,654.3305459518474,0.0,263.629734292249,654.3305459518474,0.0,246.49296855638036,654.3305459518474,0.0,187.0083439537579,654.3305459518474
0.0,234.0650686238871,654.3305459518474,0.0,196.94810449816953,654.3305459518474,0.0,189.57808370381474,654.3305459518474,0.0,261.35363339820225,654.3305459518474,0.0,225.41539151172915,654.3305459518474,0.0,199.46300295642845,654.3305459518474
0.0,202.469103147404,654.3305459518474,0.0,173.0549202436256,654.3305459518474,0.0,126.92415818626628,654.3305459518474,0.0,229.93544294343505,654.3305459518474,0.0,192.29054503878027,654.3305459518474,0.0,172.38144084790804,654.3305459518474
0.0,153.33780991426454,654.3305459518474,0.0,124.58588932726497,654.3305459518474,0.0,89.24242955495377,643.5729755068012,0.0,155.27990627783163,654.3305459518474,0.0,134.3727775817396,654.3305459518474,0.0,129.21483337807848,654.3305459518474
0.0,86.1049235384453,640.4354694902927,0.0,60.815152757893635,615.145698709741,0.0,66.55251481346303,610.1254903202642,0.0,79.3172433083076,633.647789260155,0.0,63.65901991839201,617.9895658702394,0.0,72.56957329466937,626.9001192465167
0.0,21.9204384150176,654.3305459518474,0.0,3.9606782123212603,618.314241279598,0.0,54.76479849784145,653.9373291185374,0.0,40.15697233104208,654.3305459518474,0.0,4.084935093682507,621.2575139451855,0.0,20.454436299446535,643.263668286074
0.0,20.77686829301742,654.3305459518474,0.0,4.772277871225291,622.1320635765783,0.0,52.49505658347819,654.3305459518474,0.0,40.15697233104208,654.3305459518474,0.0,2.61893297811144,623.3526603276746,0.0,21.417051909889107,654.3305459518474
0.0,19.089111484901164,654.3305459518474,0.0,4.888674892474688,626.043003490558,0.0,49.29413849911976,654.3305459518474,0.0,42.135721692281834,654.3305459518474,0.0,3.1427195737337277,625.8668359866616,0.0,21.824441484261996,654.3305459518474
0.0,15.829994889918037,654.3305459518474,0.0,7.740401913084923,632.2353250210259,0.0,47.43178615912941,654.3305459518474,0.0,43.998074032272186,654.3305459518474,0.0,3.9574987224795093,629.0328349646452,0.0,21.067860846140917,654.3305459518474
0.0,13.909444039302981,654.3305459518474,0.0,11.81429765681383,641.686763146477,0.0,45.39483828726496,654.3305459518474,0.0,43.5324859472746,654.3305459518474,0.0,6.227240636842756,634.0146274741194,0.0,17.983339783031887,654.3305459518474
0.0,11.406908082440939,654.3305459518474,0.0,15.829994889918037,654.3305459518474,0.0,39.691384246044485,654.3305459518474,0.0,43.88167701102279,654.3305459518474,0.0,8.962570636203594,641.1846839830822,0.0,12.57087829493491,654.3305459518474
0.0,9.078967657452992,654.3305459518474,0.0,18.448927868029475,654.3305459518474,0.0,32.649364460455956,654.3305459518474,0.0,43.939875521647494,654.3305459518474,0.0,11.34870957181624,650.2636516405352,0.0,9.369960210576485,654.3305459518474
0.0,7.798600423709622,654.3305459518474,0.0,19.72929510177285,654.3305459518474,0.0,24.443374462373438,654.3305459518474,0.0,42.310317224155924,654.3305459518474,0.0,13.327458933055995,654.3305459518474,0.0,8.380585529956607,654.3305459518474
0.0,7.798600423709622,654.3305459518474,0.0,23.279404249879466,654.3305459518474,0.0,20.36947871864453,654.3305459518474,0.0,40.73895743728906,654.3305459518474,0.0,11.81429765681383,654.3305459518474,0.0,6.98382127496384,654.3305459518474
0.0,7.449409359961429,654.3305459518474,0.0,30.96160765233969,654.3305459518474,0.0,17.110362123661407,654.3305459518474,0.0,40.91355296916316,654.3305459518474,0.0,11.290511061191541,654.3305459518474,0.0,4.3066897862277,654.3305459518474
0.0,7.85679893433432,654.3305459518474,0.0,32.53296743920656,654.3305459518474,0.0,15.71359786866864,654.3305459518474,0.0,41.26274403291135,654.3305459518474,0.0,11.115915529317444,654.3305459518474,0.0,2.444337446237344,654.3305459518474
0.0,9.893746806198772,654.3305459518474,0.0,30.787012120465597,654.3305459518474,0.0,15.18981127304635,654.3305459518474,0.0,39.691384246044485,654.3305459518474,0.0,11.406908082440939,654.3305459518474,0.0,1.222168723118672,654.3305459518474
0.0,14.084039571177078,654.3305459518474,0.0,37.36344382105654,654.3305459518474,0.0,14.025841060552379,654.3305459518474,0.0,37.770833395429435,654.3305459518474,0.0,12.454481273685513,654.3305459518474,0.0,0.4655880849975893,654.3305459518474
0.0,18.914515953027067,654.3305459518474,0.0,43.64888296852399,654.3305459518474,0.0,12.454481273685513,654.3305459518474,0.0,35.85028254481438,654.3305459518474,0.0,13.385657443680692,654.3305459518474,0.0,0.2909925531234933,654.3305459518474
0.0,51.891525964279175,654.3305459518474,0.0,47.493164159595864,654.3305459518474,0.0,41.90496171716656,654.3305459518474,0.0,55.72776956625414,654.3305459518474,0.0,54.488557971468474,654.3305459518474,0.0,43.07379002891569,654.3305459518474
0.0,115.96747392656934,654.3305459518474,0.0,69.21728380080228,654.3305459518474,0.0,115.72849863337211,654.3305459518474,0.0,111.53785041042369,654.3305459518474,0.0,129.16935282682078,654.3305459518474,0.0,122.21229062203426,654.3305459518474
0.0,145.658608272661,654.3305459518474,0.0,118.34857703394178,654.3305459518474,0.0,179.94124370740545,654.3305459518474,0.0,189.51238079104826,654.3305459518474,0.0,192.75127502452267,654.3305459518474,0.0,184.2763711732239,654.3305459518474
0.0,147.2299680595279,654.3305459518474,0.0,148.99128764052244,654.3305459518474,0.0,227.46019924370546,654.3305459518474,0.0,231.59211576907398,654.3305459518474,0.0,232.6524069196856,654.3305459518474,0.0,226.71783744537973,654.3305459518474
0.0,158.16510680627277,654.3305459518474,0.0,212.00376496235927,654.3305459518474,0.0,249.13080074455726,654.3305459518474,0.0,248.88210925284974,654.3305459518474,0.0,246.86724008089246,654.3305459518474,0.0,248.7376300099797,654.3305459518474
0.0,170.24381567501788,654.3305459518474,0.0,228.1799491551688,654.3305459518474,0.0,254.49460219155478,654.3305459518474,0.0,243.26829316270138,654.3305459518474,0.0,242.35919569261338,654.3305459518474,0.0,252.3333974383291,654.3305459518474
0.0,189.8271306534924,654.3305459518474,0.0,186.010576226071,654.3305459518474,0.0,241.76784984582616,654.3305459518474,0.0,238.54317445214713,654.3305459518474,0.0,226.71933832580805,654.3305459518474,0.0,237.55547838094066,654.3305459518474
0.0,164.6881980954942,654.3305459518474,0.0,123.58944475102135,654.3305459518474,0.0,209.32566578014996,654.3305459518474,0.0,209.7235168849976,654.3305459518474,0.0,190.10726158564734,654.3305459518474,0.0,203.14708518440665,654.3305459518474
0.0,83.27677609817061,637.607322050018,0.0,113.20953204034613,654.3305459518474,0.0,153.29700973327695,654.3305459518474,0.0,152.8643619691551,654.3305459518474,0.0,136.1265927605924,654.3305459518474,0.0,148.7747465052025,654.3305459518474
0.0,31.27167714451369,568.8789991945316,0.0,80.26714095938317,634.5976869112305,0.0,73.55762482384594,627.8881707756933,0.0,74.27640704183612,628.6069529936835,0.0,64.653074969282,618.9836209211294,0.0,75.62919162599955,629.9597375778469
0.0,24.85076403674633,588.7596104239287,0.0,51.331086370984224,654.3305459518474,0.0,6.820265093043345,633.344382850128,0.0,7.801779913551372,634.8483769245246,0.0,8.756535663882099,625.9888494522351,0.0,7.553266150828877,636.00235049851
0.0,26.48032233423789,609.9438682913191,0.0,47.606381691003506,654.3305459518474,0.0,8.380585529956607,640.0488512740933,0.0,4.597682339351194,638.5265227960056,0.0,7.216615317462634,631.7621417062052,0.0,6.867424253714441,641.4962899014816
0.0,17.983339783031887,624.3305401177446,0.0,42.019324671032436,654.3305459518474,0.0,10.47573191244576,648.4294368040499,0.0,3.317315105607824,641.1803748804919,0.0,6.460034679341552,636.9301694496784,0.0,9.486357231825883,649.0853756869424
0.0,10.592128933695157,632.8042432647007,0.0,35.908481055439076,654.3305459518474,0.0,12.047091699312622,654.3305459518474,0.0,1.6295582974915626,642.4840215184851,0.0,6.343637658092154,642.0050795761521,0.0,11.581503614315034,654.3305459518474
0.0,7.333012338712031,638.6706531356704,0.0,29.681240418596317,654.3305459518474,0.0,16.17918595366623,654.3305459518474,0.0,0.4655880849975893,642.8564919864831,0.0,7.042019785588539,647.6386954046229,0.0,13.327458933055995,654.3305459518474
0.0,17.401354676784898,652.5917368770982,0.0,24.559771483622836,654.3305459518474,0.0,20.07848616552104,654.3305459518474,0.0,0.05819851062469866,642.9030507949828,0.0,8.496982551206004,654.3305459518474,0.0,15.71359786866864,654.3305459518474
0.0,36.25767211918726,654.3305459518474,0.0,19.96208914427164,654.3305459518474,0.0,23.395801271128864,654.3305459518474,0.0,0.0,642.9030507949828,0.0,10.068342338072869,654.3305459518474,0.0,18.099736804281285,654.3305459518474
0.0,46.67520552100833,654.3305459518474,0.0,12.803672337433706,654.3305459518474,0.0,27.70249105735656,654.3305459518474,0.0,0.0,642.9030507949828,0.0,11.465106593065636,654.3305459518474,0.0,17.052163613036708,654.3305459518474
0.0,46.384212967884835,654.3305459518474,0.0,8.904372125578895,654.3305459518474,0.0,29.681240418596317,654.3305459518474,0.0,0.0,642.9030507949828,0.0,12.512679784310212,654.3305459518474,0.0,15.073414251796954,654.3305459518474
0.0,39.92417828854328,654.3305459518474,0.0,7.042019785588539,654.3305459518474,0.0,31.36899722671258,654.3305459518474,0.0,0.0,642.9030507949828,0.0,11.406908082440939,654.3305459518474,0.0,14.491429145549967,654.3305459518474
0.0,32.59116594983125,654.3305459518474,0.0,6.401836168716853,654.3305459518474,0.0,34.569915311071,654.3305459518474,0.0,0.0,642.9030507949828,0.0,10.417533401821059,654.3305459518474,0.0,14.375032124300569,654.3305459518474
0.0,24.38517595174874,654.3305459518474,0.0,6.169042126218058,654.3305459518474,0.0,37.47984084230594,654.3305459518474,0.0,0.0,642.9030507949828,0.0,10.417533401821059,654.3305459518474,0.0,14.025841060552379,654.3305459518474
0.0,16.353781485540324,654.3305459518474,0.0,6.460034679341552,654.3305459518474,0.0,38.87660509729871,654.3305459518474,0.0,0.0,642.9030507949828,0.0,10.417533401821059,654.3305459518474,0.0,14.200436592426472,654.3305459518474
0.0,12.16348872056202,654.3305459518474,0.0,6.343637658092154,654.3305459518474,0.0,39.86597977791859,654.3305459518474,0.0,0.0,642.9030507949828,0.0,10.242937869946964,654.3305459518474,0.0,14.78242169867346,654.3305459518474
0.0,16.968884641648113,646.2994305934955,0.0,30.403557584398364,654.3305459518474,0.0,75.98102899263432,654.3305459518474,0.0,25.599840272725675,643.3829230131633,0.0,47.41659962586088,654.3305459518474,0.0,48.39961532679726,654.3305459518474
0.0,43.05789257970692,654.3305459518474,0.0,103.04422507804449,654.3305459518474,0.0,154.5454043396178,654.3305459518474,0.0,94.60694191789153,654.3305459518474,0.0,119.30068648138592,654.3305459518474,0.0,76.98647885144801,654.3305459518474
0.0,88.06795317946137,642.3984991313088,0.0,173.45127046804484,654.3305459518474,0.0,222.99242184945876,654.3305459518474,0.0,139.37952810487707,654.3305459518474,0.0,182.20312576165685,654.3305459518474,0.0,91.4277470754702,645.7582930273176
0.0,108.21435405411742,648.9699823746028,0.0,224.21680236894602,654.3305459518474,0.0,259.43776291785724,654.3305459518474,0.0,174.59484059004507,654.3305459518474,0.0,221.10702311608802,654.3305459518474,0.0,205.97973526596638,654.3305459518474
0.0,96.61227262032352,645.5822549949263,0.0,244.92946862962532,654.3305459518474,0.0,280.15828903864843,654.3305459518474,0.0,200.65240908765642,654.3305459518474,0.0,240.0233954075136,654.3305459518474,0.0,268.9089336164146,654.3305459518474
0.0,84.9598525360168,630.5421075309431,0.0,245.54607266616148,654.3305459518474,0.0,282.9125182480747,654.3305459518474,0.0,205.6056414704393,654.3305459518474,0.0,231.7496684292811,654.3305459518474,0.0,270.89872232760797,654.3305459518474
0.0,86.32049698029206,616.8626045112352,0.0,220.38824089809788,654.3305459518474,0.0,252.94929055892501,654.3305459518474,0.0,195.09043252844927,654.3305459518474,0.0,198.6830204669569,654.3305459518474,0.0,252.40077896050894,654.3305459518474
0.0,77.74791758882425,594.6105221000595,0.0,181.5346821941795,654.3305459518474,0.0,191.45933525387053,654.3305459518474,0.0,168.9982451005487,654.3305459518474,0.0,167.57940214564874,654.3305459518474,0.0,215.4127520864227,654.3305459518474
0.0,65.88628304235426,560.4968051424138,0.0,130.30824257855087,654.3305459518474,0.0,149.13426600296407,654.3305459518474,0.0,121.06872050003409,654.3305459518474,0.0,133.26850676029866,654.3305459518474,0.0,159.30231794858946,654.3305459518474
0.0,21.974134284357255,482.47093942677105,0.0,55.339634659916804,609.6701806117642,0.0,106.84381568234677,654.3305459518474,0.0,60.1764700214503,614.5070159732977,0.0,71.55829764312733,625.8888435949748,0.0,84.45328654104654,638.7838324928939
0.0,1.396764254992768,483.58835083076525,0.0,3.259116594983125,612.2774738877507,0.0,49.918602395767756,654.3305459518474,0.0,8.224889208147962,621.086927339816,0.0,13.288159632496747,636.5193713009722,0.0,16.306622324869224,651.8291303527893
0.0,0.40738957437289064,483.9142624902636,0.0,3.0263225524843302,614.6985319297382,0.0,48.130168286625796,654.3305459518474,0.0,10.01014382744817,629.0950424017745,0.0,11.465106593065636,645.6914565754247,0.0,14.200436592426472,654.3305459518474
0.0,0.40738957437289064,484.2401741497619,0.0,7.624004891835525,620.7977358432066,0.0,48.24656530787519,654.3305459518474,0.0,10.592128933695157,637.5687455487307,0.0,10.01014382744817,653.6995716373832,0.0,12.105290209937321,654.3305459518474
0.0,0.40738957437289064,484.56608580926024,0.0,13.56025297555479,631.6459382236504,0.0,48.71215339287278,654.3305459518474,0.0,9.486357231825883,645.1578313341914,0.0,8.089592976833115,654.3305459518474,0.0,8.555181061830703,654.3305459518474
0.0,0.349191063748192,484.8454386602588,0.0,20.194883186770436,647.8018447730668,0.0,49.11954296724567,654.3305459518474,0.0,8.26418850870721,651.7691821411572,0.0,6.867424253714441,654.3305459518474,0.0,5.761652551845168,654.3305459518474
0.0,0.349191063748192,485.1247915112574,0.0,23.51219829237826,654.3305459518474,0.0,49.52693254161856,654.3305459518474,0.0,7.624004891835525,654.3305459518474,0.0,7.565806381210827,654.3305459518474,0.0,4.655880849975893,654.3305459518474
0.0,0.40738957437289064,485.45070317075573,0.0,24.967161057995725,654.3305459518474,0.0,49.29413849911976,654.3305459518474,0.0,6.227240636842756,654.3305459518474,0.0,10.301136380571663,654.3305459518474,0.0,4.423086807477099,654.3305459518474
0.0,0.174595531874096,485.590379596255,0.0,23.686793824252355,654.3305459518474,0.0,48.24656530787519,654.3305459518474,0.0,4.481285318101797,654.3305459518474,0.0,13.676649996804183,654.3305459518474,0.0,4.190292764978303,654.3305459518474
0.0,0.05819851062469866,485.63693840475474,0.0,24.559771483622836,654.3305459518474,0.0,46.26781594663544,654.3305459518474,0.0,2.9681240418596317,654.3305459518474,0.0,16.237384464290926,654.3305459518474,0.0,3.3755136162325226,654.3305459518474
0.0,0.0,485.63693840475474,0.0,28.982858291099934,654.3305459518474,0.0,45.27844126601556,654.3305459518474,0.0,1.6295582974915626,654.3305459518474,0.0,17.052163613036708,654.3305459518474,0.0,2.15334489311385,654.3305459518474
0.0,0.0,485.63693840475474,0.0,34.104327226073416,654.3305459518474,0.0,45.220242755390856,654.3305459518474,0.0,0.698382127496384,654.3305459518474,0.0,15.364406804920447,654.3305459518474,0.0,1.0475731912445758,654.3305459518474
0.0,0.0,485.63693840475474,0.0,31.42719573733728,654.3305459518474,0.0,45.860426372262545,654.3305459518474,0.0,0.23279404249879465,654.3305459518474,0.0,11.81429765681383,654.3305459518474,0.0,0.40738957437289064,654.3305459518474
0.0,0.0,485.63693840475474,0.0,29.914034461095113,654.3305459518474,0.0,46.966198074131825,654.3305459518474,0.0,0.05819851062469866,654.3305459518474,0.0,9.428158721201184,654.3305459518474,0.0,0.05819851062469866,654.3305459518474
0.0,0.05819851062469866,485.6834972132545,0.0,29.85583595047041,654.3305459518474,0.0,46.907999563507126,654.3305459518474,0.0,0.0,654.3305459518474,0.0,8.438784040581305,654.3305459518474,0.0,0.0,654.3305459518474
0.0,17.923818120963897,478.6073153342184,0.0,64.76443616229118,654.3305459518474,0.0,57.63242296766044,654.3305459518474,0.0,37.546432399997656,654.3305459518474,0.0,38.78582172376838,654.3305459518474,0.0,42.724598965167495,654.3305459518474
0.0,66.9591144233478,512.1746068728967,0.0,123.58662071914972,654.3305459518474,0.0,73.00336648124943,654.3305459518474,0.0,115.71127803272007,654.3305459518474,0.0,108.23811136343801,654.3305459518474,0.0,123.73649124823001,654.3305459518474
0.0,103.08202349817539,514.640225671437,0.0,201.93692350471474,654.3305459518474,0.0,111.17426277789508,654.3305459518474,0.0,178.51621950180706,654.3305459518474,0.0,170.28647219440393,654.3305459518474,0.0,186.20010151368072,654.3305459518474
0.0,118.10059645817445,529.1207028379765,0.0,244.90685674276298,654.3305459518474,0.0,192.9159766289014,654.3305459518474,0.0,220.1586263454408,654.3305459518474,0.0,206.71141317230857,654.3305459518474,0.0,227.84250835731447,654.3305459518474
0.0,125.60988293817398,549.6086091885157,0.0,248.80933644445952,654.3305459518474,0.0,221.41788257275016,654.3305459518474,0.0,240.97982976725768,654.3305459518474,0.0,221.53181102009802,654.3305459518474,0.0,248.60551326850663,654.3305459518474
0.0,131.75384460362815,575.0116848714183,0.0,241.53284400695878,654.3305459518474,0.0,171.3161138690562,654.3305459518474,0.0,243.7104793963484,654.3305459518474,0.0,226.36078652151969,654.3305459518474,0.0,250.59530197969997,654.3305459518474
0.0,124.58588932726497,594.6803963332303,0.0,254.98005718009102,654.3305459518474,0.0,156.7127903435419,654.3305459518474,0.0,227.3847801324287,654.3305459518474,0.0,213.33200227271396,654.3305459518474,0.0,233.81187449089452,654.3305459518474
0.0,108.03525588095827,601.1086010379969,0.0,230.22493461613016,654.3305459518474,0.0,142.77640950507657,654.3305459518474,0.0,192.9685270757828,654.3305459518474,0.0,171.8059924503296,654.3305459518474,0.0,197.28943570180584,654.3305459518474
0.0,76.26469487260113,577.373295910598,0.0,166.54233511740262,654.3305459518474,0.0,126.3107336395719,654.3305459518474,0.0,137.84746761856945,654.3305459518474,0.0,123.30234260367982,654.3305459518474,0.0,140.62845589817303,654.3305459518474
0.0,32.14801202271098,509.521307933309,0.0,82.98074771680692,637.3112936686543,0.0,76.9530053436171,631.2835512954645,0.0,63.394786435445816,617.7253323872932,0.0,56.10725464799149,610.4378005998389,0.0,67.14156981533375,621.4721157671811
0.0,3.49191063748192,512.3148364432946,0.0,31.950982332959565,654.3305459518474,0.0,45.860426372262545,654.3305459518474,0.0,3.4022726864098223,620.4471505364211,0.0,6.801365882977895,615.8788933062211,0.0,2.537154887151192,623.501839676902
0.0,2.735329999360837,514.5031004427832,0.0,30.263225524843307,654.3305459518474,0.0,44.40546360664508,654.3305459518474,0.0,2.560734467486741,622.4957381104105,0.0,9.660952763699978,623.6076555171811,0.0,2.15334489311385,625.2245155913931
0.0,0.7565806381210826,515.1083649532801,0.0,27.877086589230657,654.3305459518474,0.0,41.670133607284235,654.3305459518474,0.0,1.2803672337433705,623.5200318974051,0.0,12.221687231186719,633.3850053021305,0.0,4.190292764978303,628.5767498033757
0.0,0.05819851062469866,515.1549237617799,0.0,23.163007228630068,654.3305459518474,0.0,39.2257961610469,654.3305459518474,0.0,0.11639702124939733,623.6131495144047,0.0,14.258635103051171,644.7919133845714,0.0,7.740401913084923,634.7690713338436
0.0,0.0,515.1549237617799,0.0,16.819369570537912,654.3305459518474,0.0,36.432267651061366,654.3305459518474,0.0,0.0,623.6131495144047,0.0,15.539002336794544,654.3305459518474,0.0,11.174114039942143,643.7083625657973
0.0,0.0,515.1549237617799,0.0,10.941319997443347,654.3305459518474,0.0,34.4535182898216,654.3305459518474,0.0,0.0,623.6131495144047,0.0,15.946391911167435,654.3305459518474,0.0,13.0946648905572,654.1840944782431
0.0,0.0,515.1549237617799,0.0,5.9944465943439615,654.3305459518474,0.0,31.543592758586676,654.3305459518474,0.0,0.0,623.6131495144047,0.0,16.819369570537912,654.3305459518474,0.0,13.909444039302981,654.3305459518474
0.0,0.05819851062469866,515.2014825702796,0.0,3.084521063109029,654.3305459518474,0.0,29.27385084422343,654.3305459518474,0.0,0.174595531874096,623.7528259399039,0.0,17.575950208658995,654.3305459518474,0.0,13.211061911806597,654.3305459518474
0.0,0.11639702124939733,515.2946001872791,0.0,2.0951463824891516,654.3305459518474,0.0,27.17870446173428,654.3305459518474,0.0,0.698382127496384,624.3115316419011,0.0,19.089111484901164,654.3305459518474,0.0,12.745473826809006,654.3305459518474
0.0,0.349191063748192,515.5739530382776,0.0,1.8041538293656585,654.3305459518474,0.0,26.887711908610783,654.3305459518474,0.0,1.2803672337433705,625.3358254288958,0.0,19.67109659114815,654.3305459518474,0.0,13.211061911806597,654.3305459518474
0.0,0.698382127496384,516.1326587402748,0.0,1.4549627656174666,654.3305459518474,0.0,28.750064248601138,654.3305459518474,0.0,1.74595531874096,626.7325896838885,0.0,18.390729357404776,654.3305459518474,0.0,14.025841060552379,654.3305459518474
0.0,0.698382127496384,516.691364442272,0.0,1.5131612762421651,654.3305459518474,0.0,28.691865737976443,654.3305459518474,0.0,1.8041538293656585,628.175912747381,0.0,18.27433233615538,654.3305459518474,0.0,14.491429145549967,654.3305459518474
0.0,0.5237865956222879,517.1103937187697,0.0,3.608307658731317,654.3305459518474,0.0,27.12050595110958,654.3305459518474,0.0,1.4549627656174666,629.3398829598749,0.0,18.216133825530683,654.3305459518474,0.0,14.375032124300569,654.3305459518474
0.0,0.349191063748192,517.3897465697682,0.0,6.809225743089744,654.3305459518474,0.0,27.993483610480055,654.3305459518474,0.0,0.87297765937048,630.0382650873713,0.0,16.819369570537912,654.3305459518474,0.0,13.85124552867828,654.3305459518474
0.0,9.848266254941079,502.2380128247093,0.0,41.516471352859114,654.3305459518474,0.0,57.44864442423119,654.3305459518474,0.0,34.83150249113063,637.9034670802758,0.0,50.74177459158055,654.3305459518474,0.0,44.98162292016374,654.3305459518474
0.0,33.22552377397461,508.818431843889,0.0,118.1335367790502,654.3305459518474,0.0,113.0541911765076,654.3305459518474,0.0,106.7438492972613,654.3305459518474,0.0,123.82763007973048,654.3305459518474,0.0,120.47251655399174,654.3305459518474
0.0,53.93033017454209,462.7487620184311,0.0,176.54047190142398,654.3305459518474,0.0,139.7613040315309,654.3305459518474,0.0,160.84091514356564,654.3305459518474,0.0,184.53742516632832,654.3305459518474,0.0,182.2487840418996,654.3305459518474
0.0,89.42877535272169,452.17753737115277,0.0,204.2354585566388,654.3305459518474,0.0,191.66872744501885,654.3305459518474,0.0,190.3699941881652,654.3305459518474,0.0,224.62419194331892,654.3305459518474,0.0,225.38545295171008,654.3305459518474
0.0,130.72985099271912,476.76141816532805,0.0,240.11771372885576,654.3305459518474,0.0,186.6965958521705,654.3305459518474,0.0,219.31708812651772,654.3305459518474,0.0,244.46388054462773,654.3305459518474,0.0,253.4814702016143,654.3305459518474
0.0,151.0429875391374,517.595808196638,0.0,227.14712799067473,654.3305459518474,0.0,145.2287845404108,654.3305459518474,0.0,233.64513881913228,654.3305459518474,0.0,244.99084663009177,654.3305459518474,0.0,258.9710294104014,654.3305459518474
0.0,141.9245428521401,551.1354424783501,0.0,117.88502301632771,654.3305459518474,0.0,166.8647671109735,654.3305459518474,0.0,219.1928312451565,654.3305459518474,0.0,227.44297864305338,654.3305459518474,0.0,240.399167812454,654.3305459518474
0.0,112.50868133894824,561.1423875495087,0.0,40.57593444232374,594.9064803941711,0.0,183.22508530518238,654.3305459518474,0.0,189.43881801817002,654.3305459518474,0.0,192.8521300545334,654.3305459518474,0.0,202.5224435587736,654.3305459518474
0.0,92.78538975888877,553.9277773083975,0.0,23.823946393965663,518.7304267881368,0.0,118.71666730775542,654.3305459518474,0.0,136.2493487615253,654.3305459518474,0.0,138.35553449396804,654.3305459518474,0.0,145.21342027815723,654.3305459518474
0.0,44.47991502444865,498.4076923328461,0.0,13.627989955704741,432.35841674384153,0.0,60.21691474446778,614.5474606963152,0.0,63.55366224709623,617.8842081989436,0.0,66.9480750733942,621.2786210252416,0.0,73.022621149285,627.3531671011324
0.0,10.708525954944554,506.9745130968018,0.0,12.105290209937321,442.0426489117914,0.0,36.83965722543426,644.0191864766625,0.0,1.6720370878925621,619.2218378692577,0.0,6.669249141504798,626.6140203384455,0.0,22.813816164881878,645.6042200330379
0.0,8.089592976833115,513.4461874782683,0.0,19.845692123022243,457.9192026102092,0.0,35.38469445981679,654.3305459518474,0.0,1.6295582974915626,620.5254845072509,0.0,5.9362480837192635,631.3630188054209,0.0,30.6706150992162,654.3305459518474
0.0,5.412461488096976,517.7761566687458,0.0,23.686793824252355,476.8686376696111,0.0,34.628113821695706,654.3305459518474,0.0,1.74595531874096,621.9222487622436,0.0,4.364888296852399,634.8549294429029,0.0,35.73388552356498,654.3305459518474
0.0,5.878049573094565,522.4785963272215,0.0,29.797637439845715,500.70674762148764,0.0,33.522342119826426,654.3305459518474,0.0,1.8041538293656585,623.3655718257361,0.0,3.259116594983125,637.4622227188894,0.0,41.495538075410145,654.3305459518474
0.0,9.719151274324677,530.2539173466812,0.0,26.945910419235485,522.263475956876,0.0,31.89278382233487,654.3305459518474,0.0,2.036947871864453,624.9951301232277,0.0,3.084521063109029,639.9298395693767,0.0,45.336639776640254,654.3305459518474
0.0,17.459553187409597,544.2215598966088,0.0,21.940838505511394,539.8161467612852,0.0,29.85583595047041,654.3305459518474,0.0,2.61893297811144,627.0902765057168,0.0,2.793528509985536,642.1646623773651,0.0,44.98744871289207,654.3305459518474
0.0,20.602272761143325,560.7033781055235,0.0,19.72929510177285,555.5995828427034,0.0,26.596719355487288,654.3305459518474,0.0,2.735329999360837,629.2785405052055,0.0,2.560734467486741,644.2132499513544,0.0,41.72833211790894,654.3305459518474
0.0,22.17363254801019,578.4422841439316,0.0,30.321424035468006,579.8567220710778,0.0,24.559771483622836,654.3305459518474,0.0,2.61893297811144,631.3736868876946,0.0,2.793528509985536,646.4480727593428,0.0,35.85028254481438,654.3305459518474
0.0,25.665543185492112,598.9747186923253,0.0,34.39531977919691,607.3729778944353,0.0,24.967161057995725,654.3305459518474,0.0,3.2009180843584266,633.9344213551814,0.0,4.423086807477099,649.9865422053246,0.0,47.25719062725532,654.3305459518474
0.0,29.681240418596317,622.7197110272023,0.0,34.51171680044631,634.9823513347924,0.0,25.31635212174392,654.3305459518474,0.0,5.23786595622288,638.1247141201596,0.0,6.576431700590949,654.3305459518474,0.0,57.26733445470348,654.3305459518474
0.0,33.05675403482884,649.1651142550653,0.0,32.59116594983125,654.3305459518474,0.0,24.035984888000545,654.3305459518474,0.0,7.9731959555837175,644.5032708846267,0.0,7.449409359961429,654.3305459518474,0.0,56.7435478590812,654.3305459518474
0.0,33.23134956670293,654.3305459518474,0.0,27.70249105735656,654.3305459518474,0.0,22.29002956925959,654.3305459518474,0.0,9.719151274324677,652.2785919040864,0.0,9.020769146828293,654.3305459518474,0.0,56.4525553059577,654.3305459518474
0.0,31.310798716087884,654.3305459518474,0.0,25.549146164242714,654.3305459518474,0.0,21.7662429736373,654.3305459518474,0.0,9.893746806198772,654.3305459518474,0.0,12.16348872056202,654.3305459518474,0.0,57.32553296532818,654.3305459518474
0.0,28.400873184852944,654.3305459518474,0.0,27.993483610480055,654.3305459518474,0.0,20.835066803642118,654.3305459518474,0.0,9.777349784949376,654.3305459518474,0.0,14.491429145549967,654.3305459518474,0.0,57.383731475952885,654.3305459518474
0.0,59.608348297028556,654.3305459518474,0.0,59.12536188239386,654.3305459518474,0.0,46.05427657217221,654.3305459518474,0.0,24.71414465398819,654.0446906058356,0.0,45.32295412380008,654.3305459518474,0.0,90.15152702504176,654.3305459518474
0.0,135.11178216123852,654.3305459518474,0.0,133.1957339519085,654.3305459518474,0.0,112.37320737864833,654.3305459518474,0.0,64.5791567384336,654.3305459518474,0.0,114.50315042041169,654.3305459518474,0.0,165.81065721106035,654.3305459518474
0.0,196.7306747179243,654.3305459518474,0.0,209.38801147408958,654.3305459518474,0.0,161.31568624011837,654.3305459518474,0.0,110.35215695599263,654.3305459518474,0.0,175.73673210263178,654.3305459518474,0.0,235.15909005986254,654.3305459518474
0.0,239.09822275923176,654.3305459518474,0.0,259.00997325299056,654.3305459518474,0.0,229.1981169733495,654.3305459518474,0.0,150.17937062030714,654.3305459518474,0.0,222.18603574778004,654.3305459518474,0.0,276.1613132866246,654.3305459518474
0.0,258.8907521998695,654.3305459518474,0.0,284.76550984752487,654.3305459518474,0.0,252.21514407868128,654.3305459518474,0.0,177.25307286871572,654.3305459518474,0.0,244.1712093820909,654.3305459518474,0.0,295.3026197604371,654.3305459518474
0.0,259.96040409102125,654.3305459518474,0.0,289.59448534894653,654.3305459518474,0.0,255.10149002958062,654.3305459518474,0.0,187.10133912365683,654.3305459518474,0.0,244.58963830641733,654.3305459518474,0.0,288.10322504362654,654.3305459518474
0.0,240.71691943575482,654.3305459518474,0.0,272.75603883935815,654.3305459518474,0.0,237.44976525167476,654.3305459518474,0.0,179.84056640637976,654.3305459518474,0.0,226.21127145040947,654.3305459518474,0.0,264.9351819867562,654.3305459518474
0.0,203.8484690727597,654.3305459518474,0.0,237.4196489626706,654.3305459518474,0.0,173.95112202536149,654.3305459518474,0.0,158.01108909387756,654.3305459518474,0.0,187.9114379021325,654.3305459518474,0.0,231.88425374465572,654.3305459518474
0.0,148.04792669811545,654.3305459518474,0.0,180.64545162763017,654.3305459518474,0.0,110.06080894489901,654.3305459518474,0.0,102.15702857887865,654.3305459518474,0.0,127.50685420845349,654.3305459518474,0.0,174.36601600187612,654.3305459518474
0.0,73.2570938011972,627.5876397530446,0.0,102.52626427515054,654.3305459518474,0.0,60.707761019214324,615.0383069710617,0.0,35.03903834388046,589.3695842957279,0.0,51.71560728096179,606.0461532328092,0.0,107.50757887955402,654.3305459518474
0.0,9.819828575350375,635.443502613325,0.0,34.612394101472006,654.3305459518474,0.0,35.442892970441484,643.3926213474149,0.0,8.031394466208416,595.7946998686947,0.0,0.23279404249879465,606.2323884668082,0.0,51.85487296660651,654.3305459518474
0.0,8.6133795724554,642.3342062712893,0.0,26.596719355487288,654.3305459518474,0.0,40.273369352291475,654.3305459518474,0.0,8.496982551206004,602.5922859096595,0.0,1.0475731912445758,607.0704470198039,0.0,50.63270424348784,654.3305459518474
0.0,7.042019785588539,647.9678220997602,0.0,14.491429145549967,654.3305459518474,0.0,39.92417828854328,654.3305459518474,0.0,8.904372125578895,609.7157836101226,0.0,3.6665061693560155,610.0036519552887,0.0,49.06134445662097,654.3305459518474
0.0,7.042019785588539,653.601437928231,0.0,8.205989998082512,654.3305459518474,0.0,38.06182594855293,654.3305459518474,0.0,9.311761699951786,617.165192970084,0.0,7.333012338712031,615.8700618262583,0.0,47.95557275475169,654.3305459518474
0.0,9.428158721201184,654.3305459518474,0.0,6.227240636842756,654.3305459518474,0.0,35.67568701294028,654.3305459518474,0.0,9.486357231825883,624.7542787555448,0.0,10.47573191244576,624.2506473562149,0.0,47.95557275475169,654.3305459518474
0.0,12.978267869307802,654.3305459518474,0.0,5.9944465943439615,654.3305459518474,0.0,34.51171680044631,654.3305459518474,0.0,8.729776593704798,631.7381000305086,0.0,11.75609914618913,633.6555266731663,0.0,47.95557275475169,654.3305459518474
0.0,17.459553187409597,654.3305459518474,0.0,5.761652551845168,654.3305459518474,0.0,33.46414360920173,654.3305459518474,0.0,7.274813828087333,637.5579510929784,0.0,11.406908082440939,642.781053139119,0.0,48.47935935037398,654.3305459518474
0.0,25.14175658986982,654.3305459518474,0.0,5.470659998721674,654.3305459518474,0.0,33.638739141075824,654.3305459518474,0.0,5.412461488096976,641.887920283456,0.0,10.242937869946964,650.9754034350765,0.0,49.35233700974447,654.3305459518474
0.0,35.966679566063775,654.3305459518474,0.0,4.772277871225291,654.3305459518474,0.0,34.33712126857221,654.3305459518474,0.0,3.899300211854811,645.0073604529398,0.0,9.369960210576485,654.3305459518474,0.0,49.643329562867955,654.3305459518474
0.0,42.54311126665472,654.3305459518474,0.0,4.132094254353605,654.3305459518474,0.0,34.104327226073416,654.3305459518474,0.0,2.8517270206102348,647.2887420694279,0.0,8.904372125578895,654.3305459518474,0.0,49.468734030993865,654.3305459518474
0.0,48.0137712653764,654.3305459518474,0.0,4.481285318101797,654.3305459518474,0.0,32.53296743920656,654.3305459518474,0.0,2.6771314887361384,649.4304472604168,0.0,7.914997444959019,654.3305459518474,0.0,49.29413849911976,654.3305459518474
0.0,51.44748339223362,654.3305459518474,0.0,5.121468934973482,654.3305459518474,0.0,30.437821056717404,654.3305459518474,0.0,2.560734467486741,651.4790348344062,0.0,8.6133795724554,654.3305459518474,0.0,49.11954296724567,654.3305459518474
0.0,52.90244615785109,654.3305459518474,0.0,5.528858509346373,654.3305459518474,0.0,27.877086589230657,654.3305459518474,0.0,2.3861389356126455,653.3879459828963,0.0,10.126540848697566,654.3305459518474,0.0,49.643329562867955,654.3305459518474
0.0,52.96064466847578,654.3305459518474,0.0,5.7034540412204695,654.3305459518474,0.0,26.363925312988492,654.3305459518474,0.0,2.6771314887361384,654.3305459518474,0.0,9.253563189327087,654.3305459518474,0.0,50.05071913724085,654.3305459518474
0.0,55.450640394955876,654.3305459518474,0.0,24.550588472067695,653.8811344239151,0.0,53.231592589075596,654.3305459518474,0.0,32.539681876860165,654.3305459518474,0.0,43.97970800916191,654.3305459518474,0.0,80.29707951940222,654.3305459518474
0.0,62.057010655565875,654.3305459518474,0.0,80.59814372900614,654.3305459518474,0.0,120.05859027095028,654.3305459518474,0.0,111.19687466475746,654.3305459518474,0.0,118.6951217948034,654.3305459518474,0.0,145.9836865691185,654.3305459518474
0.0,111.08126760799618,654.3305459518474,0.0,140.9319886816785,654.3305459518474,0.0,179.3510432830765,654.3305459518474,0.0,174.47526407895387,654.3305459518474,0.0,179.45525553191405,654.3305459518474,0.0,187.56471541228584,654.3305459518474
0.0,208.82624872935133,654.3305459518474,0.0,169.6431090876905,654.3305459518474,0.0,230.48934582806143,654.3305459518474,0.0,217.1149054633194,654.3305459518474,0.0,223.8329923749087,654.3305459518474,0.0,210.52354400699284,654.3305459518474
0.0,249.16152926906446,654.3305459518474,0.0,158.86834703302432,654.3305459518474,0.0,250.60430726227008,654.3305459518474,0.0,237.61835726183548,654.3305459518474,0.0,248.297122385746,654.3305459518474,0.0,147.42760998478235,654.3305459518474
0.0,266.22808945088155,654.3305459518474,0.0,107.50193081581074,654.3305459518474,0.0,250.0223221560231,654.3305459518474,0.0,237.04105252585862,654.3305459518474,0.0,251.14416903608614,654.3305459518474,0.0,131.66031624677407,654.3305459518474
0.0,244.0415612145193,654.3305459518474,0.0,87.43262766184485,641.7631736136923,0.0,223.4645466431249,654.3305459518474,0.0,219.04481705447463,654.3305459518474,0.0,233.64663969956064,654.3305459518474,0.0,134.0999733227413,654.3305459518474
0.0,178.50597011634156,654.3305459518474,0.0,143.91115207349173,654.3305459518474,0.0,187.95506211499173,654.3305459518474,0.0,185.51408188758117,654.3305459518474,0.0,197.92326033899403,654.3305459518474,0.0,121.68779311047174,654.3305459518474
0.0,143.00752493816196,654.3305459518474,0.0,134.0393062382151,654.3305459518474,0.0,135.1305036423189,654.3305459518474,0.0,137.75915281894066,654.3305459518474,0.0,144.57173578085724,654.3305459518474,0.0,101.34321712360605,654.3305459518474
0.0,96.92781244725575,651.2583583991031,0.0,55.602367262434655,609.932913214282,0.0,72.7172320273811,627.0477779792285,0.0,67.63841961179367,621.9689655636411,0.0,78.0183323224689,632.3488782743163,0.0,64.38194931969713,618.7124952715445
0.0,57.441929986577584,654.3305459518474,0.0,1.1057717018692748,610.8175305757775,0.0,33.28954807732764,653.6794164410906,0.0,11.75609914618913,631.3738448805924,0.0,27.353299993608367,654.2315182692031,0.0,45.39483828726496,654.3305459518474
0.0,56.7435478590812,654.3305459518474,0.0,5.412461488096976,615.147499766255,0.0,34.33712126857221,654.3305459518474,0.0,11.232312550566842,640.3596949210458,0.0,31.659989779836074,654.3305459518474,0.0,42.54311126665472,654.3305459518474
0.0,56.2779597740836,654.3305459518474,0.0,15.539002336794544,627.5787016356907,0.0,36.432267651061366,654.3305459518474,0.0,15.539002336794544,652.7908967904815,0.0,28.168079142354156,654.3305459518474,0.0,39.4585902035457,654.3305459518474
0.0,56.0451657315848,654.3305459518474,0.0,27.469697014857765,649.5544592475769,0.0,35.966679566063775,654.3305459518474,0.0,19.321905527399956,654.3305459518474,0.0,22.98841169675597,654.3305459518474,0.0,39.633185735419794,654.3305459518474
0.0,55.230386582839024,654.3305459518474,0.0,31.136203184213784,654.3305459518474,0.0,32.53296743920656,654.3305459518474,0.0,18.157935314905984,654.3305459518474,0.0,19.030912974276465,654.3305459518474,0.0,37.712634884804736,654.3305459518474
0.0,53.251637221599275,654.3305459518474,0.0,28.400873184852944,654.3305459518474,0.0,28.750064248601138,654.3305459518474,0.0,18.565324889278873,654.3305459518474,0.0,17.75054574053309,654.3305459518474,0.0,35.79208403418968,654.3305459518474
0.0,50.92369679661133,654.3305459518474,0.0,28.575468716727045,654.3305459518474,0.0,24.967161057995725,654.3305459518474,0.0,21.999037016136093,654.3305459518474,0.0,17.692347229908396,654.3305459518474,0.0,34.27892275794751,654.3305459518474
0.0,48.886748924746875,654.3305459518474,0.0,33.75513616232522,654.3305459518474,0.0,21.417051909889107,654.3305459518474,0.0,24.501572972998137,654.3305459518474,0.0,16.470178506789722,654.3305459518474,0.0,34.27892275794751,654.3305459518474
0.0,47.315389137880004,654.3305459518474,0.0,41.78653062853363,654.3305459518474,0.0,18.448927868029475,654.3305459518474,0.0,25.19995510049452,654.3305459518474,0.0,14.666024677424062,654.3305459518474,0.0,33.23134956670293,654.3305459518474
0.0,46.966198074131825,654.3305459518474,0.0,40.38976637354087,654.3305459518474,0.0,17.575950208658995,654.3305459518474,0.0,23.686793824252355,654.3305459518474,0.0,14.607826166799367,654.3305459518474,0.0,31.776386801085472,654.3305459518474
0.0,46.61700701038363,654.3305459518474,0.0,32.59116594983125,654.3305459518474,0.0,15.480803826169845,654.3305459518474,0.0,21.067860846140917,654.3305459518474,0.0,16.87756808116261,654.3305459518474,0.0,30.3796225460927,654.3305459518474
0.0,43.5324859472746,654.3305459518474,0.0,19.67109659114815,654.3305459518474,0.0,13.909444039302981,654.3305459518474,0.0,19.438302548649354,654.3305459518474,0.0,20.07848616552104,654.3305459518474,0.0,28.575468716727045,654.3305459518474
0.0,42.310317224155924,654.3305459518474,0.0,16.295582974915625,654.3305459518474,0.0,12.745473826809006,654.3305459518474,0.0,18.099736804281285,654.3305459518474,0.0,23.453999781753563,654.3305459518474,0.0,26.65491786611199,654.3305459518474
0.0,41.90292764978304,654.3305459518474,0.0,18.099736804281285,654.3305459518474,0.0,12.047091699312622,654.3305459518474,0.0,16.411979996165023,654.3305459518474,0.0,28.400873184852944,654.3305459518474,0.0,24.443374462373438,654.3305459518474
0.0,58.437841375866014,654.3305459518474,0.0,20.012427794784493,649.3429737466319,0.0,21.189115966645467,650.5196619184928,0.0,27.27320051206153,654.3305459518474,0.0,63.8536600827898,654.3305459518474,0.0,34.17842318590687,654.3305459518474
0.0,109.25371192728002,654.3305459518474,0.0,49.705063021304525,654.3305459518474,0.0,51.57077258012169,654.3305459518474,0.0,61.502317806451366,654.3305459518474,0.0,140.19077230581098,654.3305459518474,0.0,68.31472303938286,654.3305459518474
0.0,182.05157662316316,654.3305459518474,0.0,175.30840925080994,654.3305459518474,0.0,90.20407747192317,644.5346234237705,0.0,110.08624486363303,654.3305459518474,0.0,200.9681266435737,654.3305459518474,0.0,140.1074933344224,654.3305459518474
0.0,170.44313620968575,654.3305459518474,0.0,247.79788306393246,654.3305459518474,0.0,141.33452015679623,654.3305459518474,0.0,133.60665847409325,654.3305459518474,0.0,207.18750742030466,654.3305459518474,0.0,204.79050686372346,654.3305459518474
0.0,179.29098843405336,654.3305459518474,0.0,254.27681695333945,654.3305459518474,0.0,168.18328822281785,654.3305459518474,0.0,130.8760088450025,654.3305459518474,0.0,180.2066226128099,654.3305459518474,0.0,253.0346035976971,654.3305459518474
0.0,141.55106129211617,654.3305459518474,0.0,240.66286810844502,654.3305459518474,0.0,149.74354336634357,654.3305459518474,0.0,143.74273779231606,654.3305459518474,0.0,163.65916865634495,654.3305459518474,0.0,258.3795058346292,654.3305459518474
0.0,140.78344130404147,654.3305459518474,0.0,231.57118249162505,654.3305459518474,0.0,137.95582705072195,654.3305459518474,0.0,151.35420245376963,654.3305459518474,0.0,138.55167553879417,654.3305459518474,0.0,246.44077356746905,654.3305459518474
0.0,128.41056039233115,654.3305459518474,0.0,222.3552399934438,654.3305459518474,0.0,116.19558759879803,654.3305459518474,0.0,144.50232019129385,654.3305459518474,0.0,114.32184045088397,654.3305459518474,0.0,213.4716234163288,654.3305459518474
0.0,101.80244622892016,654.3305459518474,0.0,180.13870790367486,654.3305459518474,0.0,86.5186720925017,640.8492180443491,0.0,124.29922168644143,654.3305459518474,0.0,98.51356880290302,652.8441147547504,0.0,152.0634462022346,654.3305459518474
0.0,71.82349881954671,626.1540447713941,0.0,109.11823796698013,654.3305459518474,0.0,41.76498511558161,582.6142031599306,0.0,66.5450104113213,620.8755563631687,0.0,63.276177617827855,616.1202923725783,0.0,74.9383139006449,629.2688598524923
0.0,54.29921041284385,654.3305459518474,0.0,54.18281339159446,654.3305459518474,0.0,7.216615317462634,588.3874954139008,0.0,33.638739141075824,647.7865476760294,0.0,48.24656530787519,654.3305459518474,0.0,29.041056801724633,652.501705293872
0.0,54.06641637034505,654.3305459518474,0.0,52.0876670091053,654.3305459518474,0.0,7.798600423709622,594.6263757528684,0.0,37.59623786355534,654.3305459518474,0.0,48.53755786099868,654.3305459518474,0.0,29.85583595047041,654.3305459518474
0.0,54.41560743409325,654.3305459518474,0.0,49.41053552036916,654.3305459518474,0.0,6.169042126218058,599.5616094538428,0.0,40.15697233104208,654.3305459518474,0.0,48.130168286625796,654.3305459518474,0.0,29.15745382297403,654.3305459518474
0.0,54.88119551909084,654.3305459518474,0.0,46.326014457260136,654.3305459518474,0.0,3.899300211854811,602.6810496233267,0.0,41.43733956478545,654.3305459518474,0.0,46.50060998913423,654.3305459518474,0.0,25.84013871736621,654.3305459518474
0.0,54.88119551909084,654.3305459518474,0.0,42.48491275603003,654.3305459518474,0.0,2.15334489311385,604.4037255378178,0.0,40.15697233104208,654.3305459518474,0.0,45.80222786163785,654.3305459518474,0.0,22.581022122383082,654.3305459518474
0.0,54.99759254034023,654.3305459518474,0.0,39.05120062917281,654.3305459518474,0.0,1.3385657443680692,605.4745781333122,0.0,36.95605424668366,654.3305459518474,0.0,45.91862488288725,654.3305459518474,0.0,18.914515953027067,654.3305459518474
0.0,54.93939402971553,654.3305459518474,0.0,36.19947360856257,654.3305459518474,0.0,1.222168723118672,606.4523131118071,0.0,32.88215850295474,654.3305459518474,0.0,45.685830840388455,654.3305459518474,0.0,16.93576659178731,654.3305459518474
0.0,54.64840147659204,654.3305459518474,0.0,33.87153318357462,654.3305459518474,0.0,1.4549627656174666,607.6162833243011,0.0,29.15745382297403,654.3305459518474,0.0,46.326014457260136,654.3305459518474,0.0,15.422605315545146,654.3305459518474
0.0,54.47380594471795,654.3305459518474,0.0,32.125577864833666,654.3305459518474,0.0,1.5131612762421651,608.8268123452948,0.0,25.025359568620424,654.3305459518474,0.0,46.326014457260136,654.3305459518474,0.0,13.443855954305391,654.3305459518474
0.0,54.59020296596734,654.3305459518474,0.0,29.15745382297403,654.3305459518474,0.0,1.2803672337433705,609.8511061322895,0.0,21.067860846140917,654.3305459518474,0.0,46.15141892538605,654.3305459518474,0.0,11.639702124939733,654.3305459518474
0.0,55.113989561589634,654.3305459518474,0.0,28.750064248601138,654.3305459518474,0.0,0.9893746806198773,610.6426058767854,0.0,17.75054574053309,654.3305459518474,0.0,46.26781594663544,654.3305459518474,0.0,9.660952763699978,654.3305459518474
0.0,55.40498211471312,654.3305459518474,0.0,28.924659780475235,654.3305459518474,0.0,0.698382127496384,611.2013115787826,0.0,13.327458933055995,654.3305459518474,0.0,46.67520552100833,654.3305459518474,0.0,7.565806381210827,654.3305459518474
0.0,55.579577646587225,654.3305459518474,0.0,28.63366722735174,654.3305459518474,0.0,0.5237865956222879,611.6203408552803,0.0,9.078967657452992,654.3305459518474,0.0,46.326014457260136,654.3305459518474,0.0,5.8198510624698665,654.3305459518474
0.0,55.695974667836616,654.3305459518474,0.0,27.17870446173428,654.3305459518474,0.0,0.4655880849975893,611.9928113232784,0.0,6.285439147467455,654.3305459518474,0.0,44.58005913851918,654.3305459518474,0.0,4.888674892474688,654.3305459518474
0.0,59.567014929085786,654.3305459518474,0.0,49.360552327826426,654.3305459518474,0.0,33.12484647294891,618.4926885016375,0.0,22.862831663951436,652.1933776157988,0.0,52.429175941726704,654.3305459518474,0.0,21.08225741492133,650.4128033667687
0.0,77.31623751817558,654.3305459518474,0.0,109.27446747574393,654.3305459518474,0.0,110.70770699942432,654.3305459518474,0.0,57.472579462536864,654.3305459518474,0.0,96.98636641585055,654.3305459518474,0.0,75.7644878573144,654.3305459518474
0.0,126.07626098765968,654.3305459518474,0.0,162.76278914562397,654.3305459518474,0.0,176.12690107635265,654.3305459518474,0.0,73.99177346839613,628.3223194202435,0.0,118.34239578324333,654.3305459518474,0.0,138.16203975202853,654.3305459518474
0.0,142.7511513153276,654.3305459518474,0.0,198.59788515716986,654.3305459518474,0.0,220.49995754907715,654.3305459518474,0.0,75.74090827697884,604.0632276972224,0.0,130.0719135882402,654.3305459518474,0.0,185.14934883259437,654.3305459518474
0.0,131.48722159532832,654.3305459518474,0.0,208.72778322469418,654.3305459518474,0.0,242.0620218887914,654.3305459518474,0.0,68.62329165112851,572.6865193483509,0.0,167.57118682756678,654.3305459518474,0.0,214.88764233935714,654.3305459518474
0.0,128.75657196623757,654.3305459518474,0.0,215.51828748670357,654.3305459518474,0.0,244.79267151788216,654.3305459518474,0.0,58.891422417436836,531.5779417657877,0.0,188.47734783018564,654.3305459518474,0.0,225.9109181567458,654.3305459518474
0.0,129.7223670665219,654.3305459518474,0.0,202.3605659862665,654.3305459518474,0.0,229.49096586487147,654.3305459518474,0.0,58.433694192551094,490.01163595833884,0.0,181.70424189781343,654.3305459518474,0.0,224.31279929970162,654.3305459518474
0.0,112.93107971760458,654.3305459518474,0.0,172.77646792088404,654.3305459518474,0.0,194.05071919731654,654.3305459518474,0.0,58.71682688556274,448.7284628439016,0.0,99.03135187681193,653.3618978286593,0.0,196.60677329453316,654.3305459518474
0.0,106.43006712829037,654.3305459518474,0.0,123.47693813555392,654.3305459518474,0.0,138.1887988222058,654.3305459518474,0.0,58.54223135368864,407.2706941975902,0.0,43.19301108203672,596.554908910696,0.0,140.86124994067183,654.3305459518474
0.0,69.01893095960757,623.349476911455,0.0,57.86742880652781,612.1979747583753,0.0,62.36293296442495,616.6934789162724,0.0,20.196739525168894,327.4674337227591,0.0,33.277007846945686,529.8319167576417,0.0,66.30789145652251,620.6384374083699
0.0,51.214689349734826,654.3305459518474,0.0,0.40738957437289064,612.5238864178735,0.0,0.9311761699951786,617.4384198522686,0.0,0.0,327.4674337227591,0.0,36.95605424668366,559.3967601549887,0.0,2.735329999360837,622.8267014078585
0.0,48.130168286625796,654.3305459518474,0.0,0.349191063748192,612.8032392688721,0.0,0.7565806381210826,618.0436843627655,0.0,0.11639702124939733,327.5605513397586,0.0,39.516788714170396,591.010191126325,0.0,2.0951463824891516,624.5028185138499
0.0,44.58005913851918,654.3305459518474,0.0,0.0,612.8032392688721,0.0,0.11639702124939733,618.136801979765,0.0,1.222168723118672,328.53828631825354,0.0,38.06182594855293,621.4596518851673,0.0,0.5819851062469866,624.9684065988474
0.0,40.273369352291475,654.3305459518474,0.0,0.0,612.8032392688721,0.0,0.0,618.136801979765,0.0,4.132094254353605,331.84396172173643,0.0,36.19947360856257,650.4192307720174,0.0,0.05819851062469866,625.0149654073472
0.0,36.024878076688466,654.3305459518474,0.0,0.05819851062469866,612.8497980773718,0.0,0.0,618.136801979765,0.0,7.216615317462634,337.61725397570655,0.0,33.114952545453534,654.3305459518474,0.0,0.05819851062469866,625.0615242158469
0.0,31.019806162964386,654.3305459518474,0.0,1.4549627656174666,614.0137682898658,0.0,0.0,618.136801979765,0.0,11.290511061191541,346.6496628246598,0.0,30.03043148234451,654.3305459518474,0.0,0.349191063748192,625.3408770668455
0.0,25.432749142993313,654.3305459518474,0.0,5.23786595622288,618.204061054844,0.0,0.0,618.136801979765,0.0,15.073414251796954,358.70839422609737,0.0,25.14175658986982,654.3305459518474,0.0,0.698382127496384,625.8995827688426
0.0,24.443374462373438,654.3305459518474,0.0,8.26418850870721,624.8154118618098,0.0,0.05819851062469866,618.1833607882647,0.0,15.71359786866864,371.2792725210323,0.0,18.856317442402368,654.3305459518474,0.0,0.5237865956222879,626.3186120453404
0.0,21.358853399264408,654.3305459518474,0.0,8.787975104329497,631.8457919452734,0.0,0.11639702124939733,618.2764784052642,0.0,13.443855954305391,382.0343572844766,0.0,12.512679784310212,654.3305459518474,0.0,0.5819851062469866,626.7842001303379
0.0,21.067860846140917,654.3305459518474,0.0,9.020769146828293,639.062407262736,0.0,0.174595531874096,618.4161548307635,0.0,10.533930423070458,390.46150162293293,0.0,7.798600423709622,654.3305459518474,0.0,1.222168723118672,627.7619351088329
0.0,20.07848616552104,654.3305459518474,0.0,7.85679893433432,645.3478464102034,0.0,0.2909925531234933,618.6489488732623,0.0,9.893746806198772,398.3764990678919,0.0,5.354262977472277,654.3305459518474,0.0,2.560734467486741,629.8105226828222
0.0,20.02028765489634,654.3305459518474,0.0,5.645255530595771,649.86405083468,0.0,0.4655880849975893,619.0214193412603,0.0,9.253563189327087,405.7793496193536,0.0,5.179667445598181,654.3305459518474,0.0,4.364888296852399,633.3024333203042
0.0,18.27433233615538,654.3305459518474,0.0,4.597682339351194,653.542196706161,0.0,0.6401836168716852,619.5335662347577,0.0,9.428158721201184,413.32187659631455,0.0,5.587057019971072,654.3305459518474,0.0,6.51823318996625,638.5170198722772
0.0,16.004590421792134,654.3305459518474,0.0,4.830476381849989,654.3305459518474,0.0,0.6401836168716852,620.0457131282551,0.0,12.338084252436117,423.1923439982634,0.0,6.0526451049686605,654.3305459518474,0.0,8.6133795724554,645.4077235302415
0.0,19.005832513512566,648.33637846536,0.0,40.84484829554003,654.3305459518474,0.0,13.552570844427995,608.5982839726831,0.0,40.43260062191199,435.53842449579304,0.0,19.337802976608714,648.6683489284561,0.0,28.86045774813715,648.4960897287511
0.0,55.08158242766907,654.3305459518474,0.0,122.20125127208065,654.3305459518474,0.0,75.32565884249411,648.8588110466784,0.0,111.38233181760008,504.6442899498731,0.0,51.76744681190299,654.3305459518474,0.0,88.81367219661391,654.3305459518474
0.0,98.42278542937268,652.75333138122,0.0,186.28973946475278,654.3305459518474,0.0,127.99920136362837,654.3305459518474,0.0,174.45150676963326,564.2054953655797,0.0,85.56241546174263,639.89296141359,0.0,150.08187280912318,654.3305459518474
0.0,163.1467768686464,654.3305459518474,0.0,222.6879213724802,654.3305459518474,0.0,171.6895954290802,654.3305459518474,0.0,220.55161935103328,654.3305459518474,0.0,172.91176415219888,654.3305459518474,0.0,182.71755161673897,654.3305459518474
0.0,172.96678317298182,654.3305459518474,0.0,228.53303062469897,654.3305459518474,0.0,204.11605977453272,654.3305459518474,0.0,238.40937910126064,654.3305459518474,0.0,182.11198693015643,654.3305459518474,0.0,191.13443468639812,654.3305459518474
0.0,190.09472135526542,654.3305459518474,0.0,208.66976244305457,654.3305459518474,0.0,209.23602782907787,654.3305459518474,0.0,204.4162353392114,654.3305459518474,0.0,166.91881843828324,654.3305459518474,0.0,169.1728406324228,654.3305459518474
0.0,195.4160440118619,654.3305459518474,0.0,144.4994961594222,654.3305459518474,0.0,198.99609171998756,654.3305459518474,0.0,117.91628472779003,654.3305459518474,0.0,109.11744800249201,654.3305459518474,0.0,125.57526400788484,654.3305459518474
0.0,168.95894579998944,654.3305459518474,0.0,78.62257385760813,632.9531198094555,0.0,167.5936209854441,654.3305459518474,0.0,85.09347015791823,639.4240161097656,0.0,73.78573849607464,628.116284447922,0.0,69.75582242317509,624.0863683750225
0.0,130.04718858544643,654.3305459518474,0.0,48.37621347544677,581.3293332849023,0.0,119.12459006908347,654.3305459518474,0.0,74.04193438992392,613.4659504996895,0.0,43.12412867942853,571.2404131273505,0.0,52.98025479448145,577.0666231695039
0.0,61.04794680039243,615.3784927522398,0.0,21.73348038174661,503.06281366664894,0.0,57.634634764029016,611.9651807158764,0.0,29.914212190080164,543.3801626897697,0.0,15.650896716758897,486.8913098441094,0.0,36.27860539663624,513.3452285661401
0.0,1.9787493612397546,616.9614922412317,0.0,4.830476381849989,506.9271947721289,0.0,1.222168723118672,612.9429156943713,0.0,23.62859531362766,562.2830389406719,0.0,0.87297765937048,487.58969197160576,0.0,5.121468934973482,517.4424037141189
0.0,3.317315105607824,619.615344325718,0.0,6.634630211215648,512.2348989411014,0.0,2.0951463824891516,614.6190328003627,0.0,19.90389063364694,578.2061514475894,0.0,2.269741914363248,489.4054855030964,0.0,8.846173614954198,524.5193426060822
0.0,3.084521063109029,622.0829611762052,0.0,10.01014382744817,520.2430140030599,0.0,2.5025359568620424,616.6210615658523,0.0,15.015215741172256,590.2183240405271,0.0,2.61893297811144,491.5006318855855,0.0,13.443855954305391,535.2744273695265
0.0,3.4337121268572206,624.829930877691,0.0,14.31683361367587,531.6964808940006,0.0,3.084521063109029,619.0886784163396,0.0,14.898818719922858,602.1373790164654,0.0,0.7565806381210826,492.10589639608236,0.0,19.787493612397544,551.1044222594445
0.0,5.179667445598181,628.9736648341695,0.0,18.914515953027067,546.8280936564223,0.0,3.608307658731317,621.9753245433246,0.0,17.3431561661602,616.0119039493935,0.0,0.05819851062469866,492.1524552045821,0.0,25.083558079245122,571.1712687228406
0.0,6.867424253714441,634.4676042371411,0.0,21.999037016136093,564.4273232693312,0.0,3.550109148106618,624.8154118618099,0.0,18.914515953027067,631.1435167118152,0.0,0.0,492.1524552045821,0.0,28.575468716727045,594.0316436962223
0.0,7.565806381210827,640.5202493421098,0.0,24.79256552612163,584.2613756902285,0.0,3.1427195737337277,627.329587520797,0.0,26.072932759865,652.0018629197073,0.0,0.0,492.1524552045821,0.0,30.437821056717404,618.3819005415962
0.0,7.914997444959019,646.852247298077,0.0,23.163007228630068,602.7917814731326,0.0,2.61893297811144,629.4247339032861,0.0,36.54866467231076,654.3305459518474,0.0,0.0,492.1524552045821,0.0,29.27385084422343,641.800981216975
0.0,8.729776593704798,653.8360685730408,0.0,22.057235526760792,620.4375698945412,0.0,2.0951463824891516,631.1008510092774,0.0,37.47984084230594,654.3305459518474,0.0,0.0,492.1524552045821,0.0,24.152381909249943,654.3305459518474
0.0,9.020769146828293,654.3305459518474,0.0,23.163007228630068,638.9679756774452,0.0,1.6877568081162613,632.4510564557704,0.0,34.33712126857221,654.3305459518474,0.0,0.05819851062469866,492.19901401308186,0.0,20.77686829301742,654.3305459518474
0.0,7.624004891835525,654.3305459518474,0.0,19.089111484901164,654.2392648653662,0.0,1.5131612762421651,633.6615854767641,0.0,30.321424035468006,654.3305459518474,0.0,0.2909925531234933,492.43180805558063,0.0,19.089111484901164,654.3305459518474
0.0,5.179667445598181,654.3305459518474,0.0,14.607826166799367,654.3305459518474,0.0,1.74595531874096,635.0583497317568,0.0,37.42164233168124,654.3305459518474,0.0,1.3385657443680692,493.5026606510751,0.0,20.893265314266817,654.3305459518474
0.0,2.9681240418596317,654.3305459518474,0.0,22.057235526760792,654.3305459518474,0.0,2.2115434037385495,636.8275844547477,0.0,49.643329562867955,654.3305459518474,0.0,2.0951463824891516,495.17877775706637,0.0,23.51219829237826,654.3305459518474
0.0,1.8041538293656585,654.3305459518474,0.0,26.363925312988492,654.3305459518474,0.0,2.6771314887361384,638.9692896457366,0.0,51.44748339223362,654.3305459518474,0.0,2.036947871864453,496.8083360545579,0.0,24.501572972998137,654.3305459518474
0.0,34.86294193157802,654.3305459518474,0.0,23.573576292844713,652.9041222446921,0.0,30.73234855765276,643.5551684918588,0.0,65.71733557422345,654.3305459518474,0.0,28.02845799873932,499.2311024535494,0.0,37.3840216405354,654.3305459518474
0.0,116.84848917503673,654.3305459518474,0.0,64.88887077263747,654.3305459518474,0.0,100.91445976526617,654.3305459518474,0.0,152.0552308841526,654.3305459518474,0.0,101.35646826992823,560.316277069492,0.0,78.20228859488319,654.3305459518474
0.0,179.78872687543856,654.3305459518474,0.0,168.6189377477964,654.3305459518474,0.0,158.52551494895962,654.3305459518474,0.0,204.635955964373,654.3305459518474,0.0,163.3041517998684,610.9595985093868,0.0,134.55955788602552,654.3305459518474
0.0,215.85343743964145,654.3305459518474,0.0,206.97546892626974,654.3305459518474,0.0,199.47739952520888,654.3305459518474,0.0,227.01279945283306,654.3305459518474,0.0,202.72397588981008,654.3305459518474,0.0,152.5760157189182,654.3305459518474
0.0,235.40999334793864,654.3305459518474,0.0,213.1839880820321,654.3305459518474,0.0,222.33873030873198,654.3305459518474,0.0,252.0117554092463,654.3305459518474,0.0,213.7629714274224,654.3305459518474,0.0,133.76032072851837,654.3305459518474
0.0,229.03323763998574,654.3305459518474,0.0,177.30023202938682,654.3305459518474,0.0,227.9667652386757,654.3305459518474,0.0,262.65908109270947,654.3305459518474,0.0,173.78474181156938,654.3305459518474,0.0,122.84876156210902,654.3305459518474
0.0,187.9649560424871,654.3305459518474,0.0,89.66624976549059,643.996795717338,0.0,219.2667494760049,654.3305459518474,0.0,257.0074665824302,654.3305459518474,0.0,130.00939016531552,654.3305459518474,0.0,151.65587889887664,654.3305459518474
0.0,110.42925467668277,654.3305459518474,0.0,49.09031532316685,593.0871110405049,0.0,184.408487914697,654.3305459518474,0.0,197.7354136607978,654.3305459518474,0.0,105.01511457917239,654.3305459518474,0.0,152.9048066921726,654.3305459518474
0.0,50.64427678039661,604.974822732244,0.0,30.022927080202773,523.1100381207076,0.0,131.4171937702619,654.3305459518474,0.0,82.71783738530402,637.0483833371514,0.0,70.50604408161266,624.8365900334601,0.0,108.47355170882341,654.3305459518474
0.0,32.9090953021171,537.883918034361,0.0,18.620521639046878,441.73055975975444,0.0,60.925190799459536,615.2557367513069,0.0,60.674465240368455,597.7228485775199,0.0,22.902130964510683,547.7387209979707,0.0,65.79929139416876,620.1298373460162
0.0,23.337602760504165,556.5540002427643,0.0,8.438784040581305,448.4815869922195,0.0,7.158416806837935,620.9824701967773,0.0,46.55880849975893,634.969895377327,0.0,7.274813828087333,553.5585720604406,0.0,39.57498722479509,651.7898271258523
0.0,24.559771483622836,576.2018174296626,0.0,13.211061911806597,459.0504365216648,0.0,8.089592976833115,627.4541445782438,0.0,41.32094254353605,654.3305459518474,0.0,7.449409359961429,559.5180995484097,0.0,39.691384246044485,654.3305459518474
0.0,23.686793824252355,595.1512524890645,0.0,33.46414360920173,485.82175140902615,0.0,8.031394466208416,633.8792601512106,0.0,35.26829743856739,654.3305459518474,0.0,6.285439147467455,564.5464508663837,0.0,39.3421931822963,654.3305459518474
0.0,22.581022122383082,613.216070186971,0.0,43.4160889260252,520.5546225498463,0.0,7.682203402460224,640.0250228731787,0.0,32.47476892858185,654.3305459518474,0.0,5.23786595622288,568.736743631362,0.0,38.76020807604931,654.3305459518474
0.0,22.930213186131272,631.560240735876,0.0,50.28351317973964,560.781433093638,0.0,5.587057019971072,644.4946684891556,0.0,32.41657041795716,654.3305459518474,0.0,4.364888296852399,572.2286542688439,0.0,36.19947360856257,654.3305459518474
0.0,23.62859531362766,650.4631169867782,0.0,45.103845734141466,596.8645096809512,0.0,2.9099255312349332,646.8226089141435,0.0,32.998555524204136,654.3305459518474,0.0,3.3755136162325226,574.92906516183,0.0,33.638739141075824,654.3305459518474
0.0,23.919587866751147,654.3305459518474,0.0,32.30017339670776,622.7046483983174,0.0,1.1057717018692748,647.707226275639,0.0,35.55928999169088,654.3305459518474,0.0,2.9681240418596317,577.3035643953176,0.0,30.3796225460927,654.3305459518474
0.0,24.734367015496932,654.3305459518474,0.0,16.353781485540324,635.7876735867496,0.0,0.349191063748192,647.9865791266375,0.0,38.469215522925815,654.3305459518474,0.0,2.793528509985536,579.538387203306,0.0,27.527895525482467,654.3305459518474
0.0,24.967161057995725,654.3305459518474,0.0,13.734848507428882,646.7755523926927,0.0,0.23279404249879465,648.1728143606365,0.0,39.2257961610469,654.3305459518474,0.0,2.735329999360837,581.7266512027946,0.0,25.956535738615603,654.3305459518474
0.0,27.00410892986018,654.3305459518474,0.0,11.523305103690335,654.3305459518474,0.0,0.23279404249879465,648.3590495946355,0.0,39.691384246044485,654.3305459518474,0.0,3.3755136162325226,584.4270620957807,0.0,25.432749142993313,654.3305459518474
0.0,28.750064248601138,654.3305459518474,0.0,10.533930423070458,654.3305459518474,0.0,0.349191063748192,648.638402445634,0.0,40.33156786291617,654.3305459518474,0.0,5.179667445598181,588.5707960522592,0.0,24.908962547371026,654.3305459518474
0.0,30.96160765233969,654.3305459518474,0.0,16.295582974915625,654.3305459518474,0.0,0.7565806381210826,649.2436669561309,0.0,38.76020807604931,654.3305459518474,0.0,7.740401913084923,594.7631175827271,0.0,23.163007228630068,654.3305459518474
0.0,34.104327226073416,654.3305459518474,0.0,17.401354676784898,654.3305459518474,0.0,1.6877568081162613,650.5938724026239,0.0,37.130649778557746,654.3305459518474,0.0,10.533930423070458,603.1902619211835,0.0,21.475250420513806,654.3305459518474
0.0,38.87660509729871,654.3305459518474,0.0,20.835066803642118,654.3305459518474,0.0,2.8517270206102348,652.875254019112,0.0,35.50109148106618,654.3305459518474,0.0,12.978267869307802,613.5728762166298,0.0,20.95146382489152,654.3305459518474
0.0,41.78653062853363,654.3305459518474,0.0,22.23183105863489,651.5623770104822,0.0,26.077968588105215,653.7376288895962,0.0,47.06705310414257,654.3305459518474,0.0,18.979073443335267,607.551949659965,0.0,25.031718548303925,654.3305459518474
0.0,47.553041279633966,654.3305459518474,0.0,28.185477471991256,654.1107589880752,0.0,97.74966149162526,654.3305459518474,0.0,87.96391865960886,654.3305459518474,0.0,49.60138395942214,627.2330568275027,0.0,37.75697001360419,654.3305459518474
0.0,71.93707180892446,626.2676177607718,0.0,44.596134316712984,598.7068933047882,0.0,158.29272090646083,654.3305459518474,0.0,172.31202525834468,654.3305459518474,0.0,83.07074112584912,610.3037979533518,0.0,66.2730947972483,620.6036407490957
0.0,105.29003195410206,630.4996433240535,0.0,64.44368277813369,563.1505760829219,0.0,207.19590046737164,654.3305459518474,0.0,217.13177060600134,654.3305459518474,0.0,120.32618097272331,626.5647427315305,0.0,89.75102961730752,610.3546703664032
0.0,83.54701310283019,614.0466564268837,0.0,84.94713457664977,548.0977106595717,0.0,228.19169942106265,654.3305459518474,0.0,214.37286102630492,654.3305459518474,0.0,143.57918161039558,654.3305459518474,0.0,108.36854949549772,617.0495099628014
0.0,79.37862130877404,593.4252777356578,0.0,105.01175736034558,552.1071165478481,0.0,229.26603168248454,654.3305459518474,0.0,186.11478847490858,654.3305459518474,0.0,142.83046083238636,654.3305459518474,0.0,116.12952922806149,629.9531333452505
0.0,105.56194756817504,597.8748357901978,0.0,112.32604821797722,561.9679551222299,0.0,210.60135264362324,654.3305459518474,0.0,185.81911555151498,654.3305459518474,0.0,122.96719265074194,654.3305459518474,0.0,123.44064059585138,648.7056458219316
0.0,172.23474980866945,654.3305459518474,0.0,98.83953574428578,560.8074908665156,0.0,170.3242706145348,654.3305459518474,0.0,171.47066476840664,654.3305459518474,0.0,88.5430797339842,642.8736256858316,0.0,85.80457024478163,634.5102160667133
0.0,152.18434586476903,654.3305459518474,0.0,83.8664433355444,544.6739342020601,0.0,110.59130997817492,654.3305459518474,0.0,112.8341150933758,654.3305459518474,0.0,57.07455062870416,599.9481763145358,0.0,70.18829245831188,604.6985085250251
0.0,80.08018292611217,634.4107288779596,0.0,54.44422284266901,499.11815704472906,0.0,40.91726564596008,595.2478115978075,0.0,39.65244040345536,593.9829863553027,0.0,28.212414271153612,528.1605905856894,0.0,27.273378241046586,531.9718867660716
0.0,34.51171680044631,654.3305459518474,0.0,35.966679566063775,527.8915006975801,0.0,3.4337121268572206,597.9947812992933,0.0,10.88312148681865,602.6894835447576,0.0,7.682203402460224,534.3063533076576,0.0,5.8198510624698665,536.6277676160475
0.0,35.15190041731799,654.3305459518474,0.0,38.17822296980233,558.434079073422,0.0,6.110843615593359,602.883456191768,0.0,10.824922976193951,611.3494219257128,0.0,9.95194531682347,542.2679095611163,0.0,5.412461488096976,540.9577368065251
0.0,33.638739141075824,654.3305459518474,0.0,43.4742874366499,593.213509022742,0.0,7.624004891835525,608.9826601052364,0.0,11.115915529317444,620.2421543491668,0.0,15.829994889918037,554.9319054730507,0.0,3.608307658731317,543.8443829335101
0.0,32.649364460455956,654.3305459518474,0.0,48.82855041412218,632.2763493540397,0.0,8.6133795724554,615.8733637632007,0.0,13.56025297555479,631.0903567296106,0.0,19.321905527399956,570.3894298949707,0.0,1.6877568081162613,545.1945883800031
0.0,30.728813609840895,654.3305459518474,0.0,52.4368580728535,654.3305459518474,0.0,9.719151274324677,623.6486847826604,0.0,17.2267591449108,644.8717640455392,0.0,16.819369570537912,583.844925551401,0.0,0.5819851062469866,545.6601764650006
0.0,30.728813609840895,654.3305459518474,0.0,53.89182083847097,654.3305459518474,0.0,9.777349784949376,631.4705646106199,0.0,21.184257867390315,654.3305459518474,0.0,16.93576659178731,597.3935388248309,0.0,0.2909925531234933,545.8929705074994
0.0,32.47476892858185,654.3305459518474,0.0,54.18281339159446,654.3305459518474,0.0,7.914997444959019,637.8025625665872,0.0,23.453999781753563,654.3305459518474,0.0,18.73992042115297,612.3854751617532,0.0,0.23279404249879465,546.0792057414984
0.0,35.09370190669329,654.3305459518474,0.0,54.88119551909084,654.3305459518474,0.0,5.121468934973482,641.899737714566,0.0,25.72374169611681,654.3305459518474,0.0,21.882639994886695,629.8915871576626,0.0,0.349191063748192,546.3585585924969
0.0,35.966679566063775,654.3305459518474,0.0,55.87057019971072,654.3305459518474,0.0,2.8517270206102348,644.1811193310541,0.0,23.803190845501753,654.3305459518474,0.0,26.1311312704897,650.7964921740544,0.0,0.6401836168716852,546.8707054859943
0.0,36.024878076688466,654.3305459518474,0.0,56.6271508378318,654.3305459518474,0.0,1.9787493612397546,645.764118820046,0.0,20.660471271768024,654.3305459518474,0.0,26.65491786611199,654.3305459518474,0.0,1.2803672337433705,547.894999272989
0.0,38.58561254417521,654.3305459518474,0.0,56.80174636970589,654.3305459518474,0.0,2.2115434037385495,647.5333535430368,0.0,17.86694276178249,654.3305459518474,0.0,26.247528291739094,654.3305459518474,0.0,1.9787493612397546,549.4779987619809
0.0,38.81840658667401,654.3305459518474,0.0,56.7435478590812,654.3305459518474,0.0,3.6665061693560155,650.4665584785216,0.0,15.364406804920447,654.3305459518474,0.0,27.17870446173428,654.3305459518474,0.0,2.444337446237344,551.4334687189707
0.0,36.37406914043667,654.3305459518474,0.0,56.97634190157999,654.3305459518474,0.0,5.121468934973482,654.3305459518474,0.0,15.364406804920447,654.3305459518474,0.0,27.877086589230657,654.3305459518474,0.0,2.61893297811144,553.5286151014599
0.0,34.919106374819194,654.3305459518474,0.0,57.15093743345409,654.3305459518474,0.0,5.7034540412204695,654.3305459518474,0.0,12.396282763060816,654.3305459518474,0.0,27.17870446173428,654.3305459518474,0.0,2.61893297811144,555.623761483949
0.0,56.26727588210012,654.3305459518474,0.0,57.26733445470348,654.3305459518474,0.0,18.13135397371374,647.4618999255612,0.0,35.6492834007331,654.3305459518474,0.0,45.81194406014816,654.3305459518474,0.0,28.893575797997954,558.7386221223474
0.0,110.86622735310459,654.3305459518474,0.0,67.9649987886795,654.3305459518474,0.0,74.93548986877327,654.3305459518474,0.0,109.0308118122766,654.3305459518474,0.0,113.85960958471318,654.3305459518474,0.0,101.07333557691658,619.5972905838806
0.0,151.80875118881366,654.3305459518474,0.0,79.96978942657618,634.3003353784236,0.0,139.0161182013335,654.3305459518474,0.0,172.56089447903727,654.3305459518474,0.0,177.13481950906785,654.3305459518474,0.0,144.01500886435917,654.3305459518474
0.0,179.7035915656515,654.3305459518474,0.0,94.6470311829389,628.9473665613625,0.0,192.6679960531341,654.3305459518474,0.0,218.86236166248867,654.3305459518474,0.0,218.05040654561455,654.3305459518474,0.0,168.80792984845093,654.3305459518474
0.0,199.4835807759073,654.3305459518474,0.0,106.36868912782393,634.0423178636216,0.0,220.8600102337939,654.3305459518474,0.0,239.61750671356904,654.3305459518474,0.0,212.37203296515798,654.3305459518474,0.0,156.1708154537944,654.3305459518474
0.0,185.91378933082729,654.3305459518474,0.0,106.76821884208496,639.4568929372896,0.0,220.9606875348196,654.3305459518474,0.0,235.85818310329918,654.3305459518474,0.0,160.90811893676042,654.3305459518474,0.0,133.80969168555805,654.3305459518474
0.0,138.41373300459276,654.3305459518474,0.0,98.57626995481276,638.0331628921024,0.0,199.26968594347397,654.3305459518474,0.0,211.87068052741301,654.3305459518474,0.0,169.26998298563663,654.3305459518474,0.0,124.36881500498986,654.3305459518474
0.0,83.23447503675467,637.5650209886021,0.0,96.5864812436194,634.6196441357217,0.0,156.85497874149542,654.3305459518474,0.0,171.4143225961804,654.3305459518474,0.0,168.23344914434566,654.3305459518474,0.0,97.4775681485672,651.8081141004146
0.0,40.103987377642646,577.6690083662447,0.0,99.60026356572178,634.2199077014435,0.0,94.25607224472994,648.5866181965773,0.0,119.18278857970816,654.3305459518474,0.0,101.5952658341404,654.3305459518474,0.0,66.2654126661215,618.0735267665361
0.0,26.310584901618952,503.97959326786366,0.0,70.75384692839494,604.9737546298385,0.0,38.47743084100778,587.064049037585,0.0,46.712036247666056,601.0425821995135,0.0,35.33771302813074,589.6682589799782,0.0,23.55653342117772,541.6300601877139
0.0,22.057235526760792,521.6253816892723,0.0,57.26733445470348,650.7876221936012,0.0,24.035984888000545,606.2928369479855,0.0,2.9099255312349332,603.3705226245014,0.0,19.90389063364694,605.5913714868957,0.0,2.793528509985536,543.8648829957023
0.0,21.7662429736373,539.0383760681822,0.0,57.383731475952885,654.3305459518474,0.0,29.97223297171981,630.2706233253614,0.0,6.809225743089744,608.8179032189732,0.0,19.089111484901164,620.8626606748167,0.0,3.1427195737337277,546.3790586546893
0.0,19.90389063364694,554.9614885750997,0.0,57.383731475952885,654.3305459518474,0.0,30.612416588591497,654.3305459518474,0.0,9.486357231825883,616.406989004434,0.0,18.79811893177767,635.9011558202388,0.0,3.1427195737337277,548.8932343136763
0.0,20.77686829301742,571.5829832095136,0.0,57.441929986577584,654.3305459518474,0.0,31.25260020546318,654.3305459518474,0.0,12.338084252436117,626.2774564063828,0.0,14.666024677424062,647.6339755621781,0.0,3.1427195737337277,551.4074099726633
0.0,19.030912974276465,586.8077135889348,0.0,57.558327007826975,654.3305459518474,0.0,32.00918084358427,654.3305459518474,0.0,14.78242169867346,638.1033937653216,0.0,13.618451486179488,654.3305459518474,0.0,2.9681240418596317,553.781909206151
0.0,13.211061911806597,597.3765631183801,0.0,57.67472402907638,654.3305459518474,0.0,33.23134956670293,654.3305459518474,0.0,14.78242169867346,649.9293311242603,0.0,16.17918595366623,654.3305459518474,0.0,2.61893297811144,555.8770555886401
0.0,13.56025297555479,608.2247654988239,0.0,57.67472402907638,654.3305459518474,0.0,33.23134956670293,654.3305459518474,0.0,12.62907680555961,654.3305459518474,0.0,19.321905527399956,654.3305459518474,0.0,2.15334489311385,557.5997315031312
0.0,16.353781485540324,621.3077906872561,0.0,57.67472402907638,654.3305459518474,0.0,32.53296743920656,654.3305459518474,0.0,9.777349784949376,654.3305459518474,0.0,23.10480871800537,654.3305459518474,0.0,1.8041538293656585,559.0430545666237
0.0,23.453999781753563,640.0709905126589,0.0,57.616525518451674,654.3305459518474,0.0,26.829513397986084,654.3305459518474,0.0,7.39121084933673,654.3305459518474,0.0,26.422123823613195,654.3305459518474,0.0,0.9893746806198773,559.8345543111196
0.0,37.130649778557746,654.3305459518474,0.0,57.20913594407879,654.3305459518474,0.0,16.295582974915625,654.3305459518474,0.0,6.227240636842756,654.3305459518474,0.0,31.659989779836074,654.3305459518474,0.0,0.349191063748192,560.1139071621182
0.0,19.61289808052345,654.3305459518474,0.0,56.510753816582394,654.3305459518474,0.0,9.428158721201184,654.3305459518474,0.0,5.9944465943439615,654.3305459518474,0.0,42.89230233040291,654.3305459518474,0.0,0.11639702124939733,560.2070247791177
0.0,12.221687231186719,654.3305459518474,0.0,56.33615828470831,654.3305459518474,0.0,6.0526451049686605,654.3305459518474,0.0,6.110843615593359,654.3305459518474,0.0,48.65395488224808,654.3305459518474,0.0,0.05819851062469866,560.2535835876174
0.0,17.168560634286106,654.3305459518474,0.0,56.510753816582394,654.3305459518474,0.0,5.121468934973482,654.3305459518474,0.0,5.9362480837192635,654.3305459518474,0.0,51.04009381786073,654.3305459518474,0.0,0.05819851062469866,560.3001423961172
0.0,12.62907680555961,654.3305459518474,0.0,56.859944880330595,654.3305459518474,0.0,4.364888296852399,654.3305459518474,0.0,6.51823318996625,654.3305459518474,0.0,53.48443126409807,654.3305459518474,0.0,0.11639702124939733,560.3932600131167
0.0,35.183695315735505,654.3305459518474,0.0,64.54382689220421,654.3305459518474,0.0,23.61941230207252,652.9499582539199,0.0,29.511680714962438,654.3305459518474,0.0,56.270099913971755,654.3305459518474,0.0,11.61312078374749,547.0063807968642
0.0,114.1696790768872,654.3305459518474,0.0,91.79212467248692,654.3305459518474,0.0,71.19974583883895,654.3305459518474,0.0,103.87472394701395,654.3305459518474,0.0,102.51654807664022,654.3305459518474,0.0,44.28023903181065,562.4305720223127
0.0,180.71822443602036,654.3305459518474,0.0,135.36612171668932,654.3305459518474,0.0,81.04801209378003,635.3785580456274,0.0,172.74970885070672,654.3305459518474,0.0,169.48352236009987,654.3305459518474,0.0,84.91437198475909,547.3449440070718
0.0,227.7369729570336,654.3305459518474,0.0,170.91490554538177,654.3305459518474,0.0,72.85288371666607,608.2314417622935,0.0,221.71576729251234,654.3305459518474,0.0,191.98780221976295,654.3305459518474,0.0,145.35357460872723,583.6278036940536
0.0,248.25146410550326,654.3305459518474,0.0,178.3659935147566,654.3305459518474,0.0,72.66724883483836,580.8986905971318,0.0,243.6034431156392,654.3305459518474,0.0,174.50599260346107,654.3305459518474,0.0,165.0343873983857,635.6553136127621
0.0,249.418613807839,654.3305459518474,0.0,152.70795473140623,654.3305459518474,0.0,83.32243437841338,564.2211249755452,0.0,243.78121813735504,654.3305459518474,0.0,141.0712543673232,654.3305459518474,0.0,202.0648930628729,654.3305459518474
0.0,230.1326503621715,654.3305459518474,0.0,145.99772767992877,654.3305459518474,0.0,89.11720498011934,553.3383299556646,0.0,227.48227794361267,654.3305459518474,0.0,109.30855321907791,654.3305459518474,0.0,164.82517293622246,654.3305459518474
0.0,190.56816930037485,654.3305459518474,0.0,109.14181754731567,654.3305459518474,0.0,67.11631162558479,520.4546415812493,0.0,191.72427965275696,654.3305459518474,0.0,101.63253106731614,654.3305459518474,0.0,143.77585584217687,654.3305459518474
0.0,132.2854910593623,654.3305459518474,0.0,78.4298690801567,632.7604150320041,0.0,30.67097055718631,451.12561213843566,0.0,138.12106184205584,654.3305459518474,0.0,98.93650036851454,653.2670463203619,0.0,102.71225461494835,654.3305459518474
0.0,55.04396173652321,609.3745076883706,0.0,65.7502758950992,598.5106909271033,0.0,10.982297907416001,362.10791004585167,0.0,69.22081874861415,623.5513647004616,0.0,68.59264217516923,621.8596884955311,0.0,48.03002417255527,602.3605701244027
0.0,2.61893297811144,611.4696540708597,0.0,57.67472402907638,644.6504701503644,0.0,6.343637658092154,367.18282017232536,0.0,21.999037016136093,641.1505943133704,0.0,54.41560743409325,654.3305459518474,0.0,13.211061911806597,612.929419653848
0.0,1.2803672337433705,612.4939478578544,0.0,57.67472402907638,654.3305459518474,0.0,7.740401913084923,373.3751417027933,0.0,24.152381909249943,654.3305459518474,0.0,54.59020296596734,654.3305459518474,0.0,15.946391911167435,625.6865331827819
0.0,0.05819851062469866,612.5405066663542,0.0,57.67472402907638,654.3305459518474,0.0,9.078967657452992,380.6383158287557,0.0,22.581022122383082,654.3305459518474,0.0,54.47380594471795,654.3305459518474,0.0,17.110362123661407,639.374822881711
0.0,0.4655880849975893,612.9129771343522,0.0,57.558327007826975,654.3305459518474,0.0,10.766724465569252,389.2516954012111,0.0,18.507126378654174,654.3305459518474,0.0,53.89182083847097,654.3305459518474,0.0,18.099736804281285,653.854612325136
0.0,2.9681240418596317,615.2874763678399,0.0,57.500128497202276,654.3305459518474,0.0,11.406908082440939,398.3772218671639,0.0,14.898818719922858,654.3305459518474,0.0,52.727850625976984,654.3305459518474,0.0,18.79811893177767,654.3305459518474
0.0,6.227240636842756,620.2692688773141,0.0,57.383731475952885,654.3305459518474,0.0,11.639702124939733,407.68898356711566,0.0,13.211061911806597,654.3305459518474,0.0,50.45810871161374,654.3305459518474,0.0,19.089111484901164,654.3305459518474
0.0,9.13716616807769,627.5790018117763,0.0,57.20913594407879,654.3305459518474,0.0,7.624004891835525,413.7881874805841,0.0,13.211061911806597,654.3305459518474,0.0,46.326014457260136,654.3305459518474,0.0,19.61289808052345,654.3305459518474
0.0,11.174114039942143,636.51829304373,0.0,56.97634190157999,654.3305459518474,0.0,3.9574987224795093,416.95418645856773,0.0,14.142238081801773,654.3305459518474,0.0,40.33156786291617,654.3305459518474,0.0,20.136684676145737,654.3305459518474
0.0,15.073414251796954,648.5770244451675,0.0,56.56895232720709,654.3305459518474,0.0,1.6295582974915626,418.257833096561,0.0,15.364406804920447,654.3305459518474,0.0,34.628113821695706,654.3305459518474,0.0,20.02028765489634,654.3305459518474
0.0,21.882639994886695,654.3305459518474,0.0,55.92876871033541,654.3305459518474,0.0,0.11639702124939733,418.3509507135605,0.0,15.946391911167435,654.3305459518474,0.0,27.877086589230657,654.3305459518474,0.0,18.972714463651766,654.3305459518474
0.0,28.400873184852944,654.3305459518474,0.0,54.93939402971553,654.3305459518474,0.0,0.05819851062469866,418.39750952206026,0.0,15.829994889918037,654.3305459518474,0.0,23.163007228630068,654.3305459518474,0.0,18.041538293656586,654.3305459518474
0.0,31.543592758586676,654.3305459518474,0.0,53.89182083847097,654.3305459518474,0.0,0.698382127496384,418.95621522405736,0.0,15.18981127304635,654.3305459518474,0.0,19.61289808052345,654.3305459518474,0.0,17.2267591449108,654.3305459518474
0.0,34.4535182898216,654.3305459518474,0.0,53.193438710974576,654.3305459518474,0.0,5.9944465943439615,423.75177249953254,0.0,14.025841060552379,654.3305459518474,0.0,16.17918595366623,654.3305459518474,0.0,17.168560634286106,654.3305459518474
0.0,37.247046799807144,654.3305459518474,0.0,53.48443126409807,654.3305459518474,0.0,17.110362123661407,437.44006219846165,0.0,15.71359786866864,654.3305459518474,0.0,13.269260422431296,654.3305459518474,0.0,17.2267591449108,654.3305459518474
0.0,46.396930927251844,654.3305459518474,0.0,59.34526023654059,654.3305459518474,0.0,36.88381462524866,446.9471138986606,0.0,40.80855075583748,654.3305459518474,0.0,19.509219018641055,648.8397649704884,0.0,38.66456660326382,654.3305459518474
0.0,92.81011476168256,654.3305459518474,0.0,84.18066001103334,654.3305459518474,0.0,83.21672124914747,493.52049089797856,0.0,114.30179581836028,654.3305459518474,0.0,56.17013352888629,654.3305459518474,0.0,102.99688818838833,654.3305459518474
0.0,171.25173410773309,654.3305459518474,0.0,93.08989023586739,647.4204361877148,0.0,109.54170271954683,501.153853073616,0.0,174.87161430337318,654.3305459518474,0.0,81.32328492667983,635.6538308785273,0.0,165.66653342616047,654.3305459518474
0.0,227.6688805189135,654.3305459518474,0.0,116.17615520177742,654.3305459518474,0.0,138.87728702220681,532.2556826913815,0.0,211.6111274147369,654.3305459518474,0.0,105.43354350349888,640.0006656813264,0.0,201.84764101161278,654.3305459518474
0.0,244.88327716242742,654.3305459518474,0.0,139.96080229518384,654.3305459518474,0.0,163.95334069931022,583.4183552508297,0.0,232.0831397728056,654.3305459518474,0.0,110.02972496242172,648.0244456512637,0.0,206.85439153475025,654.3305459518474
0.0,233.15843972770065,654.3305459518474,0.0,112.42151196177764,654.3305459518474,0.0,177.00888401829323,645.0254624654642,0.0,230.1861685025261,654.3305459518474,0.0,116.74781187401102,654.3305459518474,0.0,191.03993863607087,654.3305459518474
0.0,229.2920798367216,654.3305459518474,0.0,118.62367213785652,654.3305459518474,0.0,172.1720486567597,654.3305459518474,0.0,194.72702262490574,654.3305459518474,0.0,105.65847768588583,654.3305459518474,0.0,176.97144105613242,654.3305459518474
0.0,173.62833457382047,654.3305459518474,0.0,116.29255222302682,654.3305459518474,0.0,130.44468423232394,654.3305459518474,0.0,132.35137170111378,654.3305459518474,0.0,91.50502252514539,645.8355684769928,0.0,138.5991901574354,654.3305459518474
0.0,123.87893642371651,654.3305459518474,0.0,87.38793707507526,641.7184830269226,0.0,89.25214575346408,643.5826917053115,0.0,64.1399722656432,618.4705182174906,0.0,67.64327771104882,613.4788461880416,0.0,80.16231647504254,634.4928624268899
0.0,74.90501812179905,629.2355640736464,0.0,59.66619134968314,601.3846743766057,0.0,49.478450229504176,593.0611419348156,0.0,41.40121975406795,559.8717379715586,0.0,29.39528369371304,542.8741298817547,0.0,32.12425471339037,566.6171171402802
0.0,45.56943381913906,654.3305459518474,0.0,49.52693254161856,641.0062204099006,0.0,27.993483610480055,615.4559288231997,0.0,38.52741403355052,590.693669198399,0.0,9.369960210576485,550.3700980502159,0.0,15.829994889918037,579.2811130522147
0.0,41.37914105416075,654.3305459518474,0.0,49.17774147787037,654.3305459518474,0.0,25.14175658986982,635.5693340950955,0.0,35.50109148106618,619.0945423832519,0.0,10.766724465569252,558.9834776226713,0.0,18.157935314905984,593.8074613041395
0.0,36.60686318293546,654.3305459518474,0.0,47.897374244127,654.3305459518474,0.0,21.126059356765616,652.470181580508,0.0,33.40594509857703,645.8192984621136,0.0,9.893746806198772,566.8984750676303,0.0,19.438302548649354,609.3581033430589
0.0,34.33712126857221,654.3305459518474,0.0,46.79160254225773,654.3305459518474,0.0,17.575950208658995,654.3305459518474,0.0,27.70249105735656,654.3305459518474,0.0,7.9731959555837175,573.2770318320974,0.0,18.216133825530683,623.9310104034835
0.0,30.612416588591497,654.3305459518474,0.0,45.39483828726496,654.3305459518474,0.0,14.025841060552379,654.3305459518474,0.0,20.31128020801983,654.3305459518474,0.0,6.401836168716853,578.3985007670708,0.0,16.52837701741442,637.153712017415
0.0,25.607344674867413,654.3305459518474,0.0,43.4160889260252,654.3305459518474,0.0,11.523305103690335,654.3305459518474,0.0,14.666024677424062,654.3305459518474,0.0,6.227240636842756,583.380293276545,0.0,14.840620209298159,649.0262081848535
0.0,20.136684676145737,654.3305459518474,0.0,40.73895743728906,654.3305459518474,0.0,9.719151274324677,654.3305459518474,0.0,11.988893188687923,654.3305459518474,0.0,7.100218296213236,589.0604679135156,0.0,13.211061911806597,654.3305459518474
0.0,16.411979996165023,654.3305459518474,0.0,38.70200956542461,654.3305459518474,0.0,8.6715780830801,654.3305459518474,0.0,10.824922976193951,654.3305459518474,0.0,8.380585529956607,595.7649363374809,0.0,11.81429765681383,654.3305459518474
0.0,10.47573191244576,654.3305459518474,0.0,36.08307658731317,654.3305459518474,0.0,8.496982551206004,654.3305459518474,0.0,9.369960210576485,654.3305459518474,0.0,8.846173614954198,602.8418752294442,0.0,10.650327444319855,654.3305459518474
0.0,6.51823318996625,654.3305459518474,0.0,34.97730488544389,654.3305459518474,0.0,9.486357231825883,654.3305459518474,0.0,7.914997444959019,654.3305459518474,0.0,10.068342338072869,610.8965490999025,0.0,10.184739359322265,654.3305459518474
0.0,5.587057019971072,654.3305459518474,0.0,33.34774658795233,654.3305459518474,0.0,10.533930423070458,654.3305459518474,0.0,7.85679893433432,654.3305459518474,0.0,11.697900635564432,620.254869608354,0.0,10.766724465569252,654.3305459518474
0.0,6.169042126218058,654.3305459518474,0.0,29.681240418596317,654.3305459518474,0.0,10.359334891196362,654.3305459518474,0.0,9.253563189327087,654.3305459518474,0.0,14.375032124300569,631.7548953077945,0.0,11.639702124939733,654.3305459518474
0.0,6.51823318996625,654.3305459518474,0.0,27.877086589230657,654.3305459518474,0.0,10.359334891196362,654.3305459518474,0.0,10.301136380571663,654.3305459518474,0.0,18.157935314905984,646.2812435597193,0.0,11.930694678063224,654.3305459518474
0.0,6.343637658092154,654.3305459518474,0.0,24.908962547371026,654.3305459518474,0.0,10.766724465569252,654.3305459518474,0.0,10.941319997443347,654.3305459518474,0.0,21.067860846140917,654.3305459518474,0.0,10.708525954944554,654.3305459518474
0.0,18.864355031499272,648.1949009833467,0.0,24.75326622556238,654.0838121774098,0.0,12.756513176762608,642.08705912861,0.0,27.39913600283618,654.3305459518474,0.0,46.81553758056339,654.3305459518474,0.0,18.744778520408126,648.0753244722555
0.0,75.9170046892813,654.3305459518474,0.0,43.847413538703755,654.3305459518474,0.0,34.95408076307846,650.0503237390727,0.0,86.71684720471134,654.3305459518474,0.0,106.52491863658776,654.3305459518474,0.0,61.40649860468082,654.3305459518474
0.0,139.42818814597652,654.3305459518474,0.0,98.83635625444401,653.1669022062914,0.0,59.78162067745935,609.8319444165321,0.0,164.5246419135737,654.3305459518474,0.0,164.65658092606174,654.3305459518474,0.0,104.58882579473403,654.3305459518474
0.0,191.45050770028553,654.3305459518474,0.0,160.9036162954754,654.3305459518474,0.0,82.17736337598485,592.009307792517,0.0,219.28865044692705,654.3305459518474,0.0,233.44660824895251,654.3305459518474,0.0,122.36162796415942,654.3305459518474
0.0,214.0869043014216,654.3305459518474,0.0,194.34939388156687,654.3305459518474,0.0,94.49990563718232,586.5092134296993,0.0,237.45630196034332,654.3305459518474,0.0,239.44123257228154,654.3305459518474,0.0,169.82238498983466,654.3305459518474
0.0,227.51521826448842,654.3305459518474,0.0,201.09423986333346,654.3305459518474,0.0,100.34501488940114,586.7852253412202,0.0,232.69656431949997,654.3305459518474,0.0,215.71328310907145,654.3305459518474,0.0,198.29285149323607,654.3305459518474
0.0,211.16275993039136,654.3305459518474,0.0,203.8248894924242,654.3305459518474,0.0,92.47867748554158,579.2639028267618,0.0,213.2171061318929,654.3305459518474,0.0,195.01165619834572,654.3305459518474,0.0,191.23025388816868,654.3305459518474
0.0,182.66235486697093,654.3305459518474,0.0,174.37758853878486,654.3305459518474,0.0,77.95245168071739,557.2163545074791,0.0,179.07612590814685,654.3305459518474,0.0,169.1711620230094,654.3305459518474,0.0,133.60029949440974,654.3305459518474
0.0,123.09295041253154,654.3305459518474,0.0,113.00403025497981,654.3305459518474,0.0,49.73049894003854,506.94685344751764,0.0,126.11159083388907,654.3305459518474,0.0,101.38940859080398,654.3305459518474,0.0,76.52089076645042,630.8514367182978
0.0,60.427985545029486,614.7585314968769,0.0,49.66744233015868,603.9979882820061,0.0,25.74449724458072,432.69135069209835,0.0,53.2995072982106,607.630053250058,0.0,20.978400624053876,575.3089465759012,0.0,32.14783429372592,562.9992710120238
0.0,16.411979996165023,627.888115493809,0.0,13.56025297555479,614.8461906624499,0.0,4.597682339351194,436.36949656357933,0.0,6.227240636842756,612.6118457595322,0.0,10.417533401821059,583.6429732973581,0.0,15.073414251796954,575.0580024134613
0.0,16.761171059913213,641.2970523417396,0.0,14.142238081801773,626.1599811278913,0.0,5.528858509346373,440.7925833710564,0.0,8.496982551206004,619.409431800497,0.0,18.79811893177767,598.6814684427803,0.0,16.470178506789722,588.2341452188931
0.0,14.78242169867346,653.1229897006783,0.0,13.618451486179488,637.0547423168349,0.0,7.042019785588539,446.4261991995273,0.0,10.126540848697566,627.510664479455,0.0,28.34267467422825,621.3556081821629,0.0,18.623523399903572,603.1329639388159
0.0,13.0946648905572,654.3305459518474,0.0,13.443855954305391,647.8098270802792,0.0,10.184739359322265,454.5739906869851,0.0,11.930694678063224,637.0552202219056,0.0,32.76576148170535,647.5682173675272,0.0,19.96208914427164,619.1026352542332
0.0,11.697900635564432,654.3305459518474,0.0,12.920069358683104,654.3305459518474,0.0,14.142238081801773,465.8877811524265,0.0,13.734848507428882,648.0430990278487,0.0,32.70756297108065,654.3305459518474,0.0,19.55469956989875,634.7463949101522
0.0,10.301136380571663,654.3305459518474,0.0,11.697900635564432,654.3305459518474,0.0,18.73992042115297,480.8797174893489,0.0,14.491429145549967,654.3305459518474,0.0,29.44844637609752,654.3305459518474,0.0,17.110362123661407,648.4346846090813
0.0,9.020769146828293,654.3305459518474,0.0,10.359334891196362,654.3305459518474,0.0,21.475250420513806,498.0599178257599,0.0,15.655399358043942,654.3305459518474,0.0,25.083558079245122,654.3305459518474,0.0,14.78242169867346,654.3305459518474
0.0,8.555181061830703,654.3305459518474,0.0,9.078967657452992,654.3305459518474,0.0,23.744992334877054,517.0559116936615,0.0,17.110362123661407,654.3305459518474,0.0,22.581022122383082,654.3305459518474,0.0,12.745473826809006,654.3305459518474
0.0,8.555181061830703,654.3305459518474,0.0,7.740401913084923,654.3305459518474,0.0,26.1311312704897,537.9608167100533,0.0,16.819369570537912,654.3305459518474,0.0,21.184257867390315,654.3305459518474,0.0,10.592128933695157,654.3305459518474
0.0,9.253563189327087,654.3305459518474,0.0,6.692828721840346,654.3305459518474,0.0,27.12050595110958,559.657221470941,0.0,16.17918595366623,654.3305459518474,0.0,17.459553187409597,654.3305459518474,0.0,9.020769146828293,654.3305459518474
0.0,10.301136380571663,654.3305459518474,0.0,6.867424253714441,654.3305459518474,0.0,28.808262759225837,582.7038316783216,0.0,16.93576659178731,654.3305459518474,0.0,13.96764254992768,654.3305459518474,0.0,8.031394466208416,654.3305459518474
0.0,10.068342338072869,654.3305459518474,0.0,7.333012338712031,654.3305459518474,0.0,31.310798716087884,607.752470651192,0.0,18.099736804281285,654.3305459518474,0.0,11.872496167438527,654.3305459518474,0.0,7.042019785588539,654.3305459518474
0.0,9.369960210576485,654.3305459518474,0.0,7.682203402460224,654.3305459518474,0.0,31.776386801085472,633.1735800920603,0.0,19.089111484901164,654.3305459518474,0.0,15.18981127304635,654.3305459518474,0.0,6.92562276433914,654.3305459518474
0.0,7.914997444959019,654.3305459518474,0.0,7.624004891835525,654.3305459518474,0.0,31.136203184213784,654.3305459518474,0.0,20.25308169739513,654.3305459518474,0.0,22.11543403738549,654.3305459518474,0.0,6.867424253714441,654.3305459518474
0.0,20.369656447629588,649.700202399477,0.0,31.0516010613819,654.3305459518474,0.0,36.35684853978462,654.3305459518474,0.0,38.65502813373857,654.3305459518474,0.0,24.210580419874642,653.541126371722,0.0,21.152996155927973,650.4835421077754
0.0,75.8430864584329,654.3305459518474,0.0,106.19012414161996,654.3305459518474,0.0,65.67989261206266,654.3305459518474,0.0,98.28731146907279,654.3305459518474,0.0,38.150140748181734,654.3305459518474,0.0,80.94415530291259,654.3305459518474
0.0,109.1850072536569,654.3305459518474,0.0,170.3557100549822,654.3305459518474,0.0,101.01946197859186,654.3305459518474,0.0,153.2509959950641,654.3305459518474,0.0,70.50268686278585,624.8332328146332,0.0,141.16628360460564,654.3305459518474
0.0,170.3257714949632,654.3305459518474,0.0,211.75746299600533,654.3305459518474,0.0,150.463648735777,654.3305459518474,0.0,185.52008540929455,654.3305459518474,0.0,107.33501741506343,630.701246746684,0.0,177.23099416880854,654.3305459518474
0.0,191.81391760382903,654.3305459518474,0.0,233.59480016861943,654.3305459518474,0.0,186.86651101377447,654.3305459518474,0.0,200.58581752996471,654.3305459518474,0.0,118.76568280682497,645.7137929921439,0.0,194.33217328091482,654.3305459518474
0.0,213.15104776115638,654.3305459518474,0.0,236.09265575521133,654.3305459518474,0.0,227.03505588172536,654.3305459518474,0.0,209.56896598564717,654.3305459518474,0.0,134.36624087307104,654.3305459518474,0.0,190.96134003495237,654.3305459518474
0.0,202.3605659862665,654.3305459518474,0.0,218.16883763424744,654.3305459518474,0.0,217.71057622240656,654.3305459518474,0.0,197.01362968195093,654.3305459518474,0.0,137.44608156590996,654.3305459518474,0.0,172.36271936682766,654.3305459518474
0.0,186.0584463026823,654.3305459518474,0.0,179.54021311271606,654.3305459518474,0.0,189.68997808377907,654.3305459518474,0.0,160.64688721467093,654.3305459518474,0.0,116.68307665471775,654.3305459518474,0.0,147.22846717909954,654.3305459518474
0.0,133.48240159273197,654.3305459518474,0.0,119.80725247635615,654.3305459518474,0.0,141.56545786089657,654.3305459518474,0.0,108.61820868067844,654.3305459518474,0.0,80.0363809842679,634.3669269361153,0.0,104.95373657870593,654.3305459518474
0.0,63.847656561076406,618.1782025129238,0.0,52.681402381246116,607.0119483330935,0.0,67.53438509194118,621.8649310437886,0.0,69.70009248645191,624.0306384382993,0.0,37.81198903438714,572.1789159705024,0.0,39.85229412507841,594.1828400769258
0.0,14.142238081801773,629.4919929783653,0.0,0.23279404249879465,607.1981835670925,0.0,32.76576148170535,648.0775402291529,0.0,52.029468498480604,654.3305459518474,0.0,21.184257867390315,589.1263222644147,0.0,5.412461488096976,598.5128092674033
0.0,17.168560634286106,643.2268414857941,0.0,0.05819851062469866,607.2447423755923,0.0,37.07245126793305,654.3305459518474,0.0,54.00821785972036,654.3305459518474,0.0,21.940838505511394,606.6789930688238,0.0,5.412461488096976,602.8427784578809
0.0,15.71359786866864,654.3305459518474,0.0,0.05819851062469866,607.291301184092,0.0,37.94542892730353,654.3305459518474,0.0,55.230386582839024,654.3305459518474,0.0,19.147309995525863,621.9968410652446,0.0,5.878049573094565,607.5452181163565
0.0,12.16348872056202,654.3305459518474,0.0,2.8517270206102348,609.5726828005802,0.0,36.60686318293546,654.3305459518474,0.0,55.87057019971072,654.3305459518474,0.0,15.480803826169845,634.3814841261805,0.0,6.110843615593359,612.4338930088312
0.0,10.01014382744817,654.3305459518474,0.0,11.81429765681383,619.0241209260313,0.0,34.51171680044631,654.3305459518474,0.0,56.4525553059577,654.3305459518474,0.0,12.338084252436117,644.2519515281293,0.0,6.227240636842756,617.4156855183054
0.0,10.999518508068046,654.3305459518474,0.0,15.71359786866864,631.5949992209662,0.0,31.659989779836074,654.3305459518474,0.0,56.80174636970589,654.3305459518474,0.0,10.301136380571663,652.4928606325866,0.0,5.878049573094565,622.1181251767811
0.0,12.687275316184309,654.3305459518474,0.0,14.142238081801773,642.9087896864077,0.0,30.263225524843307,654.3305459518474,0.0,57.034540412204684,654.3305459518474,0.0,8.904372125578895,654.3305459518474,0.0,5.7034540412204695,626.6808884097575
0.0,12.687275316184309,654.3305459518474,0.0,11.81429765681383,652.3602278118587,0.0,30.96160765233969,654.3305459518474,0.0,57.09273892282938,654.3305459518474,0.0,8.904372125578895,654.3305459518474,0.0,6.110843615593359,631.5695633022322
0.0,12.745473826809006,654.3305459518474,0.0,8.26418850870721,654.3305459518474,0.0,32.41657041795716,654.3305459518474,0.0,57.15093743345409,654.3305459518474,0.0,11.581503614315034,654.3305459518474,0.0,5.9944465943439615,636.3651205777073
0.0,11.81429765681383,654.3305459518474,0.0,5.354262977472277,654.3305459518474,0.0,32.76576148170535,654.3305459518474,0.0,57.15093743345409,654.3305459518474,0.0,12.861870848058405,654.3305459518474,0.0,5.005071913724085,640.3691781086866
0.0,9.95194531682347,654.3305459518474,0.0,4.190292764978303,654.3305459518474,0.0,30.787012120465597,654.3305459518474,0.0,57.15093743345409,654.3305459518474,0.0,12.338084252436117,654.3305459518474,0.0,4.364888296852399,643.8610887461685
0.0,8.26418850870721,654.3305459518474,0.0,3.49191063748192,654.3305459518474,0.0,27.29510148298367,654.3305459518474,0.0,57.26733445470348,654.3305459518474,0.0,10.708525954944554,654.3305459518474,0.0,5.063270424348783,647.9117050856476
0.0,8.205989998082512,654.3305459518474,0.0,2.0951463824891516,654.3305459518474,0.0,22.29002956925959,654.3305459518474,0.0,57.500128497202276,654.3305459518474,0.0,13.96764254992768,654.3305459518474,0.0,6.867424253714441,653.4056444886191
0.0,8.787975104329497,654.3305459518474,0.0,1.3385657443680692,654.3305459518474,0.0,17.692347229908396,654.3305459518474,0.0,57.558327007826975,654.3305459518474,0.0,17.459553187409597,654.3305459518474,0.0,8.6715780830801,654.3305459518474
0.0,25.420386641596423,654.3305459518474,0.0,1.0475731912445758,630.378119143092,0.0,27.406995862948026,654.3305459518474,0.0,57.84145970083862,654.3305459518474,0.0,21.882639994886695,651.2131859467341,0.0,16.894966410799718,646.2255123626471
0.0,88.20960839045972,654.3305459518474,0.0,19.013870102609474,624.3919892457016,0.0,86.66500767377013,654.3305459518474,0.0,68.64766119595218,654.3305459518474,0.0,37.0930290874119,654.3305459518474,0.0,50.41934259800966,654.3305459518474
0.0,154.03619204176093,654.3305459518474,0.0,49.50088438738148,573.892873633083,0.0,144.62057355094169,654.3305459518474,0.0,79.0543329768047,633.3848789286521,0.0,51.78281107415657,606.113357026004,0.0,82.0892263053411,636.4197722571885
0.0,211.9964382892026,654.3305459518474,0.0,79.22027868407883,553.1131523171618,0.0,178.7883128448651,654.3305459518474,0.0,92.81611828339594,626.200997212048,0.0,69.31495934097128,575.4283163669753,0.0,117.07642511828035,650.0809123518128
0.0,245.41545680511672,654.3305459518474,0.0,115.15755287707871,565.2391946188249,0.0,192.4683200604961,654.3305459518474,0.0,119.38175365640593,641.7064001371727,0.0,84.17465648931994,559.6029728562953,0.0,145.74824622373313,654.3305459518474
0.0,243.793758367737,654.3305459518474,0.0,119.98652837850037,581.2284173216251,0.0,178.40768234066948,654.3305459518474,0.0,143.05000372856296,654.3305459518474,0.0,103.76733220833466,562.6168386229631,0.0,192.83623260532468,654.3305459518474
0.0,228.55343071519277,654.3305459518474,0.0,128.33735307742296,603.8982997835635,0.0,162.30691725913672,654.3305459518474,0.0,123.99365483555249,654.3305459518474,0.0,127.33958534973607,584.488506902752,0.0,192.0214534565789,654.3305459518474
0.0,186.16548258339154,654.3305459518474,0.0,75.52383395470376,579.4221337382672,0.0,129.48092319942313,654.3305459518474,0.0,125.7585093643589,654.3305459518474,0.0,144.40296604171144,620.0108797361211,0.0,165.89782658823094,654.3305459518474
0.0,121.23077580152622,654.3305459518474,0.0,22.043372144935553,501.4655058832028,0.0,89.54517237397108,643.8757183258185,0.0,106.01163820396388,654.3305459518474,0.0,125.8200650938104,640.6669318111694,0.0,116.76185298482132,654.3305459518474
0.0,40.27708202908839,594.6076279809358,0.0,7.754620752880275,409.2201266360831,0.0,32.825994059713565,576.7017123855321,0.0,70.44713465504773,624.7776806068952,0.0,70.74934428710989,611.4162760982794,0.0,49.892376512545624,604.222922464393
0.0,0.5819851062469866,595.0732160659334,0.0,8.438784040581305,415.97115386854813,0.0,0.05819851062469866,576.7482711940319,0.0,55.87057019971072,654.3305459518474,0.0,42.775905309153515,645.6370003456021,0.0,13.676649996804183,615.1642424618364
0.0,4.597682339351194,598.7513619374143,0.0,16.004590421792134,428.7748262059818,0.0,0.05819851062469866,576.7948300025316,0.0,55.34678360408843,654.3305459518474,0.0,39.92417828854328,654.3305459518474,0.0,14.840620209298159,627.0367386292749
0.0,12.803672337433706,608.9942998073614,0.0,22.11543403738549,446.46717343589023,0.0,0.0,576.7948300025316,0.0,54.76479849784145,654.3305459518474,0.0,36.83965722543426,654.3305459518474,0.0,14.78242169867346,638.8626759882136
0.0,22.348228079884287,626.8728822712687,0.0,23.57039680300296,465.3234908782926,0.0,0.0,576.7948300025316,0.0,54.41560743409325,654.3305459518474,0.0,35.21009892794269,654.3305459518474,0.0,14.78242169867346,650.6886133471523
0.0,27.41149850423307,648.8020810746552,0.0,22.98841169675597,483.7142202356974,0.0,0.0,576.7948300025316,0.0,54.00821785972036,654.3305459518474,0.0,34.51171680044631,654.3305459518474,0.0,15.073414251796954,654.3305459518474
0.0,25.898337227990908,654.3305459518474,0.0,21.358853399264408,500.8013029551089,0.0,0.0,576.7948300025316,0.0,53.48443126409807,654.3305459518474,0.0,36.95605424668366,654.3305459518474,0.0,14.607826166799367,654.3305459518474
0.0,24.26877893049934,654.3305459518474,0.0,19.438302548649354,516.3519449940284,0.0,0.5237865956222879,577.2138592790294,0.0,52.553255094102894,654.3305459518474,0.0,38.87660509729871,654.3305459518474,0.0,11.872496167438527,654.3305459518474
0.0,23.10480871800537,654.3305459518474,0.0,17.459553187409597,530.319587543956,0.0,3.2009180843584266,579.7745937465162,0.0,51.62207892410771,654.3305459518474,0.0,40.447964884165565,654.3305459518474,0.0,8.496982551206004,654.3305459518474
0.0,26.422123823613195,654.3305459518474,0.0,14.607826166799367,542.0058484773955,0.0,5.296064466847579,584.0114453199942,0.0,50.34171169036434,654.3305459518474,0.0,41.43733956478545,654.3305459518474,0.0,6.460034679341552,654.3305459518474
0.0,27.993483610480055,654.3305459518474,0.0,12.512679784310212,552.0159923048436,0.0,5.412461488096976,588.3414145104717,0.0,49.11954296724567,654.3305459518474,0.0,41.55373658603484,654.3305459518474,0.0,5.528858509346373,654.3305459518474
0.0,29.623041907971622,654.3305459518474,0.0,12.62907680555961,562.1192537492913,0.0,5.9944465943439615,593.1369717859469,0.0,47.19899211663062,654.3305459518474,0.0,40.91355296916316,654.3305459518474,0.0,5.23786595622288,654.3305459518474
0.0,32.940357013579444,654.3305459518474,0.0,12.803672337433706,572.3621916192383,0.0,5.179667445598181,597.2807057424254,0.0,43.823478500398096,654.3305459518474,0.0,41.43733956478545,654.3305459518474,0.0,5.354262977472277,654.3305459518474
0.0,39.2257961610469,654.3305459518474,0.0,14.840620209298159,584.2346877866768,0.0,4.772277871225291,601.0985280394057,0.0,40.273369352291475,654.3305459518474,0.0,41.90292764978304,654.3305459518474,0.0,5.005071913724085,654.3305459518474
0.0,44.114471053521584,654.3305459518474,0.0,18.448927868029475,598.9938300811003,0.0,6.169042126218058,606.0337617403801,0.0,37.59623786355534,654.3305459518474,0.0,41.90292764978304,654.3305459518474,0.0,4.423086807477099,654.3305459518474
0.0,59.188063034303596,654.3305459518474,0.0,26.187828900686053,599.9440932016491,0.0,9.272462399392538,590.3062241397727,0.0,45.60891084868335,654.3305459518474,0.0,58.70993471892406,654.3305459518474,0.0,11.067255488218,640.3978014400655
0.0,100.22172570151307,654.3305459518474,0.0,70.83615820631036,636.6130197666974,0.0,55.25149758927306,614.5074222111912,0.0,100.0190479480184,654.3305459518474,0.0,112.89981800614224,654.3305459518474,0.0,60.98656879992598,654.3305459518474
0.0,114.95398647865875,654.3305459518474,0.0,122.30325172454964,654.3305459518474,0.0,165.88210686800724,654.3305459518474,0.0,161.81571552642006,654.3305459518474,0.0,184.61081021022153,654.3305459518474,0.0,114.43559116924679,654.3305459518474
0.0,126.50572926193979,654.3305459518474,0.0,182.92959011077386,654.3305459518474,0.0,217.52997716881904,654.3305459518474,0.0,222.25491815038822,654.3305459518474,0.0,223.61688574610676,654.3305459518474,0.0,155.22859993384563,654.3305459518474
0.0,151.97813316346247,654.3305459518474,0.0,209.77667956738208,654.3305459518474,0.0,245.23282368414576,654.3305459518474,0.0,245.63685603969185,654.3305459518474,0.0,230.86343962358845,654.3305459518474,0.0,180.81272048634762,654.3305459518474
0.0,184.53671425038806,654.3305459518474,0.0,180.3922574946376,654.3305459518474,0.0,250.50848806049956,654.3305459518474,0.0,239.84208543798587,654.3305459518474,0.0,250.6999487350555,654.3305459518474,0.0,200.4856734158942,654.3305459518474
0.0,201.54507592158052,654.3305459518474,0.0,119.20583497308854,654.3305459518474,0.0,237.2437302793533,654.3305459518474,0.0,218.6245317917497,654.3305459518474,0.0,221.59397898505262,654.3305459518474,0.0,197.02202272901792,654.3305459518474
0.0,180.70815277953992,654.3305459518474,0.0,81.22207443869895,635.5526203905464,0.0,202.1605345356584,654.3305459518474,0.0,172.4583608396131,654.3305459518474,0.0,189.68344137511053,654.3305459518474,0.0,164.3360052708893,654.3305459518474
0.0,126.47897019176249,654.3305459518474,0.0,66.53379333238263,602.086413722929,0.0,142.35365566845007,654.3305459518474,0.0,108.75218176055,654.3305459518474,0.0,116.63856379693325,654.3305459518474,0.0,123.81508984934851,654.3305459518474
0.0,86.97736801086063,641.307913962708,0.0,52.57851328385185,554.6649270067809,0.0,66.04648200544796,620.3770279572954,0.0,47.951247842451714,602.2817937942991,0.0,70.26785875290355,624.5984047047509,0.0,50.70097441059296,605.0315203624403
0.0,51.214689349734826,654.3305459518474,0.0,47.48998466975411,592.6569147425841,0.0,24.443374462373438,639.9317275271941,0.0,18.73992042115297,617.2737301312214,0.0,52.3786595622288,654.3305459518474,0.0,7.565806381210827,611.084165467409
0.0,48.18836679725049,654.3305459518474,0.0,47.315389137880004,630.5092260528882,0.0,23.686793824252355,654.3305459518474,0.0,18.565324889278873,632.1259900426445,0.0,50.10891764786555,654.3305459518474,0.0,8.787975104329497,618.1145455508725
0.0,43.5906844578993,654.3305459518474,0.0,46.20961743601074,654.3305459518474,0.0,24.094183398625244,654.3305459518474,0.0,18.68172191052827,647.0713675710671,0.0,49.75972658411735,654.3305459518474,0.0,8.962570636203594,625.2846020598354
0.0,41.78653062853363,654.3305459518474,0.0,42.717706798528816,654.3305459518474,0.0,23.86138935612645,654.3305459518474,0.0,17.2267591449108,654.3305459518474,0.0,49.93432211599145,654.3305459518474,0.0,7.85679893433432,631.5700412073028
0.0,37.829031906054134,654.3305459518474,0.0,38.23642148042702,654.3305459518474,0.0,20.02028765489634,654.3305459518474,0.0,15.073414251796954,654.3305459518474,0.0,49.87612360536675,654.3305459518474,0.0,6.692828721840346,636.9243041847751
0.0,32.125577864833666,654.3305459518474,0.0,36.141275097937864,654.3305459518474,0.0,14.840620209298159,654.3305459518474,0.0,12.978267869307802,654.3305459518474,0.0,49.643329562867955,654.3305459518474,0.0,5.9362480837192635,641.6733026517505
0.0,28.866461269850536,654.3305459518474,0.0,35.79208403418968,654.3305459518474,0.0,10.01014382744817,654.3305459518474,0.0,11.290511061191541,654.3305459518474,0.0,49.58513105224326,654.3305459518474,0.0,5.761652551845168,646.2826246932267
0.0,25.665543185492112,654.3305459518474,0.0,29.27385084422343,654.3305459518474,0.0,6.634630211215648,654.3305459518474,0.0,9.893746806198772,654.3305459518474,0.0,49.87612360536675,654.3305459518474,0.0,6.110843615593359,651.1712995857014
0.0,21.067860846140917,654.3305459518474,0.0,25.14175658986982,654.3305459518474,0.0,4.423086807477099,654.3305459518474,0.0,9.020769146828293,654.3305459518474,0.0,50.98189530723602,654.3305459518474,0.0,9.195364678702388,654.3305459518474
0.0,18.099736804281285,654.3305459518474,0.0,20.485875739893928,654.3305459518474,0.0,2.444337446237344,654.3305459518474,0.0,8.380585529956607,654.3305459518474,0.0,51.272887860359525,654.3305459518474,0.0,14.491429145549967,654.3305459518474
0.0,16.702972549288514,654.3305459518474,0.0,16.819369570537912,654.3305459518474,0.0,0.87297765937048,654.3305459518474,0.0,7.85679893433432,654.3305459518474,0.0,50.51630722223844,654.3305459518474,0.0,18.099736804281285,654.3305459518474
0.0,17.110362123661407,654.3305459518474,0.0,16.120987443041532,654.3305459518474,0.0,0.174595531874096,654.3305459518474,0.0,6.867424253714441,654.3305459518474,0.0,49.643329562867955,654.3305459518474,0.0,20.07848616552104,654.3305459518474
0.0,19.321905527399956,654.3305459518474,0.0,17.168560634286106,654.3305459518474,0.0,0.05819851062469866,654.3305459518474,0.0,5.587057019971072,654.3305459518474,0.0,48.82855041412218,654.3305459518474,0.0,21.591647441763204,654.3305459518474
0.0,20.36947871864453,654.3305459518474,0.0,19.321905527399956,654.3305459518474,0.0,0.87297765937048,654.3305459518474,0.0,4.423086807477099,654.3305459518474,0.0,47.19899211663062,654.3305459518474,0.0,22.057235526760792,654.3305459518474
0.0,34.79034685217291,654.3305459518474,0.0,37.11360690689076,654.3305459518474,0.0,16.745629068674575,646.076175020522,0.0,21.691001591345614,651.021547543193,0.0,46.96937756397358,654.3305459518474,0.0,28.34435328364165,654.3305459518474
0.0,105.13451336127848,654.3305459518474,0.0,104.0444613796329,654.3305459518474,0.0,64.74121203992576,654.3305459518474,0.0,94.47164568657668,654.3305459518474,0.0,78.13437388574818,654.3305459518474,0.0,57.56203968462389,654.3305459518474
0.0,174.28159160802926,654.3305459518474,0.0,167.82305780911608,654.3305459518474,0.0,111.48000735776911,654.3305459518474,0.0,167.09341397015734,654.3305459518474,0.0,162.01689239948638,654.3305459518474,0.0,99.54577773189402,653.8763236837415
0.0,230.598060718184,654.3305459518474,0.0,217.5960355395556,654.3305459518474,0.0,136.68031791623372,654.3305459518474,0.0,213.73153198697503,654.3305459518474,0.0,231.52888143020908,654.3305459518474,0.0,148.9617045384735,654.3305459518474
0.0,250.4063098790455,654.3305459518474,0.0,241.48135993398773,654.3305459518474,0.0,154.2046063229366,654.3305459518474,0.0,236.54252411998522,654.3305459518474,0.0,258.5254859579275,654.3305459518474,0.0,180.90686107870474,654.3305459518474
0.0,248.55499688900872,654.3305459518474,0.0,239.4129726216759,654.3305459518474,0.0,169.4056346749216,654.3305459518474,0.0,238.93184254543962,654.3305459518474,0.0,265.49994649235117,654.3305459518474,0.0,205.05959844592482,654.3305459518474
0.0,229.4011501848143,654.3305459518474,0.0,217.06606769323488,654.3305459518474,0.0,159.5070297694677,654.3305459518474,0.0,222.2066135672589,654.3305459518474,0.0,243.79472606121018,654.3305459518474,0.0,200.18814415410213,654.3305459518474
0.0,192.638057493115,654.3305459518474,0.0,169.4685135558164,654.3305459518474,0.0,105.09539178970428,654.3305459518474,0.0,181.92953153817047,654.3305459518474,0.0,212.5825705787645,654.3305459518474,0.0,183.4754554063033,654.3305459518474
0.0,131.66402892357098,654.3305459518474,0.0,110.63846913884602,654.3305459518474,0.0,53.36406478851881,607.6946107403662,0.0,118.78325886544712,654.3305459518474,0.0,143.67614623462435,654.3305459518474,0.0,131.97842332804498,654.3305459518474
0.0,58.398897533276894,612.7294434851243,0.0,40.35886012004864,594.6894060718961,0.0,13.653248145453695,521.34785888582,0.0,43.465459883064874,597.7960058349123,0.0,77.26757747707614,631.5981234289236,0.0,65.69093196201626,620.0214779138637
0.0,19.20550850615056,628.0938502900448,0.0,2.0951463824891516,596.3655231778874,0.0,0.6401836168716852,521.8600057793174,0.0,0.9311761699951786,598.5409467709085,0.0,48.130168286625796,654.3305459518474,0.0,28.34267467422825,642.6956176532462
0.0,24.443374462373438,647.6485498599435,0.0,7.216615317462634,602.1388154318576,0.0,4.132094254353605,525.1656811828002,0.0,1.5131612762421651,599.7514757919022,0.0,47.95557275475169,654.3305459518474,0.0,29.15745382297403,654.3305459518474
0.0,26.713116376736686,654.3305459518474,0.0,14.607826166799367,613.825076365297,0.0,12.279885741811418,534.9895897762493,0.0,1.222168723118672,600.7292107703971,0.0,45.685830840388455,654.3305459518474,0.0,28.284476163603546,654.3305459518474
0.0,24.094183398625244,654.3305459518474,0.0,19.321905527399956,629.282600787217,0.0,19.20550850615056,550.3539965811698,0.0,1.0475731912445758,601.5672693233928,0.0,42.193920202906526,654.3305459518474,0.0,28.691865737976443,654.3305459518474
0.0,18.623523399903572,654.3305459518474,0.0,19.496501059274053,644.8798016346362,0.0,23.686793824252355,569.3034316405717,0.0,1.3385657443680692,602.6381219188872,0.0,39.691384246044485,654.3305459518474,0.0,30.088629992969206,654.3305459518474
0.0,14.666024677424062,654.3305459518474,0.0,18.157935314905984,654.3305459518474,0.0,24.501572972998137,588.9046900189702,0.0,1.6877568081162613,603.9883273653802,0.0,38.58561254417521,654.3305459518474,0.0,27.17870446173428,654.3305459518474
0.0,13.85124552867828,654.3305459518474,0.0,17.110362123661407,654.3305459518474,0.0,19.96208914427164,604.8743613343875,0.0,1.6295582974915626,605.2919740033734,0.0,37.53803935293064,654.3305459518474,0.0,24.443374462373438,654.3305459518474
0.0,15.073414251796954,654.3305459518474,0.0,17.459553187409597,654.3305459518474,0.0,17.517751698034296,618.8885626928148,0.0,1.222168723118672,606.2697089818683,0.0,34.51171680044631,654.3305459518474,0.0,22.17363254801019,654.3305459518474
0.0,15.71359786866864,654.3305459518474,0.0,18.448927868029475,654.3305459518474,0.0,15.073414251796954,630.9472940942524,0.0,1.222168723118672,607.2474439603633,0.0,31.659989779836074,654.3305459518474,0.0,21.533448931138505,654.3305459518474
0.0,17.110362123661407,654.3305459518474,0.0,19.787493612397544,654.3305459518474,0.0,14.491429145549967,642.5404374106923,0.0,1.3385657443680692,608.3182965558577,0.0,29.797637439845715,654.3305459518474,0.0,21.533448931138505,654.3305459518474
0.0,18.390729357404776,654.3305459518474,0.0,21.184257867390315,654.3305459518474,0.0,15.946391911167435,654.3305459518474,0.0,1.222168723118672,609.2960315343527,0.0,29.390247865472826,654.3305459518474,0.0,21.126059356765616,654.3305459518474
0.0,17.110362123661407,654.3305459518474,0.0,22.75561765425718,654.3305459518474,0.0,17.575950208658995,654.3305459518474,0.0,1.1057717018692748,610.1806488958481,0.0,28.22627765297885,654.3305459518474,0.0,20.194883186770436,654.3305459518474
0.0,13.269260422431296,654.3305459518474,0.0,25.432749142993313,654.3305459518474,0.0,18.099736804281285,654.3305459518474,0.0,1.222168723118672,611.158383874343,0.0,28.109880631729453,654.3305459518474,0.0,18.507126378654174,654.3305459518474
0.0,8.846173614954198,654.3305459518474,0.0,27.29510148298367,654.3305459518474,0.0,17.86694276178249,654.3305459518474,0.0,1.74595531874096,612.5551481293357,0.0,28.051682121104758,654.3305459518474,0.0,17.575950208658995,654.3305459518474
0.0,26.84240908633815,654.3305459518474,0.0,54.34990452132681,654.3305459518474,0.0,26.4191220627565,654.3305459518474,0.0,26.461778582142557,613.7245709950498,0.0,40.89015111781267,654.3305459518474,0.0,41.09636381911922,654.3305459518474
0.0,94.0060576015791,654.3305459518474,0.0,120.75379290860494,654.3305459518474,0.0,66.00100145419026,654.3305459518474,0.0,95.60885682889337,654.3305459518474,0.0,81.7477173727197,654.3305459518474,0.0,102.15066959919517,654.3305459518474
0.0,165.2625010706144,654.3305459518474,0.0,172.09662954548298,654.3305459518474,0.0,115.4672669112826,654.3305459518474,0.0,162.85896380536462,654.3305459518474,0.0,160.49454811168908,654.3305459518474,0.0,162.98940193742433,654.3305459518474
0.0,199.34528278373574,654.3305459518474,0.0,155.1683673558374,654.3305459518474,0.0,132.96947661807826,654.3305459518474,0.0,208.44632914109596,654.3305459518474,0.0,162.52045663359993,654.3305459518474,0.0,200.365919175818,654.3305459518474
0.0,200.5438719265189,654.3305459518474,0.0,102.84701765930802,654.3305459518474,0.0,122.55176548727214,654.3305459518474,0.0,231.43191680598034,654.3305459518474,0.0,190.1761439882555,654.3305459518474,0.0,226.0160980990565,654.3305459518474
0.0,164.07963164805494,654.3305459518474,0.0,85.33208999314536,639.6626359449928,0.0,105.65194097721727,654.3305459518474,0.0,235.1865600459801,654.3305459518474,0.0,192.2587501403627,654.3305459518474,0.0,231.20212452433822,654.3305459518474
0.0,126.59925761879386,654.3305459518474,0.0,92.7360188018491,632.3986547468419,0.0,74.23693001229182,628.5674759641392,0.0,219.36892765745893,654.3305459518474,0.0,185.58314201917443,654.3305459518474,0.0,208.2133573696121,654.3305459518474
0.0,100.45673154038043,654.3305459518474,0.0,80.08636417681063,612.4850189236525,0.0,47.46843915680208,576.0359151209414,0.0,184.97625418114862,654.3305459518474,0.0,158.37732302929274,654.3305459518474,0.0,169.53121470772612,654.3305459518474
0.0,74.55953973484777,628.8900856866952,0.0,68.41504488243844,580.900063806091,0.0,22.930390915116327,498.9663060360577,0.0,129.43676579960874,654.3305459518474,0.0,112.84815620418611,654.3305459518474,0.0,111.42781236885779,654.3305459518474
0.0,41.16242218985576,570.052507876551,0.0,53.80854186708237,534.7086056731733,0.0,9.163925238254992,408.1302312743127,0.0,53.25384901796786,607.5843949698152,0.0,51.59417443147218,605.9247203833196,0.0,44.22804404289935,598.5585899947467
0.0,28.34267467422825,592.7266476159335,0.0,47.606381691003506,572.7937110259761,0.0,6.285439147467455,413.1585825922866,0.0,7.624004891835525,613.6835988832836,0.0,21.067860846140917,622.7790090602323,0.0,20.660471271768024,615.0869670121612
0.0,33.114952545453534,619.2186096522963,0.0,48.24656530787519,611.3909632722763,0.0,5.005071913724085,417.1626401232659,0.0,9.369960210576485,621.1795670517448,0.0,19.438302548649354,638.3296510991518,0.0,21.7662429736373,632.499961391071
0.0,33.638739141075824,646.129600965157,0.0,50.05071913724085,651.4315385820689,0.0,5.296064466847579,421.39949169674395,0.0,10.708525954944554,629.7463878157005,0.0,17.634148719283694,652.4369700745788,0.0,24.443374462373438,652.0546609609697
0.0,31.25260020546318,654.3305459518474,0.0,52.0876670091053,654.3305459518474,0.0,6.227240636842756,426.38128420621814,0.0,12.221687231186719,639.5237376006498,0.0,14.025841060552379,654.3305459518474,0.0,28.22627765297885,654.3305459518474
0.0,30.5542180779668,654.3305459518474,0.0,53.42623275347337,654.3305459518474,0.0,5.9944465943439615,431.1768414816933,0.0,14.957017230547557,651.4893513850878,0.0,9.777349784949376,654.3305459518474,0.0,29.85583595047041,654.3305459518474
0.0,34.33712126857221,654.3305459518474,0.0,54.41560743409325,654.3305459518474,0.0,5.354262977472277,435.46025186367115,0.0,17.517751698034296,654.3305459518474,0.0,6.401836168716853,654.3305459518474,0.0,30.3796225460927,654.3305459518474
0.0,42.25211871353123,654.3305459518474,0.0,54.76479849784145,654.3305459518474,0.0,4.423086807477099,438.9987213096528,0.0,21.533448931138505,654.3305459518474,0.0,3.7829031906054134,654.3305459518474,0.0,28.924659780475235,654.3305459518474
0.0,49.468734030993865,654.3305459518474,0.0,54.93939402971553,654.3305459518474,0.0,2.2115434037385495,440.76795603264367,0.0,25.665543185492112,654.3305459518474,0.0,1.9787493612397546,654.3305459518474,0.0,27.527895525482467,654.3305459518474
0.0,52.7860491366017,654.3305459518474,0.0,55.113989561589634,654.3305459518474,0.0,0.349191063748192,441.04730888364224,0.0,28.168079142354156,654.3305459518474,0.0,1.1639702124939733,654.3305459518474,0.0,29.44844637609752,654.3305459518474
0.0,54.29921041284385,654.3305459518474,0.0,55.230386582839024,654.3305459518474,0.0,0.0,441.04730888364224,0.0,27.93528509985536,654.3305459518474,0.0,0.87297765937048,654.3305459518474,0.0,32.53296743920656,654.3305459518474
0.0,55.230386582839024,654.3305459518474,0.0,55.34678360408843,654.3305459518474,0.0,0.05819851062469866,441.093867692142,0.0,27.993483610480055,654.3305459518474,0.0,0.8147791487457813,654.3305459518474,0.0,34.802709353569796,654.3305459518474
0.0,54.99759254034023,654.3305459518474,0.0,55.230386582839024,654.3305459518474,0.0,0.23279404249879465,441.280102926141,0.0,27.469697014857765,654.3305459518474,0.0,0.8147791487457813,654.3305459518474,0.0,35.50109148106618,654.3305459518474
0.0,53.135240200349884,654.3305459518474,0.0,55.055791050964935,654.3305459518474,0.0,2.3861389356126455,443.18901407463113,0.0,25.84013871736621,654.3305459518474,0.0,0.7565806381210826,654.3305459518474,0.0,35.26829743856739,654.3305459518474
0.0,50.22531466911495,654.3305459518474,0.0,54.82299700846614,654.3305459518474,0.0,16.411979996165023,456.31859807156314,0.0,23.10480871800537,654.3305459518474,0.0,0.7565806381210826,654.3305459518474,0.0,35.26829743856739,654.3305459518474
0.0,63.93208095492324,654.3305459518474,0.0,61.575702850344584,654.3305459518474,0.0,38.70200956542461,467.28020572390284,0.0,21.695504232630654,651.0260501844781,0.0,14.75901984732297,644.0895657991704,0.0,37.707954514534634,654.3305459518474
0.0,117.2143676524818,654.3305459518474,0.0,114.15960742040676,654.3305459518474,0.0,57.24543348378134,493.0765525109279,0.0,38.39247326020578,654.3305459518474,0.0,69.26347526800019,654.3305459518474,0.0,58.16424715237962,654.3305459518474
0.0,157.4914496815702,654.3305459518474,0.0,176.9834480995592,654.3305459518474,0.0,76.34576204762116,469.4223145585491,0.0,63.95619372221397,618.2867396740613,0.0,126.25006655504566,654.3305459518474,0.0,78.95083164390735,633.2813775957547
0.0,172.32438775974154,654.3305459518474,0.0,236.35149795194727,654.3305459518474,0.0,93.45162152999752,462.8739360885466,0.0,139.25041312426066,649.6870701734698,0.0,172.8457057814623,654.3305459518474,0.0,86.57333565531454,619.8547132510693
0.0,230.09113926524367,654.3305459518474,0.0,261.8931397140482,654.3305459518474,0.0,95.44927010130272,458.3232061898493,0.0,223.92731069625088,654.3305459518474,0.0,213.00639078930132,654.3305459518474,0.0,90.01808713212536,609.8728003831947
0.0,211.86060887093254,654.3305459518474,0.0,263.5180176412697,654.3305459518474,0.0,92.87749628386238,451.2007024737117,0.0,209.33502652069015,654.3305459518474,0.0,236.6667810013465,654.3305459518474,0.0,93.02868996438599,602.9014903475806
0.0,192.9395562092369,654.3305459518474,0.0,243.90644271218946,654.3305459518474,0.0,83.58763555483276,434.78833802854444,0.0,150.51752233410173,654.3305459518474,0.0,221.756745202485,654.3305459518474,0.0,92.25789048646956,595.1593808340502
0.0,161.75415979696857,654.3305459518474,0.0,197.49643836760055,654.3305459518474,0.0,71.10939697182663,405.8977350003711,0.0,74.70419670670282,629.0347426585502,0.0,185.5756376170327,654.3305459518474,0.0,76.9687250638408,572.128105897891
0.0,135.97186413225694,654.3305459518474,0.0,136.5334491480101,654.3305459518474,0.0,60.589507659566465,366.4872426599376,0.0,42.68980230589328,571.7245449644435,0.0,128.12345824498962,654.3305459518474,0.0,61.780236942237735,533.9083428401287
0.0,75.24166895516528,629.5722149070127,0.0,66.35451743023845,620.6850633820859,0.0,49.246979338448675,315.73422199838626,0.0,21.333772938500513,493.05831790294394,0.0,51.69670807089634,606.0272540227437,0.0,53.585108565123775,487.49345140525253
0.0,44.81285318101797,654.3305459518474,0.0,39.86597977791859,652.5778472044208,0.0,42.135721692281834,349.44279935221175,0.0,17.75054574053309,507.2587544953704,0.0,3.899300211854811,609.1466941922275,0.0,54.24101190221916,530.8862609270278
0.0,44.92925020226737,654.3305459518474,0.0,38.294619991051725,654.3305459518474,0.0,38.41101701230112,380.1716129620527,0.0,21.184257867390315,524.2061607892826,0.0,5.761652551845168,613.7560162337037,0.0,54.59020296596734,574.5584232998017
0.0,43.998074032272186,654.3305459518474,0.0,36.95605424668366,654.3305459518474,0.0,38.06182594855293,410.621073720895,0.0,25.19995510049452,544.3661248696783,0.0,8.438784040581305,620.5070434661687,0.0,54.18281339159446,617.9046740130773
0.0,41.61193509665954,654.3305459518474,0.0,37.36344382105654,654.3305459518474,0.0,37.94542892730353,440.97741686273787,0.0,25.19995510049452,564.5260889500739,0.0,10.708525954944554,629.0738642301244,0.0,53.89182083847097,654.3305459518474
0.0,39.92417828854328,654.3305459518474,0.0,34.8609078641945,654.3305459518474,0.0,36.25767211918726,469.9835545580877,0.0,22.17363254801019,582.264994988482,0.0,9.195364678702388,636.4301559730864,0.0,53.95001934909566,654.3305459518474
0.0,40.04057530979268,654.3305459518474,0.0,33.75513616232522,654.3305459518474,0.0,34.104327226073416,497.2670163389464,0.0,19.845692123022243,598.1415486868998,0.0,7.449409359961429,642.3896834610555,0.0,54.00821785972036,654.3305459518474
0.0,39.1093991397975,654.3305459518474,0.0,35.21009892794269,654.3305459518474,0.0,31.310798716087884,522.3156553118167,0.0,18.157935314905984,612.6678969388246,0.0,6.51823318996625,647.6042700130284,0.0,53.775423817221565,654.3305459518474
0.0,37.94542892730353,654.3305459518474,0.0,35.966679566063775,654.3305459518474,0.0,28.924659780475235,545.4553831361969,0.0,17.401354676784898,626.5889806802525,0.0,6.98382127496384,653.1913270329995,0.0,53.65902679597217,654.3305459518474
0.0,38.00362743792823,654.3305459518474,0.0,34.33712126857221,654.3305459518474,0.0,26.65491786611199,566.7793174290865,0.0,16.17918595366623,639.5323294431854,0.0,7.914997444959019,654.3305459518474,0.0,53.36803424284868,654.3305459518474
0.0,38.23642148042702,654.3305459518474,0.0,34.8609078641945,654.3305459518474,0.0,24.676168504872233,586.5202522329843,0.0,15.364406804920447,651.8238548871218,0.0,8.904372125578895,654.3305459518474,0.0,52.553255094102894,654.3305459518474
0.0,38.70200956542461,654.3305459518474,0.0,35.55928999169088,654.3305459518474,0.0,23.337602760504165,605.1903344413876,0.0,13.618451486179488,654.3305459518474,0.0,9.020769146828293,654.3305459518474,0.0,51.56388041348302,654.3305459518474
0.0,39.1093991397975,654.3305459518474,0.0,34.97730488544389,654.3305459518474,0.0,22.98841169675597,623.5810637987923,0.0,11.697900635564432,654.3305459518474,0.0,9.369960210576485,654.3305459518474,0.0,50.22531466911495,654.3305459518474
0.0,39.516788714170396,654.3305459518474,0.0,33.69693765170052,654.3305459518474,0.0,23.453999781753563,642.3442636241952,0.0,9.311761699951786,654.3305459518474,0.0,10.242937869946964,654.3305459518474,0.0,48.886748924746875,654.3305459518474
0.0,39.2839946716716,654.3305459518474,0.0,32.183776375458365,654.3305459518474,0.0,22.98841169675597,654.3305459518474,0.0,7.158416806837935,654.3305459518474,0.0,10.650327444319855,654.3305459518474,0.0,47.7227787122529,654.3305459518474
0.0,57.16851349207625,654.3305459518474,0.0,42.77608303813857,654.3305459518474,0.0,19.96208914427164,649.292635096119,0.0,5.296064466847579,634.626610418695,0.0,28.21709464142371,654.3305459518474,0.0,46.50060998913423,654.3305459518474
0.0,119.66992217765781,654.3305459518474,0.0,97.38439524968324,654.3305459518474,0.0,35.995294974639535,654.3305459518474,0.0,12.82425015691256,622.4508605756075,0.0,87.70472100490286,654.3305459518474,0.0,60.52194840840157,654.3305459518474
0.0,185.71040066139236,654.3305459518474,0.0,162.1209269193389,654.3305459518474,0.0,73.36245147249299,627.6929974243404,0.0,29.74297387703288,552.1938344526404,0.0,145.39287390928646,654.3305459518474,0.0,75.73401611034018,630.0645620621876
0.0,233.9324186954588,654.3305459518474,0.0,208.76372530642666,654.3305459518474,0.0,123.17790799333355,646.2353238190072,0.0,68.44551662941267,520.639351082053,0.0,181.04233503900468,654.3305459518474,0.0,84.83356158727203,614.8981236494596
0.0,254.51296821466505,654.3305459518474,0.0,231.73359325108729,654.3305459518474,0.0,145.53117190145804,654.3305459518474,0.0,107.91249988002538,526.9693509860733,0.0,197.6826064363834,654.3305459518474,0.0,90.51979502784044,605.4179186773001
0.0,251.07925608780783,654.3305459518474,0.0,239.677028375637,654.3305459518474,0.0,139.34791093544462,654.3305459518474,0.0,128.7997616725788,550.0091603241364,0.0,187.95073720269173,654.3305459518474,0.0,93.40146060846973,598.8193792857699
0.0,231.51333943897043,654.3305459518474,0.0,226.23299469234655,654.3305459518474,0.0,129.0419164556178,654.3305459518474,0.0,124.66448792838345,569.7407506668432,0.0,150.37286536224667,654.3305459518474,0.0,90.72114962989184,589.5405289156618
0.0,189.6523573926332,654.3305459518474,0.0,191.6264263836029,654.3305459518474,0.0,112.89081272357215,654.3305459518474,0.0,84.68943780237214,554.4301884692153,0.0,92.61397371685644,646.9445196687038,0.0,79.62395558165478,569.1644844973165
0.0,127.04409015532754,654.3305459518474,0.0,132.5635879241337,654.3305459518474,0.0,83.96261799528507,638.2931639471325,0.0,40.591654162547435,495.02184263176275,0.0,41.189358989018125,588.133878657722,0.0,60.202695904672424,529.3671804019889
0.0,52.64024674228841,606.9707926941358,0.0,57.36854494268435,611.6990908945318,0.0,28.30523171206746,566.5983956591999,0.0,11.078294838171601,406.10013746993434,0.0,11.625661014129438,499.7595396718514,0.0,43.73702003916775,473.10420044115665
0.0,16.353781485540324,620.053817882568,0.0,15.655399358043942,624.2234103809669,0.0,4.423086807477099,570.1368651051816,0.0,2.2115434037385495,407.8693721929252,0.0,4.888674892474688,503.6704795858312,0.0,40.15697233104208,505.2297783059903
0.0,13.56025297555479,630.9020202630118,0.0,13.909444039302981,635.3509656124093,0.0,2.735329999360837,572.3251291046703,0.0,2.0951463824891516,409.5454892989165,0.0,5.761652551845168,508.27980162730734,0.0,40.21517084166677,537.4019149793237
0.0,12.221687231186719,640.6793700479611,0.0,13.56025297555479,646.1991679928531,0.0,1.5713597868668638,573.5822169341637,0.0,1.1057717018692748,410.4301066604119,0.0,4.888674892474688,512.1907415412871,0.0,40.38976637354087,569.7137280781564
0.0,11.581503614315034,649.9445729394132,0.0,12.803672337433706,654.3305459518474,0.0,0.8147791487457813,574.2340402531604,0.0,0.2909925531234933,410.6629007029107,0.0,3.259116594983125,514.7980348172737,0.0,39.92417828854328,601.653070708991
0.0,10.999518508068046,654.3305459518474,0.0,13.56025297555479,654.3305459518474,0.0,0.698382127496384,574.7927459551576,0.0,0.11639702124939733,410.7560183199102,0.0,2.15334489311385,516.5207107317648,0.0,39.86597977791859,633.5458545313259
0.0,10.88312148681865,654.3305459518474,0.0,16.237384464290926,654.3305459518474,0.0,2.036947871864453,576.4223042526492,0.0,0.0,410.7560183199102,0.0,2.036947871864453,518.1502690292564,0.0,39.2839946716716,654.3305459518474
0.0,9.369960210576485,654.3305459518474,0.0,18.914515953027067,654.3305459518474,0.0,4.190292764978303,579.7745384646317,0.0,0.0,410.7560183199102,0.0,2.735329999360837,520.338533028745,0.0,37.94542892730353,654.3305459518474
0.0,8.147791487457813,654.3305459518474,0.0,21.417051909889107,654.3305459518474,0.0,5.470659998721674,584.1510664636091,0.0,0.0,410.7560183199102,0.0,3.6665061693560155,523.2717379642298,0.0,37.36344382105654,654.3305459518474
0.0,8.031394466208416,654.3305459518474,0.0,21.475250420513806,654.3305459518474,0.0,6.98382127496384,589.7381234835802,0.0,0.0,410.7560183199102,0.0,4.481285318101797,526.8567662187113,0.0,36.95605424668366,654.3305459518474
0.0,8.438784040581305,654.3305459518474,0.0,20.136684676145737,654.3305459518474,0.0,8.496982551206004,596.535709524545,0.0,0.349191063748192,411.0353711709088,0.0,4.946873403099386,530.8142649411908,0.0,37.59623786355534,654.3305459518474
0.0,9.253563189327087,654.3305459518474,0.0,18.73992042115297,654.3305459518474,0.0,9.311761699951786,603.9851188845065,0.0,1.1057717018692748,411.9199885324042,0.0,5.005071913724085,534.81832247217,0.0,37.07245126793305,654.3305459518474
0.0,10.184739359322265,654.3305459518474,0.0,17.80874425115779,654.3305459518474,0.0,10.359334891196362,612.2725867974636,0.0,1.3385657443680692,412.99084112789865,0.0,4.481285318101797,538.4033507266515,0.0,35.966679566063775,654.3305459518474
0.0,10.650327444319855,654.3305459518474,0.0,17.168560634286106,654.3305459518474,0.0,10.824922976193951,620.9325251784188,0.0,2.036947871864453,414.6203994253902,0.0,3.0263225524843302,540.8244087686389,0.0,34.628113821695706,654.3305459518474
0.0,11.174114039942143,654.3305459518474,0.0,16.99396510241201,654.3305459518474,0.0,10.184739359322265,629.0803166658766,0.0,3.9574987224795093,417.7863984033738,0.0,1.8041538293656585,542.2677318321314,0.0,32.53296743920656,654.3305459518474
0.0,34.35001695692428,654.3305459518474,0.0,19.949548913889693,649.280094865737,0.0,23.306341049041823,627.3866577149184,0.0,19.592675719014707,412.37907412238854,0.0,19.378780886581364,536.6465127187128,0.0,33.75831565216698,654.3305459518474
0.0,106.73113133789428,654.3305459518474,0.0,52.11177977639603,654.3305459518474,0.0,85.06838969715434,654.3305459518474,0.0,81.27612576600872,457.39997473519554,0.0,88.72721373538356,587.6282837070196,0.0,62.200522204962695,654.3305459518474
0.0,174.52392412005332,654.3305459518474,0.0,95.88395193280809,650.2144978846554,0.0,111.32881367724548,654.3305459518474,0.0,143.14203120498868,491.9135996991865,0.0,154.52235794623735,631.2461700640094,0.0,109.71629825142094,654.3305459518474
0.0,219.27761109697343,654.3305459518474,0.0,115.38381021090896,654.3305459518474,0.0,99.37904206013177,653.7095880119791,0.0,185.91696882066904,560.6471747557217,0.0,202.18446957396404,654.3305459518474,0.0,162.89472815811203,654.3305459518474
0.0,238.50069566174614,654.3305459518474,0.0,120.63271551708542,654.3305459518474,0.0,105.38770749427107,654.3305459518474,0.0,209.29422633970256,648.0825558274838,0.0,224.59593199271328,654.3305459518474,0.0,186.39156218823672,654.3305459518474
0.0,237.93760976556464,654.3305459518474,0.0,122.63036408839062,654.3305459518474,0.0,113.90208837511419,654.3305459518474,0.0,211.62534625453225,654.3305459518474,0.0,228.69190643634937,654.3305459518474,0.0,177.83788200683432,654.3305459518474
0.0,220.12550829558,654.3305459518474,0.0,97.39075422936675,651.7213001812141,0.0,109.14385161469919,654.3305459518474,0.0,190.46281162907903,654.3305459518474,0.0,212.99067106907765,654.3305459518474,0.0,158.26560637831344,654.3305459518474
0.0,168.34702213372344,654.3305459518474,0.0,66.45705106966261,618.1783512508767,0.0,138.99218316302787,654.3305459518474,0.0,137.67287208669535,654.3305459518474,0.0,177.15089468726168,654.3305459518474,0.0,122.36445199603105,654.3305459518474
0.0,93.7150650484556,648.045611000303,0.0,42.095099240279296,560.273450491156,0.0,139.97051849369416,654.3305459518474,0.0,71.87772787584153,626.2082738276889,0.0,119.9315093577174,654.3305459518474,0.0,87.63044731608437,641.9609932679318
0.0,23.668250072157022,571.71386107246,0.0,30.42528082633545,490.6987313174915,0.0,67.9211968468352,622.2517427986826,0.0,14.441268224022172,540.649542051711,0.0,45.09501818055644,599.4255641324038,0.0,41.72064998678215,583.681643254714
0.0,0.05819851062469866,571.7604198809597,0.0,32.940357013579444,517.051016928355,0.0,51.56388041348302,654.3305459518474,0.0,2.8517270206102348,542.9309236681992,0.0,2.735329999360837,601.6138281318924,0.0,24.559771483622836,603.3294604416122
0.0,0.9893746806198773,572.5519196254556,0.0,35.50109148106618,545.4518901132079,0.0,52.727850625976984,654.3305459518474,0.0,3.0263225524843302,545.3519817101867,0.0,2.61893297811144,603.7089745143816,0.0,22.522823611758383,621.347719331019
0.0,6.285439147467455,577.5802709434296,0.0,34.97730488544389,573.433734021563,0.0,48.53755786099868,654.3305459518474,0.0,6.169042126218058,550.2872154111611,0.0,2.269741914363248,605.5247680458722,0.0,21.009662335516218,638.1554491994319
0.0,16.58657552803912,590.8495313658609,0.0,34.97730488544389,601.4155779299182,0.0,46.50060998913423,654.3305459518474,0.0,9.719151274324677,558.0625364306209,0.0,2.15334489311385,607.2474439603633,0.0,20.835066803642118,654.3305459518474
0.0,25.665543185492112,611.3819659142546,0.0,33.69693765170052,628.3731280512786,0.0,45.860426372262545,654.3305459518474,0.0,12.512679784310212,568.072680258069,0.0,2.6771314887361384,609.3891491513522,0.0,19.90389063364694,654.3305459518474
0.0,30.03043148234451,635.4063111001302,0.0,31.834585311710175,653.8407963006467,0.0,45.860426372262545,654.3305459518474,0.0,15.073414251796954,580.1314116595065,0.0,3.6665061693560155,612.322354086837,0.0,17.983339783031887,654.3305459518474
0.0,31.36899722671258,654.3305459518474,0.0,30.5542180779668,654.3305459518474,0.0,46.326014457260136,654.3305459518474,0.0,12.396282763060816,590.0484378699551,0.0,4.830476381849989,616.186735192317,0.0,15.888193400542736,654.3305459518474
0.0,32.241974886083064,654.3305459518474,0.0,29.44844637609752,654.3305459518474,0.0,47.37358764850471,654.3305459518474,0.0,9.486357231825883,597.6375236554159,0.0,5.528858509346373,620.6098219997941,0.0,12.978267869307802,654.3305459518474
0.0,32.41657041795716,654.3305459518474,0.0,26.887711908610783,654.3305459518474,0.0,48.71215339287278,654.3305459518474,0.0,7.274813828087333,603.4573747178857,0.0,6.343637658092154,625.6847321262678,0.0,9.660952763699978,654.3305459518474
0.0,31.950982332959565,654.3305459518474,0.0,23.686793824252355,654.3305459518474,0.0,49.70152807349266,654.3305459518474,0.0,8.380585529956607,610.161843141851,0.0,7.158416806837935,631.4114655717382,0.0,8.846173614954198,654.3305459518474
0.0,30.96160765233969,654.3305459518474,0.0,22.29002956925959,654.3305459518474,0.0,50.51630722223844,654.3305459518474,0.0,8.380585529956607,616.8663115658163,0.0,7.9731959555837175,637.7900223362052,0.0,8.32238701933191,654.3305459518474
0.0,35.61748850231558,654.3305459518474,0.0,23.163007228630068,654.3305459518474,0.0,50.690902754112535,654.3305459518474,0.0,6.51823318996625,622.0808981177893,0.0,9.60275425307528,645.4722257386654,0.0,6.92562276433914,654.3305459518474
0.0,33.87153318357462,654.3305459518474,0.0,24.443374462373438,654.3305459518474,0.0,51.15649083911013,654.3305459518474,0.0,4.364888296852399,625.5728087552712,0.0,11.930694678063224,654.3305459518474,0.0,5.179667445598181,654.3305459518474
0.0,31.136203184213784,654.3305459518474,0.0,25.083558079245122,654.3305459518474,0.0,53.89182083847097,654.3305459518474,0.0,3.084521063109029,628.0404256057585,0.0,13.443855954305391,654.3305459518474,0.0,4.655880849975893,654.3305459518474
0.0,48.10844504468871,654.3305459518474,0.0,31.63490931907217,654.3305459518474,0.0,55.95552778051271,654.3305459518474,0.0,1.74595531874096,604.7863809244994,0.0,31.952838671358023,654.3305459518474,0.0,20.547431469345433,649.8779774211928
0.0,112.33540895851743,654.3305459518474,0.0,54.73221363493581,654.3305459518474,0.0,105.70810542045845,654.3305459518474,0.0,11.702758734819586,591.489139659319,0.0,99.70951164279957,654.3305459518474,0.0,89.80622636707554,654.3305459518474
0.0,175.10105112704517,654.3305459518474,0.0,87.01552188896163,641.346067840809,0.0,161.1201574307953,654.3305459518474,0.0,22.625357251182542,514.1144969105015,0.0,161.78781103378455,654.3305459518474,0.0,155.40001597587795,654.3305459518474
0.0,227.4048247649524,654.3305459518474,0.0,154.66515857969398,654.3305459518474,0.0,201.00556960573454,654.3305459518474,0.0,30.914803949638706,445.02930086014027,0.0,203.05744723333453,654.3305459518474,0.0,203.05576862392113,654.3305459518474
0.0,255.57793973554675,654.3305459518474,0.0,199.5698615081526,654.3305459518474,0.0,229.7670286622594,654.3305459518474,0.0,41.06660298808522,386.0959038482255,0.0,225.01904128730988,654.3305459518474,0.0,228.80026586850187,654.3305459518474
0.0,258.3400288050849,654.3305459518474,0.0,226.7332017076333,654.3305459518474,0.0,240.2476186739603,654.3305459518474,0.0,46.79681609948299,332.8927199477085,0.0,227.63329389515118,654.3305459518474,0.0,228.95596219031052,654.3305459518474
0.0,239.7256884167365,654.3305459518474,0.0,221.5943344430227,654.3305459518474,0.0,214.07365315509946,654.3305459518474,0.0,46.328048524643656,279.2207684723521,0.0,210.89234519674673,654.3305459518474,0.0,204.73248608208377,654.3305459518474
0.0,204.24614244862232,654.3305459518474,0.0,189.53278088154207,654.3305459518474,0.0,179.18395215334414,654.3305459518474,0.0,39.861654865618604,219.08242333797074,0.0,174.76157626180728,654.3305459518474,0.0,170.48614818704192,654.3305459518474
0.0,141.82819046341442,654.3305459518474,0.0,133.4459263240444,654.3305459518474,0.0,134.83765475079696,654.3305459518474,0.0,26.812470526319096,145.89489386428983,0.0,117.07660284726543,654.3305459518474,0.0,120.91920542892389,654.3305459518474
0.0,62.77464745109782,617.1051934029452,0.0,65.43923870945201,619.7697846612994,0.0,73.01740759205973,627.3479535439071,0.0,9.074287287182893,54.969181151472725,0.0,40.68447160346128,595.0150175553086,0.0,52.04890089550122,606.3794468473486
0.0,28.400873184852944,639.8258919508276,0.0,27.877086589230657,642.0714539326839,0.0,50.39991020098904,654.3305459518474,0.0,6.692828721840346,60.323444128945,0.0,2.036947871864453,596.6445758528002,0.0,22.75561765425718,624.5839409707544
0.0,24.094183398625244,654.3305459518474,0.0,26.422123823613195,654.3305459518474,0.0,47.7809772228776,654.3305459518474,0.0,9.95194531682347,68.28500038240378,0.0,1.8041538293656585,598.0878989162927,0.0,31.136203184213784,649.4929035181254
0.0,20.602272761143325,654.3305459518474,0.0,25.14175658986982,654.3305459518474,0.0,45.27844126601556,654.3305459518474,0.0,12.62907680555961,78.38826182685148,0.0,0.9311761699951786,598.8328398522889,0.0,39.74958275666919,654.3305459518474
0.0,19.321905527399956,654.3305459518474,0.0,22.63922063300778,654.3305459518474,0.0,41.90292764978304,654.3305459518474,0.0,13.734848507428882,89.37614063279459,0.0,0.349191063748192,599.1121927032874,0.0,44.34726509602038,654.3305459518474
0.0,19.321905527399956,654.3305459518474,0.0,20.02028765489634,654.3305459518474,0.0,40.15697233104208,654.3305459518474,0.0,15.771796379293338,101.99357773622926,0.0,0.2909925531234933,599.3449867457862,0.0,43.357890415400504,654.3305459518474
0.0,19.787493612397544,654.3305459518474,0.0,18.099736804281285,654.3305459518474,0.0,41.14634701166195,654.3305459518474,0.0,16.17918595366623,114.93692649916224,0.0,0.5819851062469866,599.8105748307837,0.0,39.92417828854328,654.3305459518474
0.0,21.7662429736373,654.3305459518474,0.0,17.459553187409597,654.3305459518474,0.0,43.00869935165231,654.3305459518474,0.0,18.216133825530683,129.50983355958678,0.0,1.74595531874096,601.2073390857764,0.0,41.029949990412554,654.3305459518474
0.0,22.75561765425718,654.3305459518474,0.0,15.480803826169845,654.3305459518474,0.0,45.39483828726496,654.3305459518474,0.0,23.62859531362766,148.4127098104889,0.0,4.248491275603002,604.6061321062589,0.0,44.40546360664508,654.3305459518474
0.0,22.98841169675597,654.3305459518474,0.0,12.396282763060816,654.3305459518474,0.0,45.04564722351677,654.3305459518474,0.0,26.65491786611199,169.7366441033785,0.0,5.23786595622288,608.7964248712372,0.0,45.860426372262545,654.3305459518474
0.0,23.163007228630068,654.3305459518474,0.0,10.301136380571663,654.3305459518474,0.0,43.998074032272186,654.3305459518474,0.0,26.596719355487288,191.01401958776833,0.0,7.333012338712031,614.6628347422068,0.0,46.15141892538605,654.3305459518474
0.0,23.337602760504165,654.3305459518474,0.0,9.369960210576485,654.3305459518474,0.0,45.860426372262545,654.3305459518474,0.0,27.00410892986018,212.61730673165647,0.0,10.47573191244576,623.0434202721634,0.0,46.15141892538605,654.3305459518474
0.0,23.337602760504165,654.3305459518474,0.0,8.555181061830703,654.3305459518474,0.0,54.18281339159446,654.3305459518474,0.0,24.443374462373438,232.17200630155523,0.0,12.920069358683104,633.3794757591099,0.0,45.860426372262545,654.3305459518474
0.0,22.75561765425718,654.3305459518474,0.0,7.624004891835525,654.3305459518474,0.0,56.97634190157999,654.3305459518474,0.0,21.940838505511394,249.72467710596433,0.0,13.618451486179488,644.2742369480535,0.0,45.220242755390856,654.3305459518474
0.0,22.057235526760792,654.3305459518474,0.0,6.634630211215648,654.3305459518474,0.0,57.26733445470348,654.3305459518474,0.0,19.321905527399956,265.1822015278843,0.0,14.549627656174666,654.3305459518474,0.0,44.114471053521584,654.3305459518474
0.0,33.882750262513284,654.3305459518474,0.0,15.609918806786247,644.9404647586337,0.0,54.64840147659204,654.3305459518474,0.0,30.69755189837855,269.7402430465871,0.0,36.775455193096164,654.3305459518474,0.0,43.966634591824786,654.3305459518474
0.0,93.43961448657075,654.3305459518474,0.0,74.23710774127689,654.3305459518474,0.0,59.93510520289943,654.3305459518474,0.0,93.2414393743611,324.333394546076,0.0,110.30482006633648,654.3305459518474,0.0,53.17789671973594,654.3305459518474
0.0,145.7529265940032,654.3305459518474,0.0,147.01775183650795,654.3305459518474,0.0,74.54310909868384,628.8736550505313,0.0,155.40937671641817,368.6608959192106,0.0,175.618656471969,654.3305459518474,0.0,80.16664138734254,634.49718733919
0.0,196.95728750972467,654.3305459518474,0.0,166.8888798782642,654.3305459518474,0.0,107.16774855634601,634.6078538956081,0.0,214.6043319173604,460.34436145309894,0.0,216.76871616042786,654.3305459518474,0.0,86.03533021989689,620.5325175590868
0.0,194.74256461614436,654.3305459518474,0.0,178.00179364672496,654.3305459518474,0.0,161.99781546043587,654.3305459518474,0.0,242.03658597005744,573.9736302291449,0.0,243.39405092449095,654.3305459518474,0.0,106.20849016473025,625.4993096908711
0.0,171.69877844063535,654.3305459518474,0.0,197.93112019910592,654.3305459518474,0.0,229.49961568947143,654.3305459518474,0.0,248.60833730037828,654.3305459518474,0.0,250.14825764679776,654.3305459518474,0.0,128.3950184010925,648.2153244117451
0.0,164.7400376264354,654.3305459518474,0.0,147.87969014592483,654.3305459518474,0.0,234.19647444941998,654.3305459518474,0.0,232.97784067411317,654.3305459518474,0.0,232.30153724652396,654.3305459518474,0.0,112.945476286385,654.3305459518474
0.0,110.27806099615918,654.3305459518474,0.0,122.62904093694735,654.3305459518474,0.0,214.65095789107633,654.3305459518474,0.0,198.46877017655345,654.3305459518474,0.0,193.32690115108616,654.3305459518474,0.0,104.93130242082864,654.3305459518474
0.0,69.29473697946254,623.6252829313099,0.0,72.06168414825584,626.3922301001032,0.0,163.11312563183043,654.3305459518474,0.0,114.87406472609695,654.3305459518474,0.0,132.90659773718346,654.3305459518474,0.0,82.22416707868584,636.5547130305332
0.0,27.904023388393018,551.529306319703,0.0,25.923773146724916,552.3160032468281,0.0,85.34312934309895,639.6736752949464,0.0,57.19059219198345,611.5211381438309,0.0,56.199894359920286,610.5304403117677,0.0,41.73636970700584,578.291082737539
0.0,13.734848507428882,562.517185125646,0.0,7.914997444959019,558.6480012027954,0.0,45.685830840388455,654.3305459518474,0.0,41.32094254353605,644.5778921786597,0.0,21.242456378015014,627.5244054141798,0.0,25.72374169611681,598.8700760944324
0.0,12.62907680555961,572.6204465700937,0.0,9.078967657452992,565.9111753287577,0.0,42.48491275603003,654.3305459518474,0.0,45.627632329763756,654.3305459518474,0.0,29.623041907971622,651.222838940557,0.0,22.930213186131272,617.2142466433374
0.0,11.75609914618913,582.025325887045,0.0,8.962570636203594,573.0812318377206,0.0,40.56436190541496,654.3305459518474,0.0,48.18836679725049,654.3305459518474,0.0,35.85028254481438,654.3305459518474,0.0,19.61289808052345,632.9045651077562
0.0,12.338084252436117,591.8957932889939,0.0,7.507607870586128,579.0873181341894,0.0,40.38976637354087,654.3305459518474,0.0,48.71215339287278,654.3305459518474,0.0,35.966679566063775,654.3305459518474,0.0,16.295582974915625,645.9410314876886
0.0,11.697900635564432,601.2541137974455,0.0,5.761652551845168,583.6966401756656,0.0,41.37914105416075,654.3305459518474,0.0,49.29413849911976,654.3305459518474,0.0,37.36344382105654,654.3305459518474,0.0,11.988893188687923,654.3305459518474
0.0,11.581503614315034,610.5193166888976,0.0,4.539483828726496,587.3282272386468,0.0,40.91355296916316,654.3305459518474,0.0,50.45810871161374,654.3305459518474,0.0,39.1093991397975,654.3305459518474,0.0,8.6133795724554,654.3305459518474
0.0,11.639702124939733,619.8310783888494,0.0,4.132094254353605,590.6339026421297,0.0,41.61193509665954,654.3305459518474,0.0,50.92369679661133,654.3305459518474,0.0,38.934803607923406,654.3305459518474,0.0,6.169042126218058,654.3305459518474
0.0,11.872496167438527,629.3290753228002,0.0,4.132094254353605,593.9395780456125,0.0,42.54311126665472,654.3305459518474,0.0,50.80729977536193,654.3305459518474,0.0,36.665061693560155,654.3305459518474,0.0,4.772277871225291,654.3305459518474
0.0,11.290511061191541,638.3614841717534,0.0,4.423086807477099,597.4780474915942,0.0,42.135721692281834,654.3305459518474,0.0,49.75972658411735,654.3305459518474,0.0,38.76020807604931,654.3305459518474,0.0,4.190292764978303,654.3305459518474
0.0,10.301136380571663,646.6023932762107,0.0,5.121468934973482,601.575222639573,0.0,40.447964884165565,654.3305459518474,0.0,47.25719062725532,654.3305459518474,0.0,41.32094254353605,654.3305459518474,0.0,4.655880849975893,654.3305459518474
0.0,9.311761699951786,654.0518026361722,0.0,6.110843615593359,606.4638975320477,0.0,38.35281850167642,654.3305459518474,0.0,45.220242755390856,654.3305459518474,0.0,34.27892275794751,654.3305459518474,0.0,5.587057019971072,654.3305459518474
0.0,8.438784040581305,654.3305459518474,0.0,6.634630211215648,611.7716017010201,0.0,36.665061693560155,654.3305459518474,0.0,42.95050084102761,654.3305459518474,0.0,31.136203184213784,654.3305459518474,0.0,6.51823318996625,654.3305459518474
0.0,7.914997444959019,654.3305459518474,0.0,6.401836168716853,616.8930706359936,0.0,36.665061693560155,654.3305459518474,0.0,40.50616339479026,654.3305459518474,0.0,33.69693765170052,654.3305459518474,0.0,7.042019785588539,654.3305459518474
0.0,7.449409359961429,654.3305459518474,0.0,5.412461488096976,621.2230398264711,0.0,37.65443637418004,654.3305459518474,0.0,39.2839946716716,654.3305459518474,0.0,33.17315105607824,654.3305459518474,0.0,6.809225743089744,654.3305459518474
0.0,14.710182077238468,644.0407280290858,0.0,14.14709618105693,610.370136007528,0.0,44.078351242804096,654.3305459518474,0.0,56.924680099623856,654.3305459518474,0.0,34.782309263076,654.3305459518474,0.0,11.304729900986892,640.6352758528343
0.0,64.49737864747335,654.3305459518474,0.0,59.90437667839226,638.2936373502419,0.0,92.86195429262375,654.3305459518474,0.0,128.56175407285474,654.3305459518474,0.0,51.351841919448134,654.3305459518474,0.0,48.943979741898396,654.3305459518474
0.0,119.40454327225338,654.3305459518474,0.0,119.47378113283166,653.8726622565072,0.0,160.20637959043722,654.3305459518474,0.0,193.60181852601582,654.3305459518474,0.0,55.85034783820197,610.1808937900494,0.0,92.25056381331288,646.5811097651602
0.0,165.2939405110618,654.3305459518474,0.0,162.64824846277304,654.3305459518474,0.0,206.9970144392218,654.3305459518474,0.0,234.98149276713178,654.3305459518474,0.0,95.1835357379282,605.3644295279776,0.0,178.1668507090738,654.3305459518474
0.0,191.10299524595072,654.3305459518474,0.0,182.78678947731726,654.3305459518474,0.0,245.9402110942122,654.3305459518474,0.0,253.07990641996972,654.3305459518474,0.0,148.77721507910402,644.3862015912608,0.0,221.52527431142946,654.3305459518474
0.0,196.44003762277094,654.3305459518474,0.0,186.8245654103287,654.3305459518474,0.0,224.0100564806843,654.3305459518474,0.0,248.9021538853734,654.3305459518474,0.0,198.10350393461144,654.3305459518474,0.0,211.22864057214287,654.3305459518474
0.0,187.790360510613,654.3305459518474,0.0,171.40646273606856,654.3305459518474,0.0,191.83210589795428,654.3305459518474,0.0,207.14652951033196,654.3305459518474,0.0,199.82905916285858,654.3305459518474,0.0,219.97581549548474,654.3305459518474
0.0,152.29191533243338,654.3305459518474,0.0,144.04176793453647,654.3305459518474,0.0,184.33853913817845,654.3305459518474,0.0,144.9566911973528,654.3305459518474,0.0,192.8310190480994,654.3305459518474,0.0,200.93518632269797,654.3305459518474
0.0,101.43356599061836,654.3305459518474,0.0,105.81267312726612,654.3305459518474,0.0,135.30324283579452,654.3305459518474,0.0,97.9521615161349,652.2827074679823,0.0,142.90234499585122,654.3305459518474,0.0,123.60083955894505,654.3305459518474
0.0,32.14333165244088,586.4738776042883,0.0,39.25308841817937,593.5836343700267,0.0,76.41968027846957,630.7502262303169,0.0,48.2766815968793,600.5593890648615,0.0,69.63103235485868,623.9615783067061,0.0,57.1576518711077,611.488197822955
0.0,0.174595531874096,586.6135540297876,0.0,0.05819851062469866,593.6301931785265,0.0,54.41560743409325,654.3305459518474,0.0,32.940357013579444,626.9116746757251,0.0,32.70756297108065,650.1276286835706,0.0,27.527895525482467,633.510514243341
0.0,0.2909925531234933,586.8463480722863,0.0,0.349191063748192,593.909546029525,0.0,54.99759254034023,654.3305459518474,0.0,33.40594509857703,653.6364307545867,0.0,27.17870446173428,654.3305459518474,0.0,26.422123823613195,654.3305459518474
0.0,0.05819851062469866,586.8929068807861,0.0,0.4655880849975893,594.282016497523,0.0,55.40498211471312,654.3305459518474,0.0,34.97730488544389,654.3305459518474,0.0,23.163007228630068,654.3305459518474,0.0,25.78194020674151,654.3305459518474
0.0,0.0,586.8929068807861,0.0,0.40738957437289064,594.6079281570213,0.0,55.98696722096011,654.3305459518474,0.0,37.47984084230594,654.3305459518474,0.0,19.438302548649354,654.3305459518474,0.0,23.977786377375846,654.3305459518474
0.0,0.0,586.8929068807861,0.0,0.87297765937048,595.3063102845177,0.0,56.6271508378318,654.3305459518474,0.0,38.58561254417521,654.3305459518474,0.0,15.364406804920447,654.3305459518474,0.0,20.893265314266817,654.3305459518474
0.0,0.05819851062469866,586.9394656892858,0.0,2.793528509985536,597.5411330925061,0.0,56.510753816582394,654.3305459518474,0.0,39.691384246044485,654.3305459518474,0.0,11.465106593065636,654.3305459518474,0.0,18.914515953027067,654.3305459518474
0.0,0.40738957437289064,587.2653773487841,0.0,5.23786595622288,601.7314258574844,0.0,56.219761263458906,654.3305459518474,0.0,41.90292764978304,654.3305459518474,0.0,8.6133795724554,654.3305459518474,0.0,18.216133825530683,654.3305459518474
0.0,0.698382127496384,587.8240830507813,0.0,5.878049573094565,606.4338655159601,0.0,56.0451657315848,654.3305459518474,0.0,44.40546360664508,654.3305459518474,0.0,6.92562276433914,654.3305459518474,0.0,16.93576659178731,654.3305459518474
0.0,0.9893746806198773,588.6155827952772,0.0,4.423086807477099,609.9723349619418,0.0,55.579577646587225,654.3305459518474,0.0,45.74402935101315,654.3305459518474,0.0,6.460034679341552,654.3305459518474,0.0,15.306208294295748,654.3305459518474
0.0,1.1639702124939733,589.5467589652724,0.0,2.5025359568620424,611.9743637274314,0.0,54.06641637034505,654.3305459518474,0.0,45.860426372262545,654.3305459518474,0.0,6.110843615593359,654.3305459518474,0.0,13.56025297555479,654.3305459518474
0.0,1.4549627656174666,590.7107291777663,0.0,1.2803672337433705,612.9986575144261,0.0,51.73847594535711,654.3305459518474,0.0,45.74402935101315,654.3305459518474,0.0,5.8198510624698665,654.3305459518474,0.0,12.396282763060816,654.3305459518474
0.0,1.74595531874096,592.107493432759,0.0,0.87297765937048,613.6970396419225,0.0,49.41053552036916,654.3305459518474,0.0,45.27844126601556,654.3305459518474,0.0,5.470659998721674,654.3305459518474,0.0,11.639702124939733,654.3305459518474
0.0,2.036947871864453,593.7370517302506,0.0,0.87297765937048,614.3954217694189,0.0,46.326014457260136,654.3305459518474,0.0,44.28906658539568,654.3305459518474,0.0,5.354262977472277,654.3305459518474,0.0,10.242937869946964,654.3305459518474
0.0,2.0951463824891516,595.413168836242,0.0,1.396764254992768,615.5128331734131,0.0,41.90292764978304,654.3305459518474,0.0,43.939875521647494,654.3305459518474,0.0,5.005071913724085,654.3305459518474,0.0,9.078967657452992,654.3305459518474
0.0,17.113719342488213,587.5268881787302,0.0,20.99261946384923,611.5054526372624,0.0,49.41857310946607,654.3305459518474,0.0,56.9529400502295,654.3305459518474,0.0,17.401532405769956,646.7320783576174,0.0,21.576105450524565,650.906651402372
0.0,87.12123501822754,637.2238761933123,0.0,95.51921887782126,654.3305459518474,0.0,105.66748296845591,654.3305459518474,0.0,124.055210565004,654.3305459518474,0.0,74.17104937054035,654.3305459518474,0.0,80.478567217915,654.3305459518474
0.0,153.99857135061507,654.3305459518474,0.0,163.0792176174815,654.3305459518474,0.0,175.54756227299222,654.3305459518474,0.0,186.63989822197414,654.3305459518474,0.0,130.11792732645307,654.3305459518474,0.0,140.34682408558973,654.3305459518474
0.0,202.86713198123672,654.3305459518474,0.0,209.10859145787487,654.3305459518474,0.0,221.24814514013124,654.3305459518474,0.0,228.87683040223686,654.3305459518474,0.0,181.08481382940562,654.3305459518474,0.0,185.7013953788223,654.3305459518474
0.0,224.77052752458738,654.3305459518474,0.0,233.09141366349093,654.3305459518474,0.0,242.48141850659107,654.3305459518474,0.0,241.68854032876743,654.3305459518474,0.0,206.56039722077006,654.3305459518474,0.0,227.0024710188197,654.3305459518474
0.0,226.7603162357807,654.3305459518474,0.0,235.8142034324698,654.3305459518474,0.0,226.12110031238223,654.3305459518474,0.0,224.54020205599008,654.3305459518474,0.0,210.93950435741783,654.3305459518474,0.0,231.78110786972852,654.3305459518474
0.0,210.65955115424794,654.3305459518474,0.0,219.0653948739535,654.3305459518474,0.0,208.297959492444,654.3305459518474,0.0,233.25125716861447,654.3305459518474,0.0,199.9083686799173,654.3305459518474,0.0,217.22026313461515,654.3305459518474
0.0,172.4304563469776,654.3305459518474,0.0,182.36050069287893,654.3305459518474,0.0,169.99494645432526,654.3305459518474,0.0,203.2330104586818,654.3305459518474,0.0,181.3679465224173,654.3305459518474,0.0,182.07100902018377,654.3305459518474
0.0,117.8174637651628,654.3305459518474,0.0,123.93466636043966,654.3305459518474,0.0,125.99784011552626,654.3305459518474,0.0,138.91490771335265,654.3305459518474,0.0,122.94211218997803,654.3305459518474,0.0,124.04470440200556,654.3305459518474
0.0,43.923188107950615,598.253734059798,0.0,46.46820285521367,600.7987488070611,0.0,58.840550579968806,613.1710965318161,0.0,72.95620732057833,627.2867532724257,0.0,43.75327294634662,598.0838188981941,0.0,46.13155202184742,600.4620979736948
0.0,0.5819851062469866,598.7193221447956,0.0,2.5025359568620424,602.8007775725507,0.0,38.76020807604931,644.1792629926556,0.0,41.32094254353605,654.3305459518474,0.0,3.2009180843584266,600.6445533656808,0.0,4.015697233104208,603.6746557601781
0.0,0.5237865956222879,599.1383514212934,0.0,1.5713597868668638,604.0578654020442,0.0,37.36344382105654,654.3305459518474,0.0,41.20454552228665,654.3305459518474,0.0,3.259116594983125,603.2518466416674,0.0,3.7829031906054134,606.7009783126624
0.0,0.174595531874096,599.2780278467926,0.0,0.23279404249879465,604.2441006360432,0.0,34.802709353569796,654.3305459518474,0.0,42.89230233040291,654.3305459518474,0.0,2.444337446237344,605.2073165986573,0.0,4.073895743728906,609.9600949076455
0.0,0.05819851062469866,599.3245866552924,0.0,0.0,604.2441006360432,0.0,32.940357013579444,654.3305459518474,0.0,45.39483828726496,654.3305459518474,0.0,1.396764254992768,606.3247280026515,0.0,5.7034540412204695,614.5228581406219
0.0,0.05819851062469866,599.3711454637921,0.0,0.0,604.2441006360432,0.0,31.834585311710175,654.3305459518474,0.0,47.897374244127,654.3305459518474,0.0,0.5237865956222879,606.7437572791492,0.0,8.496982551206004,621.3204441815867
0.0,0.05819851062469866,599.4177042722919,0.0,0.9311761699951786,604.9890415720394,0.0,30.205027014218608,654.3305459518474,0.0,50.22531466911495,654.3305459518474,0.0,0.11639702124939733,606.8368748961487,0.0,10.417533401821059,629.6544709030436
0.0,0.05819851062469866,599.4642630807916,0.0,2.8517270206102348,607.2704231885275,0.0,27.70249105735656,654.3305459518474,0.0,51.73847594535711,654.3305459518474,0.0,0.05819851062469866,606.8834337046485,0.0,12.047091699312622,639.2921442624937
0.0,0.05819851062469866,599.5108218892914,0.0,3.49191063748192,610.063951698513,0.0,25.898337227990908,654.3305459518474,0.0,53.01884317910048,654.3305459518474,0.0,0.0,606.8834337046485,0.0,13.909444039302981,650.4196994939362
0.0,0.05819851062469866,599.5573806977911,0.0,3.259116594983125,612.6712449744996,0.0,23.686793824252355,654.3305459518474,0.0,54.24101190221916,654.3305459518474,0.0,0.0,606.8834337046485,0.0,15.946391911167435,654.3305459518474
0.0,0.05819851062469866,599.6039395062909,0.0,2.9681240418596317,615.0457442079872,0.0,20.660471271768024,654.3305459518474,0.0,55.113989561589634,654.3305459518474,0.0,0.0,606.8834337046485,0.0,17.110362123661407,654.3305459518474
0.0,0.11639702124939733,599.6970571232904,0.0,3.1427195737337277,617.5599198669743,0.0,19.438302548649354,654.3305459518474,0.0,55.230386582839024,654.3305459518474,0.0,0.0,606.8834337046485,0.0,18.79811893177767,654.3305459518474
0.0,0.2909925531234933,599.9298511657892,0.0,3.6665061693560155,620.4931248024591,0.0,19.321905527399956,654.3305459518474,0.0,54.93939402971553,654.3305459518474,0.0,0.05819851062469866,606.9299925131482,0.0,20.136684676145737,654.3305459518474
0.0,0.4655880849975893,600.3023216337872,0.0,4.423086807477099,624.0315942484408,0.0,19.55469956989875,654.3305459518474,0.0,53.600828285347475,654.3305459518474,0.0,0.4655880849975893,607.3024629811463,0.0,22.23183105863489,654.3305459518474
0.0,0.87297765937048,601.0007037612836,0.0,5.645255530595771,628.5477986729175,0.0,19.147309995525863,654.3305459518474,0.0,52.3204610516041,654.3305459518474,0.0,1.3385657443680692,608.3733155766407,0.0,27.12050595110958,654.3305459518474
0.0,13.642208795500093,589.6429125567837,0.0,23.23560230803518,626.7834009809526,0.0,23.54213685239731,652.8726828042447,0.0,58.7900342004709,654.3305459518474,0.0,5.365302327425878,588.7386179040666,0.0,44.72339295893093,654.3305459518474
0.0,74.83013219747747,629.5070183147657,0.0,92.53687599616627,654.3305459518474,0.0,84.10877584756845,654.3305459518474,0.0,115.34247684296619,654.3305459518474,0.0,41.961659347362904,602.3079453819569,0.0,114.41315701136946,654.3305459518474
0.0,141.52501313787909,654.3305459518474,0.0,162.62148939259572,654.3305459518474,0.0,145.23064087880928,654.3305459518474,0.0,174.92442152778753,654.3305459518474,0.0,90.65562444611047,592.9635698280673,0.0,182.2467499745161,654.3305459518474
0.0,192.40226168975954,654.3305459518474,0.0,202.76645468021104,654.3305459518474,0.0,192.3972258615193,654.3305459518474,0.0,193.27134894334804,654.3305459518474,0.0,116.135888207745,605.8722803942633,0.0,186.89627184480847,654.3305459518474
0.0,221.29901697759922,654.3305459518474,0.0,220.84914861282533,654.3305459518474,0.0,228.59723265703707,654.3305459518474,0.0,193.5859210768071,654.3305459518474,0.0,123.53345803676524,624.6990468236754,0.0,131.21362737184194,654.3305459518474
0.0,225.33679291061065,654.3305459518474,0.0,219.93369216305388,654.3305459518474,0.0,234.34484409807195,654.3305459518474,0.0,202.2513179091887,654.3305459518474,0.0,102.81761228624416,626.9531366526708,0.0,97.2865419805292,651.6170879323765
0.0,207.1880406072598,654.3305459518474,0.0,201.784939859703,654.3305459518474,0.0,200.82364740070375,654.3305459518474,0.0,202.37557479055,654.3305459518474,0.0,100.80106450487348,627.5939882565696,0.0,88.87751877098188,640.4946067033584
0.0,168.27628339271678,654.3305459518474,0.0,164.92116986697803,654.3305459518474,0.0,173.67920641128848,654.3305459518474,0.0,187.87292856606135,654.3305459518474,0.0,88.64525791543825,616.2392461720078,0.0,105.63418718961005,645.0019564550464
0.0,115.08681413607208,654.3305459518474,0.0,107.97705737033358,654.3305459518474,0.0,114.05796242590787,654.3305459518474,0.0,140.99415664663306,654.3305459518474,0.0,66.7072434417985,582.9464896138063,0.0,119.8190817907979,654.3305459518474
0.0,41.21611805919542,595.5466640110428,0.0,35.39776787715391,589.7283138290013,0.0,37.994622155358144,592.3251681072055,0.0,79.37994446021733,633.7104904120647,0.0,42.54664621446659,525.4931358282729,0.0,79.94938933608238,634.2799352879298
0.0,2.560734467486741,597.5952515850322,0.0,1.5131612762421651,590.938842849995,0.0,6.98382127496384,597.9122251271766,0.0,56.16156275283421,654.3305459518474,0.0,18.099736804281285,539.9729252716979,0.0,54.532004455342644,654.3305459518474
0.0,1.4549627656174666,598.7592217975262,0.0,2.15334489311385,592.6615187644861,0.0,7.158416806837935,603.638958572647,0.0,55.28858509346373,654.3305459518474,0.0,21.882639994886695,557.4790372676073,0.0,54.76479849784145,654.3305459518474
0.0,0.5237865956222879,599.1782510740239,0.0,2.2115434037385495,594.430753487477,0.0,6.51823318996625,608.8535451246199,0.0,53.775423817221565,654.3305459518474,0.0,22.98841169675597,575.8697666250121,0.0,54.99759254034023,654.3305459518474
0.0,0.7565806381210826,599.7835155845208,0.0,2.0951463824891516,596.1068705934683,0.0,6.867424253714441,614.3474845275915,0.0,52.0876670091053,654.3305459518474,0.0,22.464625101133684,593.8414667059191,0.0,55.113989561589634,654.3305459518474
0.0,2.735329999360837,601.9717795840095,0.0,2.269741914363248,597.9226641249589,0.0,8.438784040581305,621.0985117600566,0.0,50.80729977536193,654.3305459518474,0.0,23.163007228630068,612.3718724888231,0.0,54.82299700846614,654.3305459518474
0.0,5.005071913724085,605.9758371149887,0.0,3.084521063109029,600.3902809754462,0.0,10.184739359322265,629.2463032475143,0.0,49.52693254161856,654.3305459518474,0.0,24.443374462373438,631.9265720587218,0.0,54.47380594471795,654.3305459518474
0.0,5.063270424348783,610.0264534544677,0.0,4.015697233104208,603.6028387619295,0.0,10.941319997443347,637.999359245469,0.0,48.24656530787519,654.3305459518474,0.0,25.14175658986982,652.0399773306177,0.0,53.717225306596866,654.3305459518474
0.0,4.132094254353605,613.3321288579506,0.0,4.423086807477099,607.1413082079113,0.0,11.872496167438527,647.4973561794199,0.0,47.839175733502294,654.3305459518474,0.0,26.771314887361385,654.3305459518474,0.0,51.15649083911013,654.3305459518474
0.0,3.1427195737337277,615.8463045169376,0.0,4.248491275603002,610.5401012283937,0.0,12.279885741811418,654.3305459518474,0.0,46.73340403163303,654.3305459518474,0.0,27.877086589230657,654.3305459518474,0.0,48.53755786099868,654.3305459518474
0.0,2.3861389356126455,617.7552156654277,0.0,3.7247046799807144,613.5198649723783,0.0,12.57087829493491,654.3305459518474,0.0,44.75465467039327,654.3305459518474,0.0,28.400873184852944,654.3305459518474,0.0,49.11954296724567,654.3305459518474
0.0,2.3861389356126455,619.6641268139178,0.0,3.4337121268572206,616.2668346738641,0.0,13.676649996804183,654.3305459518474,0.0,44.98744871289207,654.3305459518474,0.0,28.750064248601138,654.3305459518474,0.0,49.70152807349266,654.3305459518474
0.0,3.4337121268572206,622.4110965154036,0.0,4.073895743728906,619.5259512688472,0.0,15.073414251796954,654.3305459518474,0.0,45.56943381913906,654.3305459518474,0.0,27.70249105735656,654.3305459518474,0.0,48.421160839749284,654.3305459518474
0.0,5.587057019971072,626.8807421313805,0.0,5.179667445598181,623.6696852253257,0.0,15.18981127304635,654.3305459518474,0.0,46.50060998913423,654.3305459518474,0.0,26.65491786611199,654.3305459518474,0.0,47.14079360600592,654.3305459518474
0.0,8.26418850870721,633.4920929383463,0.0,6.285439147467455,628.6980365432996,0.0,14.084039571177078,654.3305459518474,0.0,45.860426372262545,654.3305459518474,0.0,25.14175658986982,654.3305459518474,0.0,45.162044244766165,654.3305459518474
0.0,13.53985288506099,622.0319458234073,0.0,21.19547494632897,624.8935114896286,0.0,24.940579716803484,654.2711256686509,0.0,47.45068536919486,654.3305459518474,0.0,27.100105860615777,654.3305459518474,0.0,53.85737963716687,654.3305459518474
0.0,37.7004501123929,632.1923059133217,0.0,90.8380798380964,654.3305459518474,0.0,87.16353607964349,654.3305459518474,0.0,68.97345040834989,654.3305459518474,0.0,59.16483891193816,654.3305459518474,0.0,113.35604535059963,654.3305459518474
0.0,59.10999762014028,591.3023035334619,0.0,156.6946020494167,654.3305459518474,0.0,133.04507345834006,654.3305459518474,0.0,108.90452086353183,654.3305459518474,0.0,107.11008323267649,654.3305459518474,0.0,173.4209764500557,654.3305459518474
0.0,71.55997625254075,562.8622797860027,0.0,202.98352900248614,654.3305459518474,0.0,166.2045388615781,654.3305459518474,0.0,148.84027168898388,654.3305459518474,0.0,143.40440834953642,654.3305459518474,0.0,219.4016902493496,654.3305459518474
0.0,83.87465865362637,546.7369384396291,0.0,224.65413050333797,654.3305459518474,0.0,197.8665627087977,654.3305459518474,0.0,141.78553394402832,654.3305459518474,0.0,184.86118031134248,654.3305459518474,0.0,234.24734628688796,654.3305459518474
0.0,106.78632808766231,552.1660009097588,0.0,225.96125680725865,654.3305459518474,0.0,213.39638203403712,654.3305459518474,0.0,153.58896997987364,654.3305459518474,0.0,200.15970647451147,654.3305459518474,0.0,230.51796123663718,654.3305459518474
0.0,124.07782245186635,571.428258871252,0.0,204.4573909781691,654.3305459518474,0.0,204.0515022842245,654.3305459518474,0.0,127.23254906902687,654.3305459518474,0.0,171.0962155149095,654.3305459518474,0.0,204.71526548143174,654.3305459518474
0.0,100.86730060459509,572.122099354928,0.0,159.06034089453553,654.3305459518474,0.0,161.49681848066106,654.3305459518474,0.0,128.11656607835096,654.3305459518474,0.0,120.54775793628343,654.3305459518474,0.0,174.7316377017882,654.3305459518474
0.0,47.852426879824485,519.9745262347525,0.0,98.13665097550432,652.4671969273518,0.0,78.5140366964706,632.844582648318,0.0,83.5296147731931,637.8601607250405,0.0,85.10283089845842,639.4333768503059,0.0,117.06556349731184,654.3305459518474
0.0,14.991813889821763,434.96634012457423,0.0,29.227047141522444,581.6942440688742,0.0,17.8074210997145,550.6520037480325,0.0,48.43387879911629,586.2940395241568,0.0,42.57172667523048,582.0051035255364,0.0,42.03089720794121,596.3614431597886
0.0,4.132094254353605,438.2720155280571,0.0,4.423086807477099,585.232713514856,0.0,0.87297765937048,551.3503858755289,0.0,36.490466161686065,615.4864124535056,0.0,20.485875739893928,598.3938041174515,0.0,3.608307658731317,599.2480892867736
0.0,9.078967657452992,445.5351896540195,0.0,6.576431700590949,590.4938588753287,0.0,7.042019785588539,556.9840017039998,0.0,33.638739141075824,642.3974037663663,0.0,20.835066803642118,615.0618575603652,0.0,4.190292764978303,602.6003234987562
0.0,13.85124552867828,456.61618607696215,0.0,8.496982551206004,597.2914449162935,0.0,17.75054574053309,571.1844382964263,0.0,30.03043148234451,654.3305459518474,0.0,22.75561765425718,633.266351683771,0.0,4.714079360600592,606.3715869872367
0.0,15.422605315545146,468.95427032939824,0.0,9.311761699951786,604.7408542762549,0.0,22.75561765425718,589.388932419832,0.0,26.422123823613195,654.3305459518474,0.0,24.443374462373438,652.8210512536697,0.0,7.740401913084923,612.5639085177046
0.0,15.422605315545146,481.2923545818344,0.0,8.962570636203594,611.9109107852178,0.0,21.009662335516218,606.196662288245,0.0,22.930213186131272,654.3305459518474,0.0,26.538520844862592,654.3305459518474,0.0,12.454481273685513,622.527493536653
0.0,13.618451486179488,492.18711577077795,0.0,7.9731959555837175,618.2894675496848,0.0,18.914515953027067,621.3282750506667,0.0,19.67109659114815,654.3305459518474,0.0,28.982858291099934,654.3305459518474,0.0,18.565324889278873,637.379753448076
0.0,11.465106593065636,501.35920104523046,0.0,7.333012338712031,624.1558774206544,0.0,18.216133825530683,635.9011821110912,0.0,16.93576659178731,654.3305459518474,0.0,30.903409141714988,654.3305459518474,0.0,22.11543403738549,654.3305459518474
0.0,8.26418850870721,507.97055185219625,0.0,6.98382127496384,629.7429344406255,0.0,19.61289808052345,651.5915005755099,0.0,14.142238081801773,654.3305459518474,0.0,31.36899722671258,654.3305459518474,0.0,26.596719355487288,654.3305459518474
0.0,8.496982551206004,514.7681378931611,0.0,7.100218296213236,635.4231090775961,0.0,24.617969994247535,654.3305459518474,0.0,11.75609914618913,654.3305459518474,0.0,31.659989779836074,654.3305459518474,0.0,30.5542180779668,654.3305459518474
0.0,9.428158721201184,522.3106648701221,0.0,7.274813828087333,641.242960140066,0.0,30.14682850359391,654.3305459518474,0.0,10.417533401821059,654.3305459518474,0.0,32.06737935420897,654.3305459518474,0.0,31.834585311710175,654.3305459518474
0.0,9.719151274324677,530.0859858895818,0.0,7.624004891835525,647.3421640535344,0.0,33.40594509857703,654.3305459518474,0.0,8.496982551206004,654.3305459518474,0.0,32.53296743920656,654.3305459518474,0.0,33.92973169419932,654.3305459518474
0.0,9.020769146828293,537.3026012070444,0.0,9.544555742450582,654.3305459518474,0.0,35.03550339606859,654.3305459518474,0.0,6.227240636842756,654.3305459518474,0.0,31.834585311710175,654.3305459518474,0.0,36.432267651061366,654.3305459518474
0.0,8.6133795724554,544.1933048650087,0.0,10.824922976193951,654.3305459518474,0.0,35.61748850231558,654.3305459518474,0.0,4.597682339351194,654.3305459518474,0.0,30.6706150992162,654.3305459518474,0.0,39.57498722479509,654.3305459518474
0.0,9.835548295574075,552.061743501468,0.0,10.359334891196362,654.3305459518474,0.0,35.79208403418968,654.3305459518474,0.0,3.317315105607824,654.3305459518474,0.0,30.728813609840895,654.3305459518474,0.0,41.90292764978304,654.3305459518474
0.0,14.49778812523347,541.5595316267014,0.0,19.34716371714891,648.6777096689963,0.0,35.966679566063775,654.3305459518474,0.0,5.675194090614822,635.0057400424622,0.0,30.014711762120807,654.3305459518474,0.0,45.40587763721856,654.3305459518474
0.0,47.51409743704483,559.5708095763373,0.0,76.90470076048777,654.3305459518474,0.0,67.55946555270506,654.3305459518474,0.0,44.61371037533515,650.6967083427303,0.0,50.22249063724331,654.3305459518474,0.0,85.997531799766,654.3305459518474
0.0,73.74158109626025,533.3123906725975,0.0,142.67626539100604,654.3305459518474,0.0,120.53972034718652,654.3305459518474,0.0,102.79889080516374,652.9358209868612,0.0,61.87023035127994,616.2007763031273,0.0,112.86201958601134,654.3305459518474
0.0,90.14437808087013,523.4567687534677,0.0,185.24198854452314,654.3305459518474,0.0,164.0633787408761,654.3305459518474,0.0,161.44965931998993,654.3305459518474,0.0,81.91277443506854,598.1135507381958,0.0,127.12869227815943,654.3305459518474
0.0,87.86359681655328,511.320365570021,0.0,215.08246023273995,654.3305459518474,0.0,240.50266914535132,654.3305459518474,0.0,193.5347924618061,654.3305459518474,0.0,111.50473236056287,607.3173366266461,0.0,153.47725332889434,654.3305459518474
0.0,80.2568125253698,491.5771780953908,0.0,221.77378807415195,654.3305459518474,0.0,246.03002677426937,654.3305459518474,0.0,202.409403756351,654.3305459518474,0.0,129.66920438413743,631.052700133956,0.0,142.1472652381585,654.3305459518474
0.0,69.3531132190723,460.93029131446315,0.0,203.48187967937446,654.3305459518474,0.0,171.247053737463,654.3305459518474,0.0,192.51079885089706,654.3305459518474,0.0,161.12669413946384,654.3305459518474,0.0,117.024052400384,654.3305459518474
0.0,57.01485123765112,417.94514255211425,0.0,152.24758020363393,654.3305459518474,0.0,122.54990914887368,654.3305459518474,0.0,159.74300330180822,654.3305459518474,0.0,149.18478238246198,654.3305459518474,0.0,116.05357692982956,654.3305459518474
0.0,45.74774202781006,363.69288457992434,0.0,89.99468528077486,644.3252312326223,0.0,74.94917552161345,629.2797214734609,0.0,107.51932914544784,654.3305459518474,0.0,98.42393085183093,652.7544768036784,0.0,87.76874530825592,642.0992912601033
0.0,29.036554160439586,292.7294387403639,0.0,46.019479912898,590.3447111455203,0.0,45.24082057486971,574.5205420483306,0.0,37.604630910622355,591.9351768624698,0.0,58.445701235977864,611.2001780396562,0.0,49.19045943723738,591.2897506973407
0.0,19.787493612397544,308.55943363028194,0.0,39.2839946716716,621.7719068828575,0.0,34.104327226073416,601.8040038291894,0.0,0.349191063748192,592.2145297134683,0.0,43.299691904775806,645.8399315634769,0.0,38.58561254417521,622.1582407326808
0.0,21.999037016136093,326.1586632431908,0.0,42.310317224155924,654.3305459518474,0.0,31.834585311710175,627.2716720785575,0.0,0.698382127496384,592.7732354154655,0.0,45.220242755390856,654.3305459518474,0.0,37.130649778557746,651.8627605555271
0.0,27.236902972358976,347.948185621078,0.0,41.08814850103725,654.3305459518474,0.0,32.30017339670776,653.1118107959237,0.0,0.5819851062469866,593.238823500463,0.0,48.18836679725049,654.3305459518474,0.0,36.83965722543426,654.3305459518474
0.0,29.85583595047041,371.8328543814543,0.0,38.00362743792823,654.3305459518474,0.0,30.96160765233969,654.3305459518474,0.0,0.40738957437289064,593.5647351599613,0.0,50.92369679661133,654.3305459518474,0.0,35.15190041731799,654.3305459518474
0.0,27.586094036107163,393.90172961034,0.0,37.42164233168124,654.3305459518474,0.0,27.877086589230657,654.3305459518474,0.0,0.2909925531234933,593.79752920246,0.0,53.775423817221565,654.3305459518474,0.0,30.787012120465597,654.3305459518474
0.0,21.649845952387903,411.22160637225033,0.0,38.00362743792823,654.3305459518474,0.0,23.279404249879466,654.3305459518474,0.0,0.174595531874096,593.9372056279593,0.0,55.81237168908602,654.3305459518474,0.0,28.400873184852944,654.3305459518474
0.0,16.702972549288514,424.5839844116812,0.0,39.1093991397975,654.3305459518474,0.0,19.380104038024655,654.3305459518474,0.0,0.11639702124939733,594.0303232449588,0.0,56.80174636970589,654.3305459518474,0.0,25.78194020674151,654.3305459518474
0.0,15.364406804920447,436.8755098556175,0.0,39.400391692921,654.3305459518474,0.0,16.819369570537912,654.3305459518474,0.0,0.05819851062469866,594.0768820534586,0.0,57.09273892282938,654.3305459518474,0.0,22.813816164881878,654.3305459518474
0.0,14.607826166799367,448.561770789057,0.0,38.12002445917762,654.3305459518474,0.0,14.607826166799367,654.3305459518474,0.0,0.05819851062469866,594.1234408619583,0.0,57.20913594407879,654.3305459518474,0.0,18.216133825530683,654.3305459518474
0.0,13.618451486179488,459.4565319780006,0.0,36.665061693560155,654.3305459518474,0.0,12.047091699312622,654.3305459518474,0.0,0.0,594.1234408619583,0.0,56.859944880330595,654.3305459518474,0.0,13.909444039302981,654.3305459518474
0.0,12.745473826809006,469.6529110394478,0.0,36.78145871480955,654.3305459518474,0.0,9.020769146828293,654.3305459518474,0.0,0.0,594.1234408619583,0.0,56.80174636970589,654.3305459518474,0.0,12.803672337433706,654.3305459518474
0.0,12.105290209937321,479.3371432073977,0.0,39.1093991397975,654.3305459518474,0.0,6.809225743089744,654.3305459518474,0.0,0.0,594.1234408619583,0.0,57.26733445470348,654.3305459518474,0.0,12.16348872056202,654.3305459518474
0.0,11.872496167438527,488.8351401413485,0.0,39.86597977791859,654.3305459518474,0.0,4.772277871225291,654.3305459518474,0.0,0.05819851062469866,594.1699996704581,0.0,57.616525518451674,654.3305459518474,0.0,11.639702124939733,654.3305459518474
0.0,11.232312550566842,497.820990181802,0.0,45.336639776640254,654.3305459518474,0.0,2.793528509985536,654.3305459518474,0.0,0.2909925531234933,594.4027937129568,0.0,57.67472402907638,654.3305459518474,0.0,10.184739359322265,654.3305459518474
0.0,19.366062927214358,492.18705310901635,0.0,45.220242755390856,654.3305459518474,0.0,7.082997695561191,636.4135436474086,0.0,10.131398947952722,579.5341926609095,0.0,58.01605523271272,654.3305459518474,0.0,16.72355036876737,646.0540963206148
0.0,75.10690591080562,532.2725778376608,0.0,26.642377635730043,654.3305459518474,0.0,72.16086056885318,654.3305459518474,0.0,73.21947311005134,618.1097711489506,0.0,83.95722670907475,654.3305459518474,0.0,74.77979354696461,654.3305459518474
0.0,133.76085391547355,559.2812609700396,0.0,71.3300062419136,625.660552193761,0.0,147.5714769921493,654.3305459518474,0.0,138.29733598334334,648.7476399356252,0.0,138.22888808725315,654.3305459518474,0.0,139.19389322304937,654.3305459518474
0.0,173.8444412026224,618.3568139321376,0.0,205.3612748910318,654.3305459518474,0.0,202.18446957396404,654.3305459518474,0.0,187.790360510613,654.3305459518474,0.0,193.00861634083017,654.3305459518474,0.0,184.30781061367128,654.3305459518474
0.0,175.89392930486878,654.3305459518474,0.0,225.24644404359833,654.3305459518474,0.0,228.47483211407427,654.3305459518474,0.0,217.08664551271374,654.3305459518474,0.0,256.77149305008965,654.3305459518474,0.0,205.81953630287268,654.3305459518474
0.0,143.42180667917353,654.3305459518474,0.0,251.55252630393224,654.3305459518474,0.0,233.53660165799474,654.3305459518474,0.0,227.326581621804,654.3305459518474,0.0,276.7857771832726,654.3305459518474,0.0,203.83760745179117,654.3305459518474
0.0,124.9395830322982,654.3305459518474,0.0,235.53989829304322,654.3305459518474,0.0,218.5683673485085,654.3305459518474,0.0,210.94268384725956,654.3305459518474,0.0,264.7149281746394,654.3305459518474,0.0,166.93921852877708,654.3305459518474
0.0,77.62516158789136,631.9557075397388,0.0,194.43081651455694,654.3305459518474,0.0,183.01172365970422,654.3305459518474,0.0,174.0789138545346,654.3305459518474,0.0,225.84564975049733,654.3305459518474,0.0,93.97611904156003,648.3066649934074
0.0,33.2348845145148,565.1905920542536,0.0,118.42735336404535,654.3305459518474,0.0,124.92722053090128,654.3305459518474,0.0,115.48634385033313,654.3305459518474,0.0,163.64159259772282,654.3305459518474,0.0,54.913345875478456,603.2200108688858
0.0,4.084935093682507,469.27552714793603,0.0,45.44553239574792,599.7760783475953,0.0,45.28851292249599,599.6190588743434,0.0,38.81107991351733,593.1416258653647,0.0,84.77050497739218,639.1010509292396,0.0,16.226522843322385,519.4465337122082
0.0,1.222168723118672,470.25326212643097,0.0,17.110362123661407,613.4643680465244,0.0,1.3385657443680692,600.6899114698379,0.0,1.8041538293656585,594.5849489288572,0.0,52.49505658347819,654.3305459518474,0.0,5.354262977472277,523.729944094186
0.0,1.4549627656174666,471.4172323389249,0.0,20.194883186770436,629.6202745959408,0.0,2.735329999360837,602.8781754693265,0.0,3.1427195737337277,597.0991245878442,0.0,52.14586551973,654.3305459518474,0.0,4.423086807477099,527.2684135401677
0.0,3.084521063109029,473.88484918941214,0.0,27.236902972358976,651.409796973828,0.0,3.7829031906054134,605.9044980218108,0.0,3.084521063109029,599.5667414383315,0.0,51.44748339223362,654.3305459518474,0.0,3.259116594983125,529.8757068161542
0.0,6.169042126218058,478.8200828903866,0.0,33.92973169419932,654.3305459518474,0.0,5.063270424348783,609.9551143612898,0.0,2.444337446237344,601.5222113953214,0.0,50.45810871161374,654.3305459518474,0.0,2.6771314887361384,532.0174120071431
0.0,10.417533401821059,487.1541096118434,0.0,37.01425275730835,654.3305459518474,0.0,6.227240636842756,614.936906870764,0.0,1.8041538293656585,602.9655344588139,0.0,49.468734030993865,654.3305459518474,0.0,2.444337446237344,533.972881964133
0.0,14.142238081801773,498.4679000772848,0.0,34.6863123323204,654.3305459518474,0.0,6.634630211215648,620.2446110397365,0.0,1.222168723118672,603.9432694373088,0.0,49.17774147787037,654.3305459518474,0.0,2.036947871864453,535.6024402616246
0.0,15.364406804920447,510.75942552122115,0.0,33.40594509857703,654.3305459518474,0.0,6.692828721840346,625.5988740172088,0.0,0.9311761699951786,604.688210373305,0.0,48.59575637162338,654.3305459518474,0.0,1.5131612762421651,536.8129692826183
0.0,14.78242169867346,522.5853628801599,0.0,34.162525736698115,654.3305459518474,0.0,6.343637658092154,630.6737841436825,0.0,0.8147791487457813,605.3400336923016,0.0,46.326014457260136,654.3305459518474,0.0,1.3385657443680692,537.8838218781127
0.0,15.364406804920447,534.8768883240963,0.0,34.744510842945104,654.3305459518474,0.0,6.0526451049686605,635.5159002276574,0.0,0.698382127496384,605.8987393942988,0.0,44.92925020226737,654.3305459518474,0.0,1.1639702124939733,538.8149980481079
0.0,16.17918595366623,547.8202370870292,0.0,33.40594509857703,654.3305459518474,0.0,5.470659998721674,639.8924282266348,0.0,0.5237865956222879,606.3177686707966,0.0,45.685830840388455,654.3305459518474,0.0,0.87297765937048,539.5133801756043
0.0,15.71359786866864,560.3911153819641,0.0,29.390247865472826,654.3305459518474,0.0,5.063270424348783,643.9430445661138,0.0,0.349191063748192,606.5971215217951,0.0,46.79160254225773,654.3305459518474,0.0,0.8147791487457813,540.165203494601
0.0,15.539002336794544,572.8223172513998,0.0,25.549146164242714,654.3305459518474,0.0,5.23786595622288,648.1333373310921,0.0,0.23279404249879465,606.7833567557941,0.0,45.220242755390856,654.3305459518474,0.0,0.8147791487457813,540.8170268135976
0.0,14.666024677424062,584.555136993339,0.0,22.75561765425718,654.3305459518474,0.0,5.9944465943439615,652.9288946065673,0.0,0.05819851062469866,606.8299155642939,0.0,44.69645615976857,654.3305459518474,0.0,0.8147791487457813,541.4688501325943
0.0,14.142238081801773,595.8689274587805,0.0,21.067860846140917,654.3305459518474,0.0,6.92562276433914,654.3305459518474,0.0,0.0,606.8299155642939,0.0,44.69645615976857,654.3305459518474,0.0,0.8147791487457813,542.120673451591
0.0,22.170630787153495,593.039558245934,0.0,20.660471271768024,649.9910172236155,0.0,23.775108623881163,653.1056545757285,0.0,6.485292869090505,588.3152084333843,0.0,47.40670569836551,654.3305459518474,0.0,1.5556400666431647,518.6763135182341
0.0,87.54584519325246,643.076234400536,0.0,41.56663227438691,654.3305459518474,0.0,107.96751890080833,654.3305459518474,0.0,60.41562304363259,616.6477068682904,0.0,102.73229924747203,654.3305459518474,0.0,27.72174572539213,520.8537100985478
0.0,151.878166778377,654.3305459518474,0.0,74.32656796336393,628.6571139152113,0.0,174.10717380514023,654.3305459518474,0.0,119.86545098698085,632.540067657875,0.0,172.10431167660977,654.3305459518474,0.0,63.84465480021972,484.6983648987675
0.0,200.96380173127375,654.3305459518474,0.0,108.93313627210759,635.8036229328974,0.0,214.9537007100937,654.3305459518474,0.0,170.3824691251595,654.3305459518474,0.0,222.3271577718232,654.3305459518474,0.0,86.59744842260525,471.29581332137275
0.0,220.38506140825612,654.3305459518474,0.0,150.12249526112572,654.3305459518474,0.0,236.3836483083348,654.3305459518474,0.0,211.45861058277,654.3305459518474,0.0,192.91447574847305,654.3305459518474,0.0,102.92314768652498,473.6343314705927
0.0,214.83412419900253,654.3305459518474,0.0,173.78438635359925,654.3305459518474,0.0,238.36557715941632,654.3305459518474,0.0,225.7945211354964,654.3305459518474,0.0,132.55705121546515,654.3305459518474,0.0,112.76355408135423,483.8451747356761
0.0,207.00240572543208,654.3305459518474,0.0,169.62385441965495,654.3305459518474,0.0,221.5239511599862,654.3305459518474,0.0,208.4448282606676,654.3305459518474,0.0,114.72287104557336,654.3305459518474,0.0,114.97827697493453,495.82779631562374
0.0,162.93924101589653,654.3305459518474,0.0,155.70001381157152,654.3305459518474,0.0,185.00151237089756,654.3305459518474,0.0,171.93024933169085,654.3305459518474,0.0,174.60366814363007,654.3305459518474,0.0,102.17442690851576,497.56733784243636
0.0,97.33759154698225,651.6681374988297,0.0,111.45907408032012,654.3305459518474,0.0,121.51390849453787,654.3305459518474,0.0,112.62039798992753,654.3305459518474,0.0,131.54559783493806,654.3305459518474,0.0,67.98310803425682,465.5504458766932
0.0,30.502734004995713,582.1708715038253,0.0,53.983315127941516,608.3138610797889,0.0,37.887763603634,592.2183095554814,0.0,35.28605122617461,589.616597178022,0.0,61.374525977278246,615.7050719291257,0.0,21.162534625453226,386.71298050214637
0.0,1.5713597868668638,583.4279593333188,0.0,34.104327226073416,635.5973228606476,0.0,0.05819851062469866,592.2648683639811,0.0,5.878049573094565,594.3190368364976,0.0,42.135721692281834,649.4136492829512,0.0,0.0,386.71298050214637
0.0,1.8623523399903572,584.9178412053111,0.0,32.125577864833666,654.3305459518474,0.0,0.11639702124939733,592.3579859809806,0.0,8.031394466208416,600.7441524094644,0.0,41.26274403291135,654.3305459518474,0.0,0.0,386.71298050214637
0.0,1.222168723118672,585.895576183806,0.0,31.019806162964386,654.3305459518474,0.0,0.349191063748192,592.6373388319792,0.0,8.496982551206004,607.5417384504292,0.0,38.23642148042702,654.3305459518474,0.0,0.0,386.71298050214637
0.0,0.9311761699951786,586.6405171198022,0.0,30.03043148234451,654.3305459518474,0.0,1.5713597868668638,593.8944266614726,0.0,7.798600423709622,613.7806187893968,0.0,37.47984084230594,654.3305459518474,0.0,0.0,386.71298050214637
0.0,1.396764254992768,587.7579285237964,0.0,27.236902972358976,654.3305459518474,0.0,3.317315105607824,596.5482787459589,0.0,7.39121084933673,619.6935874688662,0.0,37.42164233168124,654.3305459518474,0.0,0.0,386.71298050214637
0.0,2.8517270206102348,590.0393101402846,0.0,27.877086589230657,654.3305459518474,0.0,4.481285318101797,600.1333070004404,0.0,6.92562276433914,625.2340856803376,0.0,35.966679566063775,654.3305459518474,0.0,0.05819851062469866,386.7595393106461
0.0,4.597682339351194,593.7174560117655,0.0,29.15745382297403,654.3305459518474,0.0,4.946873403099386,604.0908057229199,0.0,6.227240636842756,630.2158781898117,0.0,34.97730488544389,654.3305459518474,0.0,0.5237865956222879,387.17856858714396
0.0,5.121468934973482,597.8146311597443,0.0,30.3796225460927,654.3305459518474,0.0,4.830476381849989,607.9551868283999,0.0,5.587057019971072,634.6855238057886,0.0,35.50109148106618,654.3305459518474,0.0,1.8041538293656585,388.6218916506365
0.0,4.073895743728906,601.0737477547274,0.0,31.310798716087884,654.3305459518474,0.0,4.248491275603002,611.3539798488823,0.0,5.179667445598181,638.8292577622672,0.0,34.104327226073416,654.3305459518474,0.0,3.084521063109029,391.0895085011237
0.0,3.841101701230112,604.1466291157114,0.0,30.96160765233969,654.3305459518474,0.0,3.6665061693560155,614.2871847843671,0.0,5.587057019971072,643.2989033782441,0.0,32.41657041795716,654.3305459518474,0.0,3.3755136162325226,393.78991939410975
0.0,5.063270424348783,608.1972454551905,0.0,31.136203184213784,654.3305459518474,0.0,3.1427195737337277,616.8013604433542,0.0,5.9944465943439615,648.0944606537192,0.0,30.903409141714988,654.3305459518474,0.0,2.9099255312349332,396.1178598190977
0.0,6.51823318996625,613.4118320071634,0.0,31.310798716087884,654.3305459518474,0.0,2.61893297811144,618.8965068258433,0.0,6.227240636842756,653.0762531631934,0.0,28.808262759225837,654.3305459518474,0.0,2.9099255312349332,398.44580024408566
0.0,7.333012338712031,619.278241878133,0.0,29.797637439845715,654.3305459518474,0.0,2.036947871864453,620.5260651233349,0.0,7.158416806837935,654.3305459518474,0.0,25.956535738615603,654.3305459518474,0.0,2.3861389356126455,400.3547113925758
0.0,8.147791487457813,625.7964750680993,0.0,28.750064248601138,654.3305459518474,0.0,1.4549627656174666,621.6900353358288,0.0,7.9731959555837175,654.3305459518474,0.0,23.453999781753563,654.3305459518474,0.0,1.9787493612397546,401.93771088156757
0.0,20.86668397307458,621.6631590411739,0.0,25.956535738615603,654.3305459518474,0.0,13.393695032777597,610.0837303686064,0.0,15.149011092058757,644.4795570439062,0.0,27.685270456704515,654.3305459518474,0.0,8.00631400544452,384.94402488701206
0.0,94.44638749682773,654.3305459518474,0.0,38.75888492460602,654.3305459518474,0.0,88.77755238589641,654.3305459518474,0.0,73.10139747938857,654.3305459518474,0.0,84.50044570171765,654.3305459518474,0.0,65.46635323759944,417.3171074770916
0.0,159.17037893610143,654.3305459518474,0.0,58.11258535042349,612.4431313022709,0.0,156.31079205537932,654.3305459518474,0.0,137.18988567206068,654.3305459518474,0.0,151.72229272758332,654.3305459518474,0.0,136.69603763645742,446.6739375862575
0.0,200.33933783462575,654.3305459518474,0.0,83.70456576303731,596.1476970653082,0.0,197.87142080805282,654.3305459518474,0.0,195.72425716563748,654.3305459518474,0.0,191.96475582638254,654.3305459518474,0.0,194.66414374401091,522.4052525814662
0.0,223.7558946542185,654.3305459518474,0.0,106.67443370769796,601.4872440314666,0.0,221.88886194395806,654.3305459518474,0.0,226.07129484882452,654.3305459518474,0.0,221.03142627582625,654.3305459518474,0.0,213.43735994400976,613.155140536674
0.0,227.77477137716448,654.3305459518474,0.0,125.34697260667109,621.7648221168035,0.0,227.19128539048916,654.3305459518474,0.0,229.5774243261018,654.3305459518474,0.0,200.2244416938047,654.3305459518474,0.0,206.66893438190763,654.3305459518474
0.0,214.70350833795777,654.3305459518474,0.0,118.49040997392517,636.5571500959437,0.0,212.6964990261124,654.3305459518474,0.0,214.74130675808868,654.3305459518474,0.0,172.38947843700493,654.3305459518474,0.0,181.3018881516807,654.3305459518474
0.0,175.1437076464312,654.3305459518474,0.0,91.68562157873288,628.2427716746765,0.0,177.5629646319047,654.3305459518474,0.0,180.63962583490184,654.3305459518474,0.0,121.60036695576822,654.3305459518474,0.0,142.12271796434976,654.3305459518474
0.0,113.9211653141647,654.3305459518474,0.0,64.65907849099538,592.9018501656719,0.0,120.19256335082187,654.3305459518474,0.0,123.44382008569313,654.3305459518474,0.0,48.807182630155204,603.1377285820026,0.0,104.47560826332641,654.3305459518474
0.0,44.83846682873704,599.1690127805845,0.0,37.75211191434904,530.653962080021,0.0,44.53811353507335,598.8686594869207,0.0,47.06740856211269,601.39795451396,0.0,9.871845835276629,513.0095744172793,0.0,35.29391108628646,589.6244570381339
0.0,27.527895525482467,621.1913292009705,0.0,26.072932759865,551.512308287913,0.0,12.62907680555961,608.9719209313683,0.0,11.057717018692745,610.2441281289142,0.0,0.698382127496384,513.5682801192764,0.0,4.655880849975893,593.3491617181146
0.0,36.54866467231076,650.4302609388191,0.0,25.25815361111922,571.7188311768084,0.0,15.073414251796954,621.0306523328059,0.0,12.687275316184309,620.3939483818616,0.0,0.11639702124939733,513.661397736276,0.0,5.878049573094565,598.0516013765903
0.0,38.76020807604931,654.3305459518474,0.0,23.10480871800537,590.2026781512127,0.0,15.597200847419243,633.5084130107413,0.0,11.81429765681383,629.8453865073127,0.0,0.05819851062469866,513.7079565447757,0.0,6.692828721840346,603.4058643540626
0.0,43.64888296852399,654.3305459518474,0.0,19.438302548649354,605.7533201901322,0.0,15.771796379293338,646.1258501141759,0.0,10.301136380571663,638.0862956117701,0.0,1.0475731912445758,514.5460150977714,0.0,7.449409359961429,609.3653918420317
0.0,45.51123530851436,654.3305459518474,0.0,17.168560634286106,619.488168697561,0.0,18.448927868029475,654.3305459518474,0.0,8.380585529956607,644.7907640357354,0.0,4.015697233104208,517.7585728842547,0.0,9.020769146828293,616.5820071594943
0.0,44.92925020226737,654.3305459518474,0.0,16.470178506789722,632.6643115029929,0.0,20.77686829301742,654.3305459518474,0.0,6.692828721840346,650.1450270132077,0.0,7.798600423709622,523.9974532232224,0.0,10.941319997443347,625.335063157449
0.0,42.54311126665472,654.3305459518474,0.0,18.157935314905984,647.1906597549176,0.0,17.110362123661407,654.3305459518474,0.0,5.179667445598181,654.2887609696862,0.0,10.417533401821059,532.3314799446792,0.0,12.803672337433706,635.578001027396
0.0,45.336639776640254,654.3305459518474,0.0,21.533448931138505,654.3305459518474,0.0,13.269260422431296,654.3305459518474,0.0,3.550109148106618,654.3305459518474,0.0,12.687275316184309,542.4813001976266,0.0,11.81429765681383,645.0294391528471
0.0,38.76020807604931,654.3305459518474,0.0,25.78194020674151,654.3305459518474,0.0,14.258635103051171,654.3305459518474,0.0,2.15334489311385,654.3305459518474,0.0,15.829994889918037,555.1452961095611,0.0,11.930694678063224,654.3305459518474
0.0,31.36899722671258,654.3305459518474,0.0,29.041056801724633,654.3305459518474,0.0,15.480803826169845,654.3305459518474,0.0,1.396764254992768,654.3305459518474,0.0,19.845692123022243,571.0218498079788,0.0,12.687275316184309,654.3305459518474
0.0,27.877086589230657,654.3305459518474,0.0,31.48539424796198,654.3305459518474,0.0,15.015215741172256,654.3305459518474,0.0,1.1057717018692748,654.3305459518474,0.0,19.67109659114815,586.7587270808973,0.0,11.523305103690335,654.3305459518474
0.0,30.5542180779668,654.3305459518474,0.0,31.776386801085472,654.3305459518474,0.0,14.258635103051171,654.3305459518474,0.0,1.222168723118672,654.3305459518474,0.0,18.099736804281285,601.2385165243223,0.0,11.174114039942143,654.3305459518474
0.0,35.326495949192086,654.3305459518474,0.0,32.59116594983125,654.3305459518474,0.0,14.898818719922858,654.3305459518474,0.0,1.6295582974915626,654.3305459518474,0.0,17.052163613036708,614.8802474147517,0.0,11.988893188687923,654.3305459518474
0.0,31.48539424796198,654.3305459518474,0.0,31.89278382233487,654.3305459518474,0.0,16.58657552803912,654.3305459518474,0.0,2.036947871864453,654.3305459518474,0.0,16.17918595366623,627.8235961776846,0.0,10.824922976193951,654.3305459518474
0.0,21.184257867390315,650.5148038192377,0.0,30.720953749729045,654.3305459518474,0.0,19.192968275768614,648.523514227616,0.0,11.768817105556135,641.0993630574035,0.0,24.456092421740443,627.2796885994251,0.0,15.76243563875314,645.0929815906005
0.0,45.03814282137503,654.3305459518474,0.0,53.659382253942276,654.3305459518474,0.0,72.06318502868417,654.3305459518474,0.0,82.53291341941653,654.3305459518474,0.0,93.35783639561049,654.3305459518474,0.0,64.3242839960276,654.3305459518474
0.0,104.82930196835964,654.3305459518474,0.0,81.43932648995911,635.7698724418065,0.0,140.81241217058732,654.3305459518474,0.0,153.28914987316512,654.3305459518474,0.0,162.4152766912892,654.3305459518474,0.0,128.21459707649007,654.3305459518474
0.0,173.66966794176324,654.3305459518474,0.0,116.08519409926203,648.6380277212161,0.0,156.34223149582675,654.3305459518474,0.0,202.3826446861737,654.3305459518474,0.0,207.76984798452173,654.3305459518474,0.0,155.61073131846956,654.3305459518474
0.0,211.32295889348507,654.3305459518474,0.0,150.03267958106858,654.3305459518474,0.0,172.92748387242256,654.3305459518474,0.0,225.36037249094622,654.3305459518474,0.0,226.73973841630183,654.3305459518474,0.0,154.42786189591013,654.3305459518474
0.0,133.09655753131116,654.3305459518474,0.0,180.41115670470305,654.3305459518474,0.0,208.46840784100317,654.3305459518474,0.0,229.29747112293194,654.3305459518474,0.0,225.74568336541188,654.3305459518474,0.0,121.44299202454617,654.3305459518474
0.0,55.55467491480838,609.8852208666558,0.0,179.87165038885706,654.3305459518474,0.0,141.12548342361805,654.3305459518474,0.0,216.38190440553385,654.3305459518474,0.0,207.89896296513814,654.3305459518474,0.0,114.09258135619703,654.3305459518474
0.0,49.66708687218857,559.5523077388443,0.0,156.92068165426187,654.3305459518474,0.0,47.73285036873333,602.0633963205808,0.0,184.7324207886962,654.3305459518474,0.0,168.64587454695877,654.3305459518474,0.0,93.09678240250605,647.4273283543534
0.0,57.49394724650383,517.0462549853481,0.0,98.80473908501156,653.1352850368589,0.0,26.326482350827707,528.3898786714085,0.0,130.0973495069742,654.3305459518474,0.0,84.3795460391832,638.7100919910306,0.0,78.22922539404553,625.656553748399
0.0,56.18364145274141,473.22989643808955,0.0,39.73404076543055,592.8693258022895,0.0,16.987783851713562,445.37766252312207,0.0,53.85305472486688,608.1836006767143,0.0,16.578893396912328,555.288985387943,0.0,23.98432308604441,549.6408768344434
0.0,51.913071477231206,514.7603536198745,0.0,24.85076403674633,612.7499370316866,0.0,12.978267869307802,455.7602768185683,0.0,16.17918595366623,621.1269494396472,0.0,5.645255530595771,559.8051898124196,0.0,7.274813828087333,555.4607278969132
0.0,49.93432211599145,554.7078113126677,0.0,23.395801271128864,631.4665780485897,0.0,18.041538293656586,470.19350745349357,0.0,18.68172191052827,636.0723269680698,0.0,9.428158721201184,567.3477167893806,0.0,8.6715780830801,562.3979903633773
0.0,47.02439658475652,592.3273285804729,0.0,21.591647441763204,648.7398960020003,0.0,22.581022122383082,488.2583251514,0.0,21.067860846140917,652.9266156449825,0.0,16.120987443041532,580.2445067438138,0.0,10.417533401821059,570.7320170848342
0.0,48.07196977600109,630.7849044012738,0.0,17.3431561661602,654.3305459518474,0.0,23.395801271128864,506.9749661683031,0.0,23.10480871800537,654.3305459518474,0.0,24.967161057995725,600.2182355902104,0.0,12.16348872056202,580.4628080612838
0.0,49.643329562867955,654.3305459518474,0.0,13.676649996804183,654.3305459518474,0.0,20.02028765489634,522.9911962922203,0.0,23.803190845501753,654.3305459518474,0.0,28.051682121104758,622.6595812870942,0.0,13.211061911806597,591.0316575907291
0.0,46.966198074131825,654.3305459518474,0.0,12.803672337433706,654.3305459518474,0.0,16.87756808116261,536.4932507571503,0.0,22.057235526760792,654.3305459518474,0.0,28.750064248601138,645.6596326859751,0.0,14.142238081801773,602.3454480561705
0.0,49.06134445662097,654.3305459518474,0.0,15.073414251796954,654.3305459518474,0.0,16.64477403866382,549.8090699880814,0.0,18.623523399903572,654.3305459518474,0.0,30.5542180779668,654.3305459518474,0.0,14.491429145549967,613.9385913726105
0.0,47.37358764850471,654.3305459518474,0.0,19.26370701677526,654.3305459518474,0.0,18.390729357404776,564.5216534740052,0.0,16.120987443041532,654.3305459518474,0.0,34.04612871544872,654.3305459518474,0.0,13.327458933055995,624.6005585190553
0.0,43.00869935165231,654.3305459518474,0.0,23.86138935612645,654.3305459518474,0.0,20.07848616552104,580.5844424064221,0.0,15.829994889918037,654.3305459518474,0.0,36.31587062981197,654.3305459518474,0.0,14.084039571177078,635.867790175997
0.0,39.516788714170396,654.3305459518474,0.0,26.596719355487288,654.3305459518474,0.0,20.718669782392723,597.1593782323363,0.0,16.93576659178731,654.3305459518474,0.0,39.1093991397975,654.3305459518474,0.0,14.549627656174666,647.5074923009367
0.0,27.993483610480055,654.3305459518474,0.0,28.924659780475235,654.3305459518474,0.0,20.31128020801983,613.4084023987522,0.0,17.401354676784898,654.3305459518474,0.0,41.55373658603484,654.3305459518474,0.0,13.676649996804183,654.3305459518474
0.0,22.057235526760792,654.3305459518474,0.0,32.35837190733246,654.3305459518474,0.0,20.194883186770436,629.5643089481686,0.0,17.92514127240719,654.3305459518474,0.0,43.18329488352641,654.3305459518474,0.0,11.872496167438527,654.3305459518474
0.0,19.96208914427164,654.3305459518474,0.0,32.88215850295474,654.3305459518474,0.0,21.591647441763204,646.8376269015791,0.0,17.401354676784898,654.3305459518474,0.0,44.17266956414628,654.3305459518474,0.0,10.708525954944554,654.3305459518474
0.0,22.17363254801019,654.3305459518474,0.0,30.728813609840895,654.3305459518474,0.0,23.686793824252355,654.3305459518474,0.0,15.888193400542736,654.3305459518474,0.0,45.336639776640254,654.3305459518474,0.0,9.893746806198772,654.3305459518474
0.0,22.925532815861175,652.2560787677086,0.0,31.557811598382028,654.3305459518474,0.0,30.518098267249304,654.3305459518474,0.0,24.19185893879425,653.5224048906416,0.0,47.78415671271936,654.3305459518474,0.0,8.081733116721265,637.4122790685686
0.0,80.69864330104679,654.3305459518474,0.0,81.87197425408095,654.3305459518474,0.0,76.78812601025331,654.3305459518474,0.0,99.33824187914419,654.3305459518474,0.0,77.87164128323033,654.3305459518474,0.0,28.382329432757615,640.1181426147747
0.0,146.00930021683757,654.3305459518474,0.0,142.2058192067533,654.3305459518474,0.0,127.45616009997052,654.3305459518474,0.0,164.43818345234337,654.3305459518474,0.0,132.3682368437957,654.3305459518474,0.0,49.2570509949291,589.3751936097037
0.0,203.78073209260975,654.3305459518474,0.0,174.70938127289597,654.3305459518474,0.0,162.21842473052286,654.3305459518474,0.0,204.97481859410783,654.3305459518474,0.0,202.58178749185652,654.3305459518474,0.0,66.24969294589782,555.6248865556015
0.0,234.02073349508763,654.3305459518474,0.0,181.48884618495174,654.3305459518474,0.0,199.1276752745055,654.3305459518474,0.0,228.2513988121157,654.3305459518474,0.0,230.59134628053042,654.3305459518474,0.0,77.66463861743566,533.2895251730372
0.0,240.40216957331072,654.3305459518474,0.0,159.0616640459788,654.3305459518474,0.0,193.2290478819321,654.3305459518474,0.0,232.07996028296387,654.3305459518474,0.0,216.57000786126306,654.3305459518474,0.0,77.54038173607441,510.8299069091116
0.0,226.2880137131295,654.3305459518474,0.0,156.90513966302322,654.3305459518474,0.0,167.19187947481447,654.3305459518474,0.0,215.93671641103003,654.3305459518474,0.0,166.36756185654346,654.3305459518474,0.0,71.67955276363189,482.5094596727435
0.0,191.09628080829708,654.3305459518474,0.0,107.8352244303502,654.3305459518474,0.0,122.38149486769802,654.3305459518474,0.0,179.02260776779224,654.3305459518474,0.0,139.24034146778024,654.3305459518474,0.0,49.15169332363329,431.6611529963768
0.0,128.0853043668886,654.3305459518474,0.0,55.80186552608758,610.132411477935,0.0,66.74918904524432,621.0797349970917,0.0,119.69703670580522,654.3305459518474,0.0,71.23047436334612,625.5610203151936,0.0,27.880621537042526,359.54177453341936
0.0,53.39196928115433,607.7225152330018,0.0,25.272372450914567,535.4047839288495,0.0,52.0876670091053,573.167402006197,0.0,41.555770653418364,595.8863166052657,0.0,54.99759254034023,580.5586128555337,0.0,4.976811963118438,264.5185864965378
0.0,31.834585311710175,633.1901834823699,0.0,23.803190845501753,554.4473366052509,0.0,51.272887860359525,614.1857122944846,0.0,11.057717018692745,604.7324902202199,0.0,51.85487296660651,622.042511228819,0.0,2.735329999360837,266.7068504960265
0.0,36.08307658731317,654.3305459518474,0.0,26.596719355487288,575.7247120896408,0.0,48.82855041412218,653.2485526257823,0.0,12.803672337433706,614.9754280901669,0.0,48.24656530787519,654.3305459518474,0.0,4.132094254353605,270.0125258995094
0.0,35.21009892794269,654.3305459518474,0.0,27.70249105735656,597.886704935526,0.0,45.27844126601556,654.3305459518474,0.0,13.56025297555479,625.8236304706107,0.0,44.40546360664508,654.3305459518474,0.0,5.121468934973482,274.10970104748816
0.0,29.506644886722224,654.3305459518474,0.0,27.877086589230657,620.1883742069106,0.0,39.516788714170396,654.3305459518474,0.0,14.258635103051171,637.2305385530517,0.0,42.135721692281834,654.3305459518474,0.0,5.587057019971072,278.579346663465
0.0,22.872014675506573,654.3305459518474,0.0,28.575468716727045,643.0487491802922,0.0,34.162525736698115,654.3305459518474,0.0,13.909444039302981,648.358093784494,0.0,41.90292764978304,654.3305459518474,0.0,5.645255530595771,283.0955510879416
0.0,19.147309995525863,654.3305459518474,0.0,30.205027014218608,654.3305459518474,0.0,37.47984084230594,654.3305459518474,0.0,12.16348872056202,654.3305459518474,0.0,43.357890415400504,654.3305459518474,0.0,5.005071913724085,287.09960861892085
0.0,28.982858291099934,654.3305459518474,0.0,31.834585311710175,654.3305459518474,0.0,35.09370190669329,654.3305459518474,0.0,10.47573191244576,654.3305459518474,0.0,45.45303679788965,654.3305459518474,0.0,4.364888296852399,290.59151925640276
0.0,38.87660509729871,654.3305459518474,0.0,32.241974886083064,654.3305459518474,0.0,41.26274403291135,654.3305459518474,0.0,9.428158721201184,654.3305459518474,0.0,47.664580201628205,654.3305459518474,0.0,4.364888296852399,294.08342989388467
0.0,39.2839946716716,654.3305459518474,0.0,32.30017339670776,654.3305459518474,0.0,48.77035190349748,654.3305459518474,0.0,8.26418850870721,654.3305459518474,0.0,48.886748924746875,654.3305459518474,0.0,3.7247046799807144,297.06319363786923
0.0,41.84472913915834,654.3305459518474,0.0,31.60179126921138,654.3305459518474,0.0,53.30983573222398,654.3305459518474,0.0,6.92562276433914,654.3305459518474,0.0,49.00314594599627,654.3305459518474,0.0,2.444337446237344,299.0186635948591
0.0,43.12509637290171,654.3305459518474,0.0,30.437821056717404,654.3305459518474,0.0,55.28858509346373,654.3305459518474,0.0,6.576431700590949,654.3305459518474,0.0,47.43178615912941,654.3305459518474,0.0,1.74595531874096,300.4154278498519
0.0,45.860426372262545,654.3305459518474,0.0,29.215652333598733,654.3305459518474,0.0,56.394356795333,654.3305459518474,0.0,7.274813828087333,654.3305459518474,0.0,45.627632329763756,654.3305459518474,0.0,1.74595531874096,301.81219210484466
0.0,46.907999563507126,654.3305459518474,0.0,27.644292546731865,654.3305459518474,0.0,56.918143390955294,654.3305459518474,0.0,8.031394466208416,654.3305459518474,0.0,43.939875521647494,654.3305459518474,0.0,2.269741914363248,303.62798563633527
0.0,47.37358764850471,654.3305459518474,0.0,26.771314887361385,654.3305459518474,0.0,57.32553296532818,654.3305459518474,0.0,7.9731959555837175,654.3305459518474,0.0,42.25211871353123,654.3305459518474,0.0,2.444337446237344,305.58345559332514
0.0,53.276895411348235,654.3305459518474,0.0,25.84013871736621,654.3305459518474,0.0,60.63030784055405,654.3305459518474,0.0,7.682203402460224,637.0127493543076,0.0,43.5278055770045,654.3305459518474,0.0,2.036947871864453,282.6204034651896
0.0,117.39214267419763,654.3305459518474,0.0,29.563342516918574,654.3305459518474,0.0,105.3446955169149,654.3305459518474,0.0,29.83729219837508,640.8825831130077,0.0,95.77037894343033,654.3305459518474,0.0,24.6576247527769,282.2780282179665
0.0,188.338694380044,654.3305459518474,0.0,44.92642617039573,599.2569721222432,0.0,161.26481440265036,654.3305459518474,0.0,73.35627022179456,614.2388533348023,0.0,158.30790743972938,654.3305459518474,0.0,65.54345095828958,247.82147917625608
0.0,235.9897666578171,654.3305459518474,0.0,58.145525671299225,557.4024977935424,0.0,212.4644949481017,654.3305459518474,0.0,101.4303865007766,615.3831625354236,0.0,205.83154334629944,654.3305459518474,0.0,112.93028975311647,258.16571097874925
0.0,262.46258458991326,654.3305459518474,0.0,82.3297024789667,539.7322002725091,0.0,239.71279272838441,654.3305459518474,0.0,128.0888393147005,637.854233987184,0.0,225.0435885611186,654.3305459518474,0.0,151.1593845603868,299.0932186270587
0.0,267.5243541338337,654.3305459518474,0.0,92.71279467948365,532.4449949519927,0.0,218.20892689929482,654.3305459518474,0.0,134.574132183791,654.3305459518474,0.0,209.2841546832221,654.3305459518474,0.0,145.9230194845923,335.83163421473256
0.0,251.74920053571353,654.3305459518474,0.0,83.76744464393211,516.2124395959248,0.0,177.4741166453207,654.3305459518474,0.0,123.19380544254227,654.3305459518474,0.0,172.11367241714996,654.3305459518474,0.0,126.40894236669607,356.95878810808944
0.0,214.32702501707712,654.3305459518474,0.0,63.07685708315998,479.2892966790848,0.0,140.43575112072162,654.3305459518474,0.0,74.70905480595798,629.0396007578054,0.0,112.2564548994288,654.3305459518474,0.0,85.96512466584542,342.92391277393483
0.0,151.29396987576143,654.3305459518474,0.0,41.51011237317561,420.79940905226044,0.0,106.91923479362353,654.3305459518474,0.0,40.11034635732615,569.1499471151316,0.0,70.51337075476934,624.8439167066167,0.0,45.87049802874297,288.7944108026778
0.0,78.02883848546732,632.3593844373147,0.0,14.214655432221825,335.0140644844823,0.0,76.98276617465109,631.3133121264984,0.0,6.884822583351546,476.0347696984831,0.0,48.40076074925549,573.2446774558722,0.0,11.020096327546902,199.8145071302247
0.0,53.48443126409807,654.3305459518474,0.0,10.184739359322265,343.1618559719401,0.0,55.113989561589634,654.3305459518474,0.0,0.05819851062469866,476.08132850698286,0.0,45.162044244766165,609.3743128516851,0.0,3.49191063748192,202.60803564021026
0.0,54.88119551909084,654.3305459518474,0.0,9.777349784949376,350.9837357998996,0.0,53.95001934909566,654.3305459518474,0.0,0.174595531874096,476.2210049324821,0.0,43.823478500398096,644.4330956520035,0.0,4.772277871225291,206.4258579371905
0.0,55.754173178461315,654.3305459518474,0.0,9.311761699951786,358.433145159861,0.0,51.85487296660651,654.3305459518474,0.0,0.5237865956222879,476.64003420897996,0.0,42.95050084102761,654.3305459518474,0.0,5.005071913724085,210.42991546816978
0.0,56.0451657315848,654.3305459518474,0.0,8.904372125578895,365.55664286032413,0.0,49.468734030993865,654.3305459518474,0.0,1.222168723118672,477.6177691874749,0.0,41.72833211790894,654.3305459518474,0.0,4.481285318101797,214.01494372265122
0.0,56.394356795333,654.3305459518474,0.0,9.369960210576485,373.0526110287853,0.0,48.362962329124585,654.3305459518474,0.0,2.036947871864453,479.24732748496643,0.0,40.38976637354087,654.3305459518474,0.0,3.550109148106618,216.85503104113653
0.0,56.33615828470831,654.3305459518474,0.0,10.47573191244576,381.4331965587419,0.0,48.130168286625796,654.3305459518474,0.0,3.7829031906054134,482.27365003745075,0.0,40.447964884165565,654.3305459518474,0.0,2.3861389356126455,218.76394218962665
0.0,54.93939402971553,654.3305459518474,0.0,10.359334891196362,389.72066447169897,0.0,48.944947435371574,654.3305459518474,0.0,6.169042126218058,487.2088837384252,0.0,41.84472913915834,654.3305459518474,0.0,1.222168723118672,219.74167716812158
0.0,52.029468498480604,654.3305459518474,0.0,10.592128933695157,398.19436761865506,0.0,49.468734030993865,654.3305459518474,0.0,8.787975104329497,494.2392638218888,0.0,41.61193509665954,654.3305459518474,0.0,0.40738957437289064,220.0675888276199
0.0,50.63270424348784,654.3305459518474,0.0,12.512679784310212,408.20451144610325,0.0,49.17774147787037,654.3305459518474,0.0,10.359334891196362,502.5267317348459,0.0,39.516788714170396,654.3305459518474,0.0,0.05819851062469866,220.11414763611964
0.0,47.54818318037881,654.3305459518474,0.0,14.491429145549967,419.79765476254323,0.0,48.59575637162338,654.3305459518474,0.0,10.650327444319855,511.0469936903018,0.0,37.829031906054134,654.3305459518474,0.0,0.0,220.11414763611964
0.0,48.71215339287278,654.3305459518474,0.0,15.597200847419243,432.27541544047864,0.0,49.41053552036916,654.3305459518474,0.0,11.465106593065636,520.2190789647543,0.0,36.72326020418486,654.3305459518474,0.0,0.0,220.11414763611964
0.0,50.34171169036434,654.3305459518474,0.0,16.58657552803912,445.5446758629099,0.0,50.05071913724085,654.3305459518474,0.0,12.338084252436117,530.0895463667032,0.0,37.47984084230594,654.3305459518474,0.0,0.0,220.11414763611964
0.0,51.796674455981815,654.3305459518474,0.0,16.761171059913213,458.9536127108405,0.0,50.57450573286314,654.3305459518474,0.0,12.047091699312622,539.7272197261533,0.0,37.36344382105654,654.3305459518474,0.0,0.0,220.11414763611964
0.0,53.30983573222398,654.3305459518474,0.0,15.829994889918037,471.6176086227749,0.0,51.09829232848543,654.3305459518474,0.0,10.766724465569252,548.3405992986087,0.0,37.94542892730353,654.3305459518474,0.0,0.0,220.11414763611964
0.0,54.349549063356704,654.3305459518474,0.0,18.735240050882872,465.3528486736578,0.0,53.43727210342697,654.3305459518474,0.0,13.206381541536498,536.5469808401452,0.0,38.919083887699706,654.3305459518474,0.0,0.0,195.11414763611964
0.0,84.80194441783956,654.3305459518474,0.0,64.34150459667964,496.82605235100147,0.0,99.33452920234723,654.3305459518474,0.0,61.46937748557561,565.7224828286057,0.0,78.94765215406561,654.3305459518474,0.0,29.69581471636178,198.87079940920907
0.0,116.45292891510556,654.3305459518474,0.0,130.07845029690878,520.8888125885285,0.0,160.0490046592152,654.3305459518474,0.0,118.0910579886492,580.1953292195251,0.0,135.37115754492953,654.3305459518474,0.0,73.72753998544995,172.59833939465904
0.0,114.13752872049957,654.3305459518474,0.0,192.9730297170679,595.2672363621828,0.0,206.90887736857803,654.3305459518474,0.0,165.94348486847366,632.950117114304,0.0,187.4673953300869,654.3305459518474,0.0,109.90864757090225,180.52525745138084
0.0,103.2306499243603,654.3305459518474,0.0,191.23961462870886,654.3305459518474,0.0,230.43397134930837,654.3305459518474,0.0,199.74313388858343,654.3305459518474,0.0,224.02127355962295,654.3305459518474,0.0,133.46050062180987,207.29365794882875
0.0,92.82397814350779,647.1545240953552,0.0,191.12789797772956,654.3305459518474,0.0,242.33808468617934,654.3305459518474,0.0,201.07701926268138,654.3305459518474,0.0,236.70086674468047,654.3305459518474,0.0,151.6092529251607,248.5810602889573
0.0,132.4183977653235,654.3305459518474,0.0,163.34477425187097,654.3305459518474,0.0,216.86250129481488,654.3305459518474,0.0,175.59675550104689,654.3305459518474,0.0,221.8097301558844,654.3305459518474,0.0,156.5624853079436,293.8310485353122
0.0,115.41003609413109,654.3305459518474,0.0,137.18652845323388,654.3305459518474,0.0,180.6892535694745,654.3305459518474,0.0,123.78365040890112,654.3305459518474,0.0,185.29833071674938,654.3305459518474,0.0,128.6897236310129,316.78282744012256
0.0,81.50970977299563,635.840255724843,0.0,98.24801216851353,652.5785581203609,0.0,137.90645609368227,654.3305459518474,0.0,56.060095487320396,610.3906414391678,0.0,128.75692742420767,654.3305459518474,0.0,81.12828930431192,297.9111167444345
0.0,60.40537365816712,596.2456293830102,0.0,46.378209446171454,598.9567675665323,0.0,72.5957991778915,626.9263451297389,0.0,9.231662218404944,519.6223036575727,0.0,56.30507430223102,610.6356202540784,0.0,24.75044219369074,222.6615589381252
0.0,57.67472402907638,642.3854086062713,0.0,30.205027014218608,623.1207891779072,0.0,55.579577646587225,654.3305459518474,0.0,0.7565806381210826,520.2275681680696,0.0,31.310798716087884,635.6842592269487,0.0,0.2909925531234933,222.894352980624
0.0,57.616525518451674,654.3305459518474,0.0,31.136203184213784,648.0297517252783,0.0,55.055791050964935,654.3305459518474,0.0,0.6401836168716852,520.739715061567,0.0,33.28954807732764,654.3305459518474,0.0,0.349191063748192,223.17370583162256
0.0,57.20913594407879,654.3305459518474,0.0,31.659989779836074,654.3305459518474,0.0,54.76479849784145,654.3305459518474,0.0,0.5237865956222879,521.1587443380648,0.0,34.33712126857221,654.3305459518474,0.0,0.40738957437289064,223.49961749112086
0.0,56.510753816582394,654.3305459518474,0.0,29.681240418596317,654.3305459518474,0.0,54.82299700846614,654.3305459518474,0.0,0.5819851062469866,521.6243324230624,0.0,36.95605424668366,654.3305459518474,0.0,0.4655880849975893,223.87208795911894
0.0,55.92876871033541,654.3305459518474,0.0,32.53296743920656,654.3305459518474,0.0,54.76479849784145,654.3305459518474,0.0,0.6401836168716852,522.1364793165598,0.0,36.89785573605895,654.3305459518474,0.0,0.5237865956222879,224.29111723561678
0.0,55.52137913596252,654.3305459518474,0.0,28.982858291099934,654.3305459518474,0.0,54.64840147659204,654.3305459518474,0.0,0.6401836168716852,522.6486262100572,0.0,38.58561254417521,654.3305459518474,0.0,0.87297765937048,224.98949936311317
0.0,55.172188072214325,654.3305459518474,0.0,24.32697744112404,654.3305459518474,0.0,54.88119551909084,654.3305459518474,0.0,0.5819851062469866,523.1142142950547,0.0,39.2839946716716,654.3305459518474,0.0,2.560734467486741,227.03808693710255
0.0,55.172188072214325,654.3305459518474,0.0,21.358853399264408,654.3305459518474,0.0,55.230386582839024,654.3305459518474,0.0,0.4655880849975893,523.4866847630527,0.0,38.294619991051725,654.3305459518474,0.0,6.227240636842756,232.01987944657677
0.0,55.28858509346373,654.3305459518474,0.0,17.86694276178249,654.3305459518474,0.0,54.82299700846614,654.3305459518474,0.0,0.23279404249879465,523.6729199970517,0.0,35.966679566063775,654.3305459518474,0.0,8.555181061830703,238.86402429604132
0.0,55.52137913596252,654.3305459518474,0.0,14.840620209298159,654.3305459518474,0.0,54.76479849784145,654.3305459518474,0.0,0.11639702124939733,523.7660376140512,0.0,36.665061693560155,654.3305459518474,0.0,7.449409359961429,244.82355178401048
0.0,55.87057019971072,654.3305459518474,0.0,11.872496167438527,654.3305459518474,0.0,54.64840147659204,654.3305459518474,0.0,0.05819851062469866,523.812596422551,0.0,35.67568701294028,654.3305459518474,0.0,7.216615317462634,250.5968440379806
0.0,56.219761263458906,654.3305459518474,0.0,10.068342338072869,654.3305459518474,0.0,53.83362232784627,654.3305459518474,0.0,0.0,523.812596422551,0.0,36.141275097937864,654.3305459518474,0.0,7.740401913084923,256.78916556844854
0.0,56.4525553059577,654.3305459518474,0.0,8.962570636203594,654.3305459518474,0.0,52.029468498480604,654.3305459518474,0.0,0.0,523.812596422551,0.0,35.85028254481438,654.3305459518474,0.0,7.740401913084923,262.9814870989165
0.0,56.7435478590812,654.3305459518474,0.0,7.682203402460224,654.3305459518474,0.0,50.63270424348784,654.3305459518474,0.0,0.05819851062469866,523.8591552310507,0.0,38.06182594855293,654.3305459518474,0.0,6.98382127496384,268.5685441188876
0.0,59.35780046692254,654.3305459518474,0.0,7.526507080651578,636.8570530324989,0.0,53.94851846866731,654.3305459518474,0.0,0.0,498.85915523105075,0.0,37.53803935293064,654.3305459518474,0.0,15.416424064846701,258.9849681837343
0.0,105.54605011896629,654.3305459518474,0.0,26.34538156089316,637.9333582812135,0.0,109.52262578049633,654.3305459518474,0.0,22.586057950623296,496.44521318167403,0.0,41.94072606991394,654.3305459518474,0.0,87.60404370387717,309.068203146836
0.0,151.517225448735,654.3305459518474,0.0,36.77095255181112,574.7043108330246,0.0,167.45143258749056,654.3305459518474,0.0,66.61778321971146,463.0629964013855,0.0,51.420902051041374,605.7514480028888,0.0,159.15147972603597,356.3893869276648
0.0,162.38948531458507,654.3305459518474,0.0,51.440334448061996,526.1446452810866,0.0,222.32865865225153,654.3305459518474,0.0,116.57639583197869,476.32411306696844,0.0,58.739873278943115,564.4913212818319,0.0,207.41129618023336,442.3184238718515
0.0,173.60307638407153,654.3305459518474,0.0,75.32565884249411,501.4703041235807,0.0,251.87663690691653,654.3305459518474,0.0,144.03072858458285,511.54869593463474,0.0,63.487070689404504,527.9783919712364,0.0,233.85417555231044,549.4017643136999
0.0,200.68463849259194,654.3305459518474,0.0,99.38557876880031,500.85588289238103,0.0,260.0135667734058,654.3305459518474,0.0,152.77790350792478,553.7710187409746,0.0,62.32310047691054,490.301492448147,0.0,237.11647163713533,654.3305459518474
0.0,212.8561648022509,654.3305459518474,0.0,119.92364949760555,516.7948024904655,0.0,220.53872366268126,654.3305459518474,0.0,146.32405007928165,590.8302588043999,0.0,57.82291594874329,448.12440839689026,0.0,220.33304414832986,654.3305459518474
0.0,189.81237862674186,654.3305459518474,0.0,107.70178453743377,522.9562301204126,0.0,202.56774638104625,654.3305459518474,0.0,126.25156743547402,611.8315127527792,0.0,64.80373546285044,412.9281438597407,0.0,182.6544950068591,654.3305459518474
0.0,144.7487998866328,654.3305459518474,0.0,57.20834597959067,480.1645761000032,0.0,140.49112559947469,654.3305459518474,0.0,80.94733479275433,592.7788475455335,0.0,56.11793853997497,369.0460823997157,0.0,120.71785082687248,654.3305459518474
0.0,75.45070568834348,629.7812516401909,0.0,11.0515357679943,391.2161118679975,0.0,71.68069818609013,626.0112441379375,0.0,22.68037627196549,515.4592238174989,0.0,32.301852006121166,301.3479344058369,0.0,40.62459448342319,594.9551404352706
0.0,55.81237168908602,654.3305459518474,0.0,3.899300211854811,394.3355520374813,0.0,27.00410892986018,647.6145312818256,0.0,4.772277871225291,519.2770461144792,0.0,24.443374462373438,320.9026339757356,0.0,7.216615317462634,600.7284326892407
0.0,55.46318062533782,654.3305459518474,0.0,3.550109148106618,397.1756393559666,0.0,23.163007228630068,654.3305459518474,0.0,6.110843615593359,524.1657210069538,0.0,24.152381909249943,340.2245395031356,0.0,5.878049573094565,605.4308723477163
0.0,55.637776157211924,654.3305459518474,0.0,3.1427195737337277,399.6898150149536,0.0,19.321905527399956,654.3305459518474,0.0,7.333012338712031,530.0321308779235,0.0,26.771314887361385,361.6415914130247,0.0,5.878049573094565,610.133312006192
0.0,56.103364242209516,654.3305459518474,0.0,3.317315105607824,402.3436670994398,0.0,15.364406804920447,654.3305459518474,0.0,7.740401913084923,536.2244524083914,0.0,30.205027014218608,385.8056130243996,0.0,8.26418850870721,616.7446628131578
0.0,56.510753816582394,654.3305459518474,0.0,4.248491275603002,405.7424601199222,0.0,11.988893188687923,654.3305459518474,0.0,7.274813828087333,542.0443034708612,0.0,29.85583595047041,409.6902817847759,0.0,10.941319997443347,625.4977188111125
0.0,56.918143390955294,654.3305459518474,0.0,5.878049573094565,410.4448997783979,0.0,10.242937869946964,654.3305459518474,0.0,6.51823318996625,547.2588900228342,0.0,30.903409141714988,434.4130090981479,0.0,12.978267869307802,635.8803331065587
0.0,57.034540412204684,654.3305459518474,0.0,8.26418850870721,417.05625058536367,0.0,9.660952763699978,654.3305459518474,0.0,6.227240636842756,552.2406825323084,0.0,33.92973169419932,461.55679445350734,0.0,14.72422318804876,647.6597116569977
0.0,56.97634190157999,654.3305459518474,0.0,7.682203402460224,423.20201330733187,0.0,9.95194531682347,654.3305459518474,0.0,6.867424253714441,557.73462193528,0.0,38.17822296980233,492.0993728293492,0.0,14.258635103051171,654.3305459518474
0.0,56.80174636970589,654.3305459518474,0.0,6.51823318996625,428.4165998593049,0.0,9.835548295574075,654.3305459518474,0.0,8.205989998082512,564.299413933746,0.0,40.62256041603966,524.5974211621809,0.0,15.364406804920447,654.3305459518474
0.0,56.7435478590812,654.3305459518474,0.0,7.85679893433432,434.70203900677234,0.0,8.846173614954198,654.3305459518474,0.0,9.893746806198772,572.214411378705,0.0,42.717706798528816,558.771586601004,0.0,16.702972549288514,654.3305459518474
0.0,56.80174636970589,654.3305459518474,0.0,9.020769146828293,441.918654324235,0.0,7.624004891835525,654.3305459518474,0.0,9.893746806198772,580.129408823664,0.0,44.34726509602038,594.2493986778203,0.0,17.401354676784898,654.3305459518474
0.0,56.80174636970589,654.3305459518474,0.0,12.57087829493491,451.9753569601829,0.0,6.401836168716853,654.3305459518474,0.0,9.311761699951786,587.5788181836255,0.0,45.220242755390856,630.425592882133,0.0,17.575950208658995,654.3305459518474
0.0,56.7435478590812,654.3305459518474,0.0,14.258635103051171,463.3822650426239,0.0,5.528858509346373,654.3305459518474,0.0,8.147791487457813,594.0970513735917,0.0,45.860426372262545,654.3305459518474,0.0,17.459553187409597,654.3305459518474
0.0,56.56895232720709,654.3305459518474,0.0,13.56025297555479,474.2304674230677,0.0,5.528858509346373,654.3305459518474,0.0,6.867424253714441,599.5909907765633,0.0,45.27844126601556,654.3305459518474,0.0,17.168560634286106,654.3305459518474
0.0,56.56895232720709,654.3305459518474,0.0,16.709331528972015,465.9397989520397,0.0,7.026300065364839,636.3568460172122,0.0,9.050707706847344,583.6416984834107,0.0,47.376767138346466,654.3305459518474,0.0,24.328656050537443,653.6592020023849
0.0,77.22342007726174,654.3305459518474,0.0,77.18633257307106,507.68886501049656,0.0,44.12286410058861,651.655137297683,0.0,64.0821292129886,614.9074018538015,0.0,92.78953694220371,654.3305459518474,0.0,95.0377333436149,654.3305459518474
0.0,97.70329229544228,652.0338382472896,0.0,142.89969869296465,542.0086239648683,0.0,101.66786091354551,652.9894260285195,0.0,134.08964488872795,642.1791177647839,0.0,135.16962521389308,654.3305459518474,0.0,157.81441486209627,654.3305459518474
0.0,136.4986524887359,654.3305459518474,0.0,196.2181052012407,618.9831081258609,0.0,182.4123402238201,654.3305459518474,0.0,182.1748658110512,654.3305459518474,0.0,154.55308647074455,654.3305459518474,0.0,195.24762973068624,654.3305459518474
0.0,152.7740131021428,654.3305459518474,0.0,220.79863223332745,654.3305459518474,0.0,212.4259065634827,654.3305459518474,0.0,205.6842400715578,654.3305459518474,0.0,171.92635892590886,654.3305459518474,0.0,215.40189046545416,654.3305459518474
0.0,139.86948573469834,654.3305459518474,0.0,223.03693470724326,654.3305459518474,0.0,223.59233847229802,654.3305459518474,0.0,208.17423579803793,654.3305459518474,0.0,212.4283751373842,654.3305459518474,0.0,216.616199328461,654.3305459518474
0.0,98.6266086053256,652.957154557173,0.0,204.38797538860572,654.3305459518474,0.0,212.7782771170726,654.3305459518474,0.0,192.74041340355416,654.3305459518474,0.0,166.57359682886494,654.3305459518474,0.0,198.42028786443905,654.3305459518474
0.0,122.16274193600952,654.3305459518474,0.0,165.0845483199135,654.3305459518474,0.0,177.0706174767298,654.3305459518474,0.0,154.27066469367313,654.3305459518474,0.0,99.86617565808137,654.1967216099288,0.0,160.63638105167252,654.3305459518474
0.0,81.30367480067413,635.6342207525215,0.0,91.333428754128,645.6639747059754,0.0,117.62864939349336,654.3305459518474,0.0,94.01391746169094,648.3444634135383,0.0,77.03478343457735,631.2315050445061,0.0,99.07568700561137,653.4062329574588
0.0,57.73610202954283,593.3703227820644,0.0,40.97210693775797,586.6360816437334,0.0,48.94715923174016,603.2777051835876,0.0,32.96597066129851,581.3104340748368,0.0,48.63355479175428,579.8650598362603,0.0,36.69703432096272,590.1032672784215
0.0,54.76479849784145,637.1821615803375,0.0,15.364406804920447,598.9276070876698,0.0,3.3755136162325226,605.9781160765737,0.0,1.920550850615056,582.8468747553289,0.0,43.76527998977339,614.877283828079,0.0,0.0,590.1032672784215
0.0,53.89182083847097,654.3305459518474,0.0,12.62907680555961,609.0308685321174,0.0,3.084521063109029,608.4457329270609,0.0,3.550109148106618,585.6869620738142,0.0,39.2839946716716,646.3044795654163,0.0,0.0,590.1032672784215
0.0,53.65902679597217,654.3305459518474,0.0,8.962570636203594,616.2009250410803,0.0,2.036947871864453,610.0752912245525,0.0,5.23786595622288,589.8772548387925,0.0,35.79208403418968,654.3305459518474,0.0,0.0,590.1032672784215
0.0,54.93939402971553,654.3305459518474,0.0,7.39121084933673,622.1138937205496,0.0,0.7565806381210826,610.6805557350494,0.0,5.8198510624698665,594.5331356887684,0.0,35.50109148106618,654.3305459518474,0.0,1.5713597868668638,591.360355107915
0.0,54.99759254034023,654.3305459518474,0.0,8.147791487457813,628.6321269105159,0.0,0.174595531874096,610.8202321605487,0.0,5.8198510624698665,599.1890165387443,0.0,36.490466161686065,654.3305459518474,0.0,8.6715780830801,598.297617574379
0.0,54.41560743409325,654.3305459518474,0.0,8.6715780830801,635.56938937698,0.0,0.05819851062469866,610.8667909690485,0.0,6.98382127496384,604.7760735587154,0.0,40.15697233104208,654.3305459518474,0.0,16.17918595366623,611.240966337312
0.0,54.06641637034505,654.3305459518474,0.0,8.438784040581305,642.320416609445,0.0,0.0,610.8667909690485,0.0,10.417533401821059,613.1101002801723,0.0,44.114471053521584,654.3305459518474,0.0,17.459553187409597,625.2086088872396
0.0,53.95001934909566,654.3305459518474,0.0,7.9731959555837175,648.698973373912,0.0,0.0,610.8667909690485,0.0,13.0946648905572,623.5858321926181,0.0,46.907999563507126,654.3305459518474,0.0,14.549627656174666,636.8483110121794
0.0,52.7860491366017,654.3305459518474,0.0,7.9731959555837175,654.3305459518474,0.0,0.0,610.8667909690485,0.0,12.16348872056202,633.3166231690677,0.0,47.7227787122529,654.3305459518474,0.0,10.592128933695157,645.3220141591355
0.0,50.10891764786555,654.3305459518474,0.0,8.380585529956607,654.3305459518474,0.0,0.0,610.8667909690485,0.0,11.34870957181624,642.3955908265207,0.0,48.886748924746875,654.3305459518474,0.0,7.565806381210827,651.3746592641041
0.0,47.25719062725532,654.3305459518474,0.0,8.6133795724554,654.3305459518474,0.0,0.0,610.8667909690485,0.0,12.221687231186719,652.17294061147,0.0,50.690902754112535,654.3305459518474,0.0,6.51823318996625,654.3305459518474
0.0,45.103845734141466,654.3305459518474,0.0,8.438784040581305,654.3305459518474,0.0,0.0,610.8667909690485,0.0,11.581503614315034,654.3305459518474,0.0,51.85487296660651,654.3305459518474,0.0,6.634630211215648,654.3305459518474
0.0,43.357890415400504,654.3305459518474,0.0,9.020769146828293,654.3305459518474,0.0,0.0,610.8667909690485,0.0,7.624004891835525,654.3305459518474,0.0,52.90244615785109,654.3305459518474,0.0,5.878049573094565,654.3305459518474
0.0,41.61193509665954,654.3305459518474,0.0,9.020769146828293,654.3305459518474,0.0,0.0,610.8667909690485,0.0,2.793528509985536,654.3305459518474,0.0,53.251637221599275,654.3305459518474,0.0,4.423086807477099,654.3305459518474
0.0,42.135721692281834,654.3305459518474,0.0,12.526898624105566,641.857444575953,0.0,5.1781665651698345,591.0449575342183,0.0,3.54542877783652,632.8759747296839,0.0,52.90244615785109,654.3305459518474,0.0,11.257570740315796,640.5881166921632
0.0,67.45242927199585,654.3305459518474,0.0,54.995123966438705,654.3305459518474,0.0,73.90213551732404,630.1666659480775,0.0,35.23103220539166,641.0608004939972,0.0,79.2777662787633,654.3305459518474,0.0,80.16399508445595,654.3305459518474
0.0,111.23246128851977,654.3305459518474,0.0,111.05839894360085,654.3305459518474,0.0,144.72443034180915,654.3305459518474,0.0,60.72233531697978,601.783135810977,0.0,108.44979439950279,654.3305459518474,0.0,146.7770979338973,654.3305459518474
0.0,185.71022293240733,654.3305459518474,0.0,191.22089314762846,654.3305459518474,0.0,199.33742292362393,654.3305459518474,0.0,62.3865125447605,564.1696483557375,0.0,121.6106953897816,654.3305459518474,0.0,190.1372001456664,654.3305459518474
0.0,237.51228867459946,654.3305459518474,0.0,223.42242331069403,654.3305459518474,0.0,224.59593199271328,654.3305459518474,0.0,87.11337515811569,551.2830235138532,0.0,131.6996155473333,654.3305459518474,0.0,213.68905319657404,654.3305459518474
0.0,245.22761012692047,654.3305459518474,0.0,227.0528096693326,654.3305459518474,0.0,228.00924402907668,654.3305459518474,0.0,101.21649166834328,552.2562168485279,0.0,145.34500383267516,654.3305459518474,0.0,216.5282399868023,654.3305459518474
0.0,207.01423503987382,654.3305459518474,0.0,208.930816436159,654.3305459518474,0.0,212.30800866180493,654.3305459518474,0.0,67.69679585140344,519.9530126999313,0.0,115.84268385825293,654.3305459518474,0.0,200.76880610890584,654.3305459518474
0.0,155.71387719339677,654.3305459518474,0.0,169.6809075078214,654.3305459518474,0.0,175.7855698727163,654.3305459518474,0.0,43.08633025929763,463.0393429592289,0.0,92.84455596298665,647.175101914834,0.0,166.9848768090198,654.3305459518474
0.0,105.66244714021568,654.3305459518474,0.0,103.93928143732217,654.3305459518474,0.0,115.71127803272007,654.3305459518474,0.0,15.547039925891447,378.5863828851204,0.0,73.87634414061992,621.051446055454,0.0,108.70687893827737,654.3305459518474
0.0,64.41957001084296,618.7501159626904,0.0,38.57042601090669,592.900971962754,0.0,47.50323581607629,601.8337817679237,0.0,2.61893297811144,281.2053158632318,0.0,50.401588810402444,571.4530348658565,0.0,48.45949244683536,602.7900383986828
0.0,56.16156275283421,654.3305459518474,0.0,0.05819851062469866,592.9475307712538,0.0,0.6401836168716852,602.3459286614211,0.0,1.920550850615056,282.74175654372385,0.0,44.114471053521584,606.7446117086737,0.0,16.120987443041532,615.686828353116
0.0,55.754173178461315,654.3305459518474,0.0,0.6401836168716852,593.4596776647512,0.0,1.6295582974915626,603.6495752994143,0.0,0.698382127496384,283.30046224572095,0.0,46.79160254225773,644.1778937424799,0.0,25.84013871736621,636.3589393270089
0.0,55.52137913596252,654.3305459518474,0.0,3.317315105607824,596.1135297492375,0.0,1.8041538293656585,605.0928983629068,0.0,0.0,283.30046224572095,0.0,48.77035190349748,654.3305459518474,0.0,30.263225524843307,654.3305459518474
0.0,55.46318062533782,654.3305459518474,0.0,7.449409359961429,602.0730572372066,0.0,1.4549627656174666,606.2568685754007,0.0,0.0,283.30046224572095,0.0,49.41053552036916,654.3305459518474,0.0,29.15745382297403,654.3305459518474
0.0,55.46318062533782,654.3305459518474,0.0,11.75609914618913,611.477936554158,0.0,0.9893746806198773,607.0483683198967,0.0,1.3385657443680692,284.3713148412154,0.0,49.35233700974447,654.3305459518474,0.0,27.93528509985536,654.3305459518474
0.0,55.34678360408843,654.3305459518474,0.0,13.56025297555479,622.3261389346018,0.0,0.9893746806198773,607.8398680643926,0.0,6.51823318996625,289.5859013931884,0.0,49.41053552036916,654.3305459518474,0.0,26.305726802363797,654.3305459518474
0.0,55.172188072214325,654.3305459518474,0.0,12.279885741811418,632.1500475280509,0.0,1.5713597868668638,609.096955893886,0.0,12.687275316184309,299.73572164613586,0.0,48.944947435371574,654.3305459518474,0.0,24.094183398625244,654.3305459518474
0.0,55.230386582839024,654.3305459518474,0.0,10.417533401821059,640.4840742495078,0.0,2.2115434037385495,610.8661906168769,0.0,20.835066803642118,316.40377508904953,0.0,48.82855041412218,654.3305459518474,0.0,19.787493612397544,654.3305459518474
0.0,55.055791050964935,654.3305459518474,0.0,8.6715780830801,647.4213367159718,0.0,2.61893297811144,612.961336999366,0.0,28.168079142354156,338.9382384029329,0.0,48.886748924746875,654.3305459518474,0.0,15.597200847419243,654.3305459518474
0.0,54.64840147659204,654.3305459518474,0.0,7.507607870586128,653.4274230124407,0.0,2.15334489311385,614.6840129138571,0.0,33.75513616232522,365.9423473327931,0.0,47.897374244127,654.3305459518474,0.0,15.073414251796954,654.3305459518474
0.0,54.29921041284385,654.3305459518474,0.0,7.740401913084923,654.3305459518474,0.0,1.5713597868668638,615.9411007433506,0.0,36.25767211918726,394.9484850281429,0.0,47.19899211663062,654.3305459518474,0.0,18.27433233615538,654.3305459518474
0.0,53.89182083847097,654.3305459518474,0.0,8.787975104329497,654.3305459518474,0.0,1.3385657443680692,617.011953338845,0.0,38.76020807604931,425.95665148898235,0.0,46.03502190413665,654.3305459518474,0.0,23.337602760504165,654.3305459518474
0.0,53.54262977472277,654.3305459518474,0.0,9.777349784949376,654.3305459518474,0.0,1.5131612762421651,618.2224823598388,0.0,40.971751479787855,458.73405267281265,0.0,45.220242755390856,654.3305459518474,0.0,27.17870446173428,654.3305459518474
0.0,53.42623275347337,654.3305459518474,0.0,12.221687231186719,654.3305459518474,0.0,2.2115434037385495,619.9917170828296,0.0,46.73340403163303,496.12077589811906,0.0,44.58005913851918,654.3305459518474,0.0,28.575468716727045,654.3305459518474
0.0,53.30983573222398,654.3305459518474,0.0,18.48990577800213,647.8204517298495,0.0,12.149447609751725,607.1411646925814,0.0,53.65902679597217,519.0479973348968,0.0,44.98744871289207,654.3305459518474,0.0,29.052096151678235,654.3305459518474
0.0,74.28991496569127,654.3305459518474,0.0,85.60789601300033,654.3305459518474,0.0,94.3331699654201,654.3305459518474,0.0,70.2646792630618,555.2597407453462,0.0,51.94618952709202,654.3305459518474,0.0,60.73301920896327,654.3305459518474
0.0,118.42231753580512,654.3305459518474,0.0,160.63788193210084,654.3305459518474,0.0,164.22428861991,654.3305459518474,0.0,114.98692679953447,567.2492821849738,0.0,68.40400553248485,622.7345514843322,0.0,88.78355590760981,643.1141018594572
0.0,143.85542213676857,654.3305459518474,0.0,203.83124847210766,654.3305459518474,0.0,204.7294843212271,654.3305459518474,0.0,167.10992365486916,620.9372211088692,0.0,88.15873655299171,610.8932880373239,0.0,122.59106478783139,654.3305459518474
0.0,133.758642119105,654.3305459518474,0.0,225.86994024677315,654.3305459518474,0.0,226.77603595600442,654.3305459518474,0.0,156.24552364913092,654.3305459518474,0.0,120.06609467309201,626.9461637757976,0.0,97.95066063570653,652.2812065875539
0.0,100.70303350673436,654.3305459518474,0.0,228.92620135927652,654.3305459518474,0.0,229.04109750009755,654.3305459518474,0.0,146.12198456129002,654.3305459518474,0.0,134.6819584289883,654.3305459518474,0.0,95.83025606346843,648.1114626510223
0.0,105.65476500908892,654.3305459518474,0.0,214.38893620449875,654.3305459518474,0.0,211.79994178640635,654.3305459518474,0.0,139.57849318157486,654.3305459518474,0.0,109.53198652103652,654.3305459518474,0.0,79.86310860383709,627.9745712548594
0.0,83.18360319928667,637.514149151134,0.0,180.72608429613217,654.3305459518474,0.0,173.17131726487497,654.3305459518474,0.0,121.03021116396295,654.3305459518474,0.0,116.38219017409892,654.3305459518474,0.0,64.46222653022903,592.4367977850884
0.0,59.738786429088236,597.2529355802222,0.0,125.14093763434958,654.3305459518474,0.0,110.24997877453858,654.3305459518474,0.0,91.55933062998812,645.8898765818356,0.0,126.61108693323558,654.3305459518474,0.0,56.37245582441086,548.8092536094993
0.0,31.162962254391086,528.4158978346134,0.0,68.2580254091865,622.5885713610339,0.0,40.959744436361085,595.2902903882085,0.0,61.34758917811588,607.2374657599514,0.0,75.44284582823163,629.773391780079,0.0,50.51630722223844,499.3255608317377
0.0,26.247528291739094,549.4139204680047,0.0,36.31587062981197,651.6412678648835,0.0,0.0,595.2902903882085,0.0,56.394356795333,652.3529511962179,0.0,56.2779597740836,654.3305459518474,0.0,51.68027743473242,540.6697827795236
0.0,22.23183105863489,567.1993853149125,0.0,43.4160889260252,654.3305459518474,0.0,0.0,595.2902903882085,0.0,56.33615828470831,654.3305459518474,0.0,55.34678360408843,654.3305459518474,0.0,51.73847594535711,582.0605635358094
0.0,21.417051909889107,584.3330268428239,0.0,44.92925020226737,654.3305459518474,0.0,0.40738957437289064,595.6162020477068,0.0,56.219761263458906,654.3305459518474,0.0,54.93939402971553,654.3305459518474,0.0,50.749101264737234,622.6598445475992
0.0,21.7662429736373,601.7460212217337,0.0,44.28906658539568,654.3305459518474,0.0,3.9574987224795093,598.7822010256904,0.0,55.98696722096011,654.3305459518474,0.0,55.46318062533782,654.3305459518474,0.0,45.04564722351677,654.3305459518474
0.0,21.940838505511394,619.2986920261428,0.0,42.25211871353123,654.3305459518474,0.0,8.6715780830801,605.7194634921544,0.0,55.579577646587225,654.3305459518474,0.0,56.219761263458906,654.3305459518474,0.0,34.569915311071,654.3305459518474
0.0,23.337602760504165,637.9687742345461,0.0,40.85535445853846,654.3305459518474,0.0,10.650327444319855,614.2397254476103,0.0,55.695974667836616,654.3305459518474,0.0,56.6271508378318,654.3305459518474,0.0,27.70249105735656,654.3305459518474
0.0,23.57039680300296,654.3305459518474,0.0,39.2257961610469,654.3305459518474,0.0,9.13716616807769,621.5494583820725,0.0,55.92876871033541,654.3305459518474,0.0,56.859944880330595,654.3305459518474,0.0,27.70249105735656,654.3305459518474
0.0,24.035984888000545,654.3305459518474,0.0,36.95605424668366,654.3305459518474,0.0,7.682203402460224,627.6952211040407,0.0,56.2779597740836,654.3305459518474,0.0,57.034540412204684,654.3305459518474,0.0,31.48539424796198,654.3305459518474
0.0,23.51219829237826,654.3305459518474,0.0,36.141275097937864,654.3305459518474,0.0,6.92562276433914,633.235719315512,0.0,56.6853493484565,654.3305459518474,0.0,57.20913594407879,654.3305459518474,0.0,35.09370190669329,654.3305459518474
0.0,21.533448931138505,654.3305459518474,0.0,33.92973169419932,654.3305459518474,0.0,5.9362480837192635,637.9847177824875,0.0,56.97634190157999,654.3305459518474,0.0,57.20913594407879,654.3305459518474,0.0,37.42164233168124,654.3305459518474
0.0,18.448927868029475,654.3305459518474,0.0,34.97730488544389,654.3305459518474,0.0,5.179667445598181,642.128451738966,0.0,57.09273892282938,654.3305459518474,0.0,57.616525518451674,654.3305459518474,0.0,41.495538075410145,654.3305459518474
0.0,16.411979996165023,654.3305459518474,0.0,35.03550339606859,654.3305459518474,0.0,5.121468934973482,646.2256268869447,0.0,56.918143390955294,654.3305459518474,0.0,57.383731475952885,654.3305459518474,0.0,42.89230233040291,654.3305459518474
0.0,14.258635103051171,654.3305459518474,0.0,34.97730488544389,654.3305459518474,0.0,5.645255530595771,650.7418313114214,0.0,56.859944880330595,654.3305459518474,0.0,57.500128497202276,654.3305459518474,0.0,43.4160889260252,654.3305459518474
0.0,12.454481273685513,654.3305459518474,0.0,32.35837190733246,654.3305459518474,0.0,6.0526451049686605,654.3305459518474,0.0,56.6271508378318,654.3305459518474,0.0,57.09273892282938,654.3305459518474,0.0,44.58005913851918,654.3305459518474
0.0,14.327872963629472,643.6584189154769,0.0,26.829513397986084,654.3305459518474,0.0,7.616145031723676,636.9466909835711,0.0,55.81237168908602,654.3305459518474,0.0,57.11949799300668,654.3305459518474,0.0,46.67520552100833,654.3305459518474
0.0,59.177556871305164,654.3305459518474,0.0,35.007421174448005,654.3305459518474,0.0,39.02647562637902,648.1678714846743,0.0,58.480142437281955,654.3305459518474,0.0,112.60078786392185,654.3305459518474,0.0,101.49423307514459,654.3305459518474
0.0,106.4401387847708,654.3305459518474,0.0,66.14883791588706,620.4793838677344,0.0,83.25955549751858,631.4274269821929,0.0,77.72530570196187,632.0558516538092,0.0,179.12107327244937,654.3305459518474,0.0,185.0778991756475,654.3305459518474
0.0,149.59570690464673,654.3305459518474,0.0,92.9661665414613,613.4455504091958,0.0,157.4951623583671,654.3305459518474,0.0,126.36107229008473,653.144709485877,0.0,236.98382170870707,654.3305459518474,0.0,242.14308906381143,654.3305459518474
0.0,181.88687501878442,654.3305459518474,0.0,111.56478720958603,622.6973801768646,0.0,197.21383886154408,654.3305459518474,0.0,200.52426180051322,654.3305459518474,0.0,263.15310685729776,654.3305459518474,0.0,264.7338273847048,654.3305459518474
0.0,180.07168183946516,654.3305459518474,0.0,133.16147047958944,649.2265565605362,0.0,181.16341243052412,654.3305459518474,0.0,205.40825632271782,654.3305459518474,0.0,266.97698795787585,654.3305459518474,0.0,265.95599610782347,654.3305459518474
0.0,187.565248599241,654.3305459518474,0.0,117.39417674158116,654.3305459518474,0.0,159.82946176303858,654.3305459518474,0.0,173.39704141175002,654.3305459518474,0.0,245.94974956373744,654.3305459518474,0.0,247.8811620353211,654.3305459518474
0.0,150.11163364015718,654.3305459518474,0.0,100.70356669368954,654.3305459518474,0.0,152.11414031071752,654.3305459518474,0.0,152.8589706829448,654.3305459518474,0.0,208.72892864715243,654.3305459518474,0.0,209.54353006691318,654.3305459518474
0.0,94.57532474845907,648.9058707003064,0.0,44.93446375949263,599.26500971134,0.0,87.68750040425083,642.0180463560982,0.0,126.96027799698376,654.3305459518474,0.0,147.6652621265363,654.3305459518474,0.0,147.87111936987276,654.3305459518474
0.0,34.83450425198731,583.7403749522937,0.0,17.98501839244529,517.2500281037853,0.0,10.022861786815175,552.0409081429134,0.0,72.08305193222282,626.4135978840702,0.0,77.26139622637768,631.591942178225,0.0,85.61672356658535,639.9472695184328
0.0,11.75609914618913,593.145254269245,0.0,11.639702124939733,526.5617898037372,0.0,0.349191063748192,552.3202609939119,0.0,50.92369679661133,654.3305459518474,0.0,38.70200956542461,654.3305459518474,0.0,54.24101190221916,654.3305459518474
0.0,12.105290209937321,602.8294864371949,0.0,12.338084252436117,536.432257205686,0.0,0.4655880849975893,552.69273146191,0.0,48.362962329124585,654.3305459518474,0.0,36.95605424668366,654.3305459518474,0.0,51.796674455981815,654.3305459518474
0.0,11.581503614315034,612.094689328647,0.0,12.687275316184309,546.5820774586334,0.0,2.9681240418596317,555.0672306953976,0.0,46.50060998913423,654.3305459518474,0.0,35.38469445981679,654.3305459518474,0.0,48.362962329124585,654.3305459518474
0.0,10.941319997443347,620.8477453266016,0.0,14.491429145549967,558.1752207750734,0.0,7.274813828087333,560.8870817578675,0.0,45.220242755390856,654.3305459518474,0.0,31.48539424796198,654.3305459518474,0.0,44.114471053521584,654.3305459518474
0.0,10.650327444319855,629.3680072820575,0.0,15.364406804920447,570.4667462190098,0.0,11.174114039942143,569.8263729898212,0.0,42.89230233040291,654.3305459518474,0.0,25.956535738615603,654.3305459518474,0.0,38.00362743792823,654.3305459518474
0.0,10.592128933695157,637.8417104290137,0.0,16.295582974915625,583.5032125989422,0.0,14.491429145549967,581.4195163062611,0.0,40.15697233104208,654.3305459518474,0.0,21.475250420513806,654.3305459518474,0.0,32.47476892858185,654.3305459518474
0.0,11.174114039942143,646.7810016609674,0.0,17.2267591449108,597.2846199148709,0.0,14.025841060552379,592.6401891547031,0.0,38.469215522925815,654.3305459518474,0.0,17.92514127240719,654.3305459518474,0.0,30.437821056717404,654.3305459518474
0.0,11.872496167438527,654.3305459518474,0.0,17.459553187409597,611.2522624647985,0.0,11.174114039942143,601.5794803866568,0.0,38.00362743792823,654.3305459518474,0.0,14.491429145549967,654.3305459518474,0.0,29.09925531234933,654.3305459518474
0.0,12.396282763060816,654.3305459518474,0.0,17.459553187409597,625.2199050147261,0.0,9.719151274324677,609.3548014061165,0.0,36.83965722543426,654.3305459518474,0.0,10.592128933695157,654.3305459518474,0.0,25.72374169611681,654.3305459518474
0.0,12.105290209937321,654.3305459518474,0.0,19.089111484901164,640.4911942026471,0.0,8.205989998082512,615.9195934045825,0.0,33.46414360920173,654.3305459518474,0.0,7.274813828087333,654.3305459518474,0.0,22.75561765425718,654.3305459518474
0.0,11.75609914618913,654.3305459518474,0.0,19.438302548649354,654.3305459518474,0.0,7.449409359961429,621.8791208925517,0.0,29.215652333598733,654.3305459518474,0.0,5.354262977472277,654.3305459518474,0.0,21.009662335516218,654.3305459518474
0.0,11.115915529317444,654.3305459518474,0.0,19.496501059274053,654.3305459518474,0.0,6.227240636842756,626.8609134020259,0.0,24.559771483622836,654.3305459518474,0.0,4.423086807477099,654.3305459518474,0.0,20.660471271768024,654.3305459518474
0.0,9.719151274324677,654.3305459518474,0.0,19.147309995525863,654.3305459518474,0.0,5.9362480837192635,631.6099118690013,0.0,21.009662335516218,654.3305459518474,0.0,4.073895743728906,654.3305459518474,0.0,19.61289808052345,654.3305459518474
0.0,8.205989998082512,654.3305459518474,0.0,17.692347229908396,654.3305459518474,0.0,8.555181061830703,638.4540567184658,0.0,18.68172191052827,654.3305459518474,0.0,3.317315105607824,654.3305459518474,0.0,18.856317442402368,654.3305459518474
0.0,7.100218296213236,636.4307642480607,0.0,19.438302548649354,648.7688485004968,0.0,12.616536575177662,626.0705932936435,0.0,18.64242260996902,647.9729685618164,0.0,4.791177081290741,634.1217230331381,0.0,19.98098835433709,649.3115343061845
0.0,42.3580095717822,650.3171719054864,0.0,54.00239206699203,654.3305459518474,0.0,76.00346315051164,654.3305459518474,0.0,63.15077531400838,654.3305459518474,0.0,59.854038027879405,654.3305459518474,0.0,64.6671160800923,654.3305459518474
0.0,97.31233335723333,647.6295052627197,0.0,102.3739251721687,654.3305459518474,0.0,137.93074658995806,654.3305459518474,0.0,115.83535718509624,654.3305459518474,0.0,136.44752387373492,654.3305459518474,0.0,124.08082421272306,654.3305459518474
0.0,154.26430571398964,654.3305459518474,0.0,140.87511332249707,654.3305459518474,0.0,177.8775367653637,654.3305459518474,0.0,160.90679578531714,654.3305459518474,0.0,178.01601248652034,654.3305459518474,0.0,167.09959522085583,654.3305459518474
0.0,178.0835717376852,654.3305459518474,0.0,130.8458925559984,654.3305459518474,0.0,203.51199596837853,654.3305459518474,0.0,192.41462419115643,654.3305459518474,0.0,210.43461697186098,654.3305459518474,0.0,189.96092600437888,654.3305459518474
0.0,200.57999173723636,654.3305459518474,0.0,93.95536349309612,648.2859094449435,0.0,210.24112222992144,654.3305459518474,0.0,200.39735861626542,654.3305459518474,0.0,211.9666774581686,654.3305459518474,0.0,194.02228151772584,654.3305459518474
0.0,185.2468466437783,654.3305459518474,0.0,74.99969190111135,623.2856013460548,0.0,191.2115324070883,654.3305459518474,0.0,136.2224119623629,654.3305459518474,0.0,187.04949959271562,654.3305459518474,0.0,183.78234540863556,654.3305459518474
0.0,142.7236022806622,654.3305459518474,0.0,64.60087998037068,587.8864813264255,0.0,153.99857135061507,654.3305459518474,0.0,85.72747252409147,640.0580184759389,0.0,135.5084878436279,654.3305459518474,0.0,143.38886635829778,654.3305459518474
0.0,83.25019475697839,637.5807407088258,0.0,53.76791941507983,541.6544007415054,0.0,96.59673062908487,650.9272765809322,0.0,47.128786562579144,587.1868050385181,0.0,64.17026628363236,618.5008122354798,0.0,83.98937706546236,638.3199230173097
0.0,23.160183196758435,560.7409239055843,0.0,32.5204272088246,474.1748279503299,0.0,33.62505348823565,584.5523300691679,0.0,12.083389239015178,499.2701942775332,0.0,16.442096285169132,534.9429085206489,0.0,28.86045774813715,567.1803807654469
0.0,0.23279404249879465,560.9271591395833,0.0,29.15745382297403,497.50079100870914,0.0,1.74595531874096,585.9490943241606,0.0,2.269741914363248,501.08598780902383,0.0,0.05819851062469866,534.9894673291486,0.0,9.020769146828293,574.3969960829095
0.0,0.349191063748192,561.2065119905818,0.0,27.993483610480055,519.8955778970932,0.0,3.899300211854811,589.0685344936444,0.0,1.396764254992768,502.20339921301803,0.0,0.11639702124939733,535.0825849461481,0.0,9.660952763699978,582.1257582938695
0.0,0.8147791487457813,561.8583353095785,0.0,31.834585311710175,545.3632461464613,0.0,6.110843615593359,593.9572093861191,0.0,0.7565806381210826,502.8086637235149,0.0,0.40738957437289064,535.4084966056464,0.0,10.184739359322265,590.2735497813272
0.0,2.15334489311385,563.5810112240696,0.0,40.56436190541496,577.8147356707932,0.0,8.380585529956607,600.6616778100844,0.0,0.6401836168716852,503.3208106170122,0.0,1.396764254992768,536.5259080096406,0.0,10.01014382744817,598.2816648432857
0.0,4.015697233104208,566.7935690105529,0.0,49.468734030993865,617.3897228955883,0.0,9.777349784949376,608.4835576380439,0.0,1.1057717018692748,504.20542797850766,0.0,2.0951463824891516,538.202025115632,0.0,9.253563189327087,605.6845153947475
0.0,5.296064466847579,571.0304205840309,0.0,54.29921041284385,654.3305459518474,0.0,8.205989998082512,615.0483496365099,0.0,2.5025359568620424,506.2074567439973,0.0,2.3861389356126455,540.1109362641221,0.0,8.846173614954198,612.7614542867108
0.0,5.528858509346373,575.4535073915081,0.0,55.81237168908602,654.3305459518474,0.0,5.005071913724085,619.0524071674892,0.0,4.481285318101797,509.7924849984787,0.0,1.8623523399903572,541.6008181361144,0.0,8.380585529956607,619.4659227106761
0.0,5.354262977472277,579.7369177734859,0.0,55.695974667836616,654.3305459518474,0.0,3.841101701230112,622.1252885284732,0.0,6.98382127496384,515.3795420184498,0.0,1.4549627656174666,542.7647883486084,0.0,7.682203402460224,625.6116854326442
0.0,5.354262977472277,584.0203281554636,0.0,53.95001934909566,654.3305459518474,0.0,4.597682339351194,625.8034343999542,0.0,8.846173614954198,522.4564809104131,0.0,1.9787493612397546,544.3477878376002,0.0,6.751027232465045,631.0125072186163
0.0,4.364888296852399,587.5122387929456,0.0,50.98189530723602,654.3305459518474,0.0,5.9944465943439615,630.5989916754294,0.0,9.777349784949376,530.2783607383726,0.0,3.3755136162325226,547.0481987305863,0.0,7.042019785588539,636.6461230470871
0.0,2.8517270206102348,589.7936204094337,0.0,47.19899211663062,654.3305459518474,0.0,6.169042126218058,635.5342253764038,0.0,9.311761699951786,537.7277700983341,0.0,5.23786595622288,551.2384914955645,0.0,9.660952763699978,644.3748852580471
0.0,1.2803672337433705,590.8179141964284,0.0,42.60130977727942,654.3305459518474,0.0,5.761652551845168,640.14354741788,0.0,8.787975104329497,544.7581501817976,0.0,6.227240636842756,556.2202840050387,0.0,13.793047018053581,654.3305459518474
0.0,0.4655880849975893,591.1903846644265,0.0,38.17822296980233,654.3305459518474,0.0,4.655880849975893,643.8682520978607,0.0,8.438784040581305,551.5091774142627,0.0,8.32238701933191,562.8781936205042,0.0,18.448927868029475,654.3305459518474
0.0,0.349191063748192,591.469737515425,0.0,35.15190041731799,654.3305459518474,0.0,3.1427195737337277,646.3824277568477,0.0,8.089592976833115,557.9808517957292,0.0,12.105290209937321,572.5624257884541,0.0,21.940838505511394,654.3305459518474
0.0,0.8147791487457813,567.2845166641707,0.0,32.940357013579444,654.3305459518474,0.0,2.15334489311385,623.5357726499616,0.0,7.914997444959019,540.8958492406882,0.0,15.829994889918037,563.3924206783721,0.0,26.832692887827832,654.3305459518474
0.0,9.204903148227643,551.4894198123984,0.0,51.89920809540597,654.3305459518474,0.0,21.601363640273515,620.137136290235,0.0,21.044458994790425,536.9403082354786,0.0,18.947634002887867,557.34005468126,0.0,71.17899029037505,654.3305459518474
0.0,30.372118143950967,481.86153795634937,0.0,75.21508761397304,629.5456335658205,0.0,68.96462285476487,589.101759145,0.0,32.91713289121401,469.8574411266926,0.0,44.70166971699384,502.0417243982538,0.0,121.62995005781715,654.3305459518474
0.0,51.44333620891869,433.3048741652681,0.0,98.37995118100157,627.9255847468221,0.0,128.05739987425306,611.5476790444025,0.0,44.805526507861295,414.6629676345539,0.0,93.4538333263661,495.49555772461986,0.0,150.52034636597335,654.3305459518474
0.0,62.87700336153692,396.181877526805,0.0,173.4932160714907,654.3305459518474,0.0,194.27565337970347,654.3305459518474,0.0,61.03522884102543,375.6981964755794,0.0,126.84291328226122,516.9698883504288,0.0,183.13394647368193,654.3305459518474
0.0,65.55395712128801,361.73583464809303,0.0,192.93487583896686,654.3305459518474,0.0,199.73695263788494,654.3305459518474,0.0,71.46230071237174,347.16049718795114,0.0,137.44776017532337,546.9280964906875,0.0,203.11829204684582,654.3305459518474
0.0,66.00364775707683,327.73948240516984,0.0,168.3212307570193,654.3305459518474,0.0,181.98773004879516,654.3305459518474,0.0,61.90502701055415,309.0655241985053,0.0,129.4225469598134,570.4661340585382,0.0,184.98207997387692,654.3305459518474
0.0,67.43653182278712,295.17601422795695,0.0,139.08314426554327,654.3305459518474,0.0,140.17858753339914,654.3305459518474,0.0,46.315508294261704,255.38103249276696,0.0,75.18550451192411,545.6516385704623,0.0,165.32484676455402,654.3305459518474
0.0,64.91977702612971,260.09579125408663,0.0,98.58898791417975,652.9195338660271,0.0,75.3838573531188,629.7144033049663,0.0,28.243853711601012,183.62488620436798,0.0,34.88484290250016,480.53648147296246,0.0,91.48408924769643,645.8146351995438
0.0,56.952762321244435,217.04855357533108,0.0,54.58084222542715,607.5003760914542,0.0,21.562064339714265,551.2764676446806,0.0,11.592542964268636,95.21742916863661,0.0,11.642881614781484,392.1793630877439,0.0,40.57072088509847,586.3853560846422
0.0,55.055791050964935,261.09318641610304,0.0,50.10891764786555,647.5875102097466,0.0,0.0,551.2764676446806,0.0,12.396282763060816,105.13445537908527,0.0,7.333012338712031,398.04577295871354,0.0,35.79208403418968,615.019023311994
0.0,53.193438710974576,303.6479373848827,0.0,51.09829232848543,654.3305459518474,0.0,0.0,551.2764676446806,0.0,16.295582974915625,118.17092175901777,0.0,4.946873403099386,402.00327168119304,0.0,35.79208403418968,643.6526905393458
0.0,51.56388041348302,344.8990417156691,0.0,52.3786595622288,654.3305459518474,0.0,0.0,551.2764676446806,0.0,20.31128020801983,134.41994592543364,0.0,3.4337121268572206,404.75024138267884,0.0,37.770833395429435,654.3305459518474
0.0,50.45810871161374,385.2655286849601,0.0,53.36803424284868,654.3305459518474,0.0,0.5237865956222879,551.6954969211783,0.0,23.919587866751147,153.55561621883456,0.0,2.3279404249879465,406.6125937226692,0.0,41.495538075410145,654.3305459518474
0.0,49.75972658411735,425.07330995225396,0.0,53.95001934909566,654.3305459518474,0.0,2.793528509985536,553.9303197291667,0.0,26.072932759865,174.41396242672656,0.0,1.74595531874096,408.009357977662,0.0,45.51123530851436,654.3305459518474
0.0,48.71215339287278,464.0430326665522,0.0,54.706599987216734,654.3305459518474,0.0,5.645255530595771,558.4465241536434,0.0,28.168079142354156,196.94842574060988,0.0,1.5713597868668638,409.2664458071555,0.0,49.70152807349266,654.3305459518474
0.0,47.25719062725532,501.84878516835647,0.0,56.2779597740836,654.3305459518474,0.0,9.486357231825883,566.0356099391041,0.0,29.506644886722224,220.55374164998767,0.0,1.6295582974915626,410.57009244514876,0.0,51.56388041348302,654.3305459518474
0.0,46.61700701038363,539.1423907766634,0.0,57.26733445470348,654.3305459518474,0.0,12.745473826809006,576.2319890005514,0.0,30.437821056717404,244.9039984953616,0.0,2.269741914363248,412.3858859766394,0.0,52.029468498480604,654.3305459518474
0.0,45.45303679788965,575.5048202149751,0.0,57.441929986577584,654.3305459518474,0.0,15.306208294295748,588.476955635988,0.0,32.30017339670776,270.7441372127278,0.0,3.49191063748192,415.1794144866249,0.0,51.913071477231206,654.3305459518474
0.0,44.521860627894476,611.1223087172907,0.0,57.09273892282938,654.3305459518474,0.0,18.68172191052827,603.4223331644106,0.0,33.638739141075824,297.65512852558845,0.0,5.761652551845168,419.7887365281011,0.0,52.0876670091053,654.3305459518474
0.0,43.12509637290171,645.6223858156121,0.0,56.6271508378318,654.3305459518474,0.0,26.713116376736686,624.7928262657999,0.0,36.31587062981197,326.707825029438,0.0,9.544555742450582,427.42438112206156,0.0,52.7860491366017,654.3305459518474
0.0,42.019324671032436,654.3305459518474,0.0,56.33615828470831,654.3305459518474,0.0,37.130649778557746,654.3305459518474,0.0,42.89230233040291,361.02166689376037,0.0,15.073414251796954,439.48311252349913,0.0,53.95001934909566,654.3305459518474
0.0,41.37914105416075,654.3305459518474,0.0,56.2779597740836,654.3305459518474,0.0,43.299691904775806,654.3305459518474,0.0,44.46366211726978,396.59259658757617,0.0,19.321905527399956,454.9406369454191,0.0,54.99759254034023,654.3305459518474
0.0,40.91355296916316,654.3305459518474,0.0,55.579577646587225,654.3305459518474,0.0,47.897374244127,654.3305459518474,0.0,43.18329488352641,431.1392324943973,0.0,24.210580419874642,474.3091012813188,0.0,55.637776157211924,654.3305459518474
0.0,39.74958275666919,654.3305459518474,0.0,55.19894714239164,654.3305459518474,0.0,51.272887860359525,654.3305459518474,0.0,42.744465868706115,445.33480518936216,0.0,30.565257427920397,478.76130722365514,0.0,55.87057019971072,654.3305459518474
0.0,54.8877322277594,654.3305459518474,0.0,100.41990081372272,654.3305459518474,0.0,71.73386086847461,654.3305459518474,0.0,96.18094800764497,502.2795635954781,0.0,83.26237952939022,525.3712108471673,0.0,56.436835585734,654.3305459518474
0.0,77.003521723115,631.3340676749624,0.0,145.06672923891867,654.3305459518474,0.0,119.4274119366487,654.3305459518474,0.0,162.10034909986004,551.9598428753661,0.0,148.4188410038007,564.1062836502078,0.0,60.64134719050765,614.971893142355
0.0,123.51738285857141,650.1479739618195,0.0,198.04230366313,654.3305459518474,0.0,200.0554942256739,654.3305459518474,0.0,227.4974644768812,653.9578144568711,0.0,213.22293192462124,654.3305459518474,0.0,67.4097727526098,582.3816658949648
0.0,147.40270725300354,654.3305459518474,0.0,229.55967053849457,654.3305459518474,0.0,232.8893481454993,654.3305459518474,0.0,259.02101260294415,654.3305459518474,0.0,244.0166584827404,654.3305459518474,0.0,73.50339576755111,555.8850616625159
0.0,160.71780368466264,654.3305459518474,0.0,231.79647213198209,654.3305459518474,0.0,241.53902525765727,654.3305459518474,0.0,261.0925794050978,654.3305459518474,0.0,254.77252132734117,654.3305459518474,0.0,87.3469591651026,543.2320208276185
0.0,160.26325494961864,654.3305459518474,0.0,204.31855979904236,654.3305459518474,0.0,239.14970683220287,654.3305459518474,0.0,240.44597151515495,654.3305459518474,0.0,239.1452041909178,654.3305459518474,0.0,92.69972126214654,535.9317420897651
0.0,157.03557779508293,654.3305459518474,0.0,157.11735588604316,654.3305459518474,0.0,208.8215683590812,654.3305459518474,0.0,196.27895001475196,654.3305459518474,0.0,203.27866873892458,654.3305459518474,0.0,87.29662051458976,523.2283626043549
0.0,104.24881774254098,654.3305459518474,0.0,96.65457368173946,650.9851196335869,0.0,151.68714061033896,654.3305459518474,0.0,129.85934190725018,654.3305459518474,0.0,142.7545085341544,654.3305459518474,0.0,74.26783626578406,497.4961988701389
0.0,48.328698856805545,602.6592448086529,0.0,35.792261763174736,586.7773813967617,0.0,81.53178847290285,635.8623344247502,0.0,67.38787178168766,621.718417733535,0.0,73.21576043325443,627.5463063851018,0.0,57.65114444874082,455.14734331887973
0.0,26.014734249240302,623.4710322080452,0.0,21.009662335516218,603.5851112651746,0.0,52.90244615785109,654.3305459518474,0.0,47.14079360600592,654.3305459518474,0.0,42.60130977727942,654.3305459518474,0.0,56.219761263458906,500.12315232964687
0.0,26.596719355487288,644.7484076924351,0.0,18.623523399903572,618.4839299850975,0.0,51.44748339223362,654.3305459518474,0.0,47.48998466975411,654.3305459518474,0.0,46.50060998913423,654.3305459518474,0.0,55.40498211471312,544.4471380214173
0.0,25.083558079245122,654.3305459518474,0.0,15.829994889918037,631.1479258970319,0.0,49.06134445662097,654.3305459518474,0.0,44.23086807477098,654.3305459518474,0.0,48.82855041412218,654.3305459518474,0.0,54.706599987216734,588.2124180111907
0.0,22.98841169675597,654.3305459518474,0.0,12.803672337433706,641.3908637669789,0.0,45.56943381913906,654.3305459518474,0.0,42.717706798528816,654.3305459518474,0.0,49.75972658411735,654.3305459518474,0.0,53.89182083847097,631.3258746819675
0.0,20.77686829301742,654.3305459518474,0.0,10.650327444319855,649.9111257224348,0.0,38.76020807604931,654.3305459518474,0.0,43.18329488352641,654.3305459518474,0.0,48.71215339287278,654.3305459518474,0.0,53.01884317910048,654.3305459518474
0.0,16.64477403866382,654.3305459518474,0.0,9.719151274324677,654.3305459518474,0.0,32.41657041795716,654.3305459518474,0.0,43.06689786227701,654.3305459518474,0.0,47.315389137880004,654.3305459518474,0.0,53.01884317910048,654.3305459518474
0.0,14.025841060552379,654.3305459518474,0.0,9.486357231825883,654.3305459518474,0.0,28.284476163603546,654.3305459518474,0.0,44.17266956414628,654.3305459518474,0.0,45.91862488288725,654.3305459518474,0.0,53.83362232784627,654.3305459518474
0.0,12.978267869307802,654.3305459518474,0.0,9.13716616807769,654.3305459518474,0.0,26.48032233423789,654.3305459518474,0.0,45.45303679788965,654.3305459518474,0.0,44.92925020226737,654.3305459518474,0.0,54.00821785972036,654.3305459518474
0.0,12.396282763060816,654.3305459518474,0.0,7.565806381210827,654.3305459518474,0.0,24.617969994247535,654.3305459518474,0.0,47.08259509538122,654.3305459518474,0.0,44.46366211726978,654.3305459518474,0.0,53.83362232784627,654.3305459518474
0.0,13.96764254992768,654.3305459518474,0.0,6.343637658092154,654.3305459518474,0.0,21.824441484261996,654.3305459518474,0.0,50.39991020098904,654.3305459518474,0.0,44.40546360664508,654.3305459518474,0.0,54.18281339159446,654.3305459518474
0.0,17.2267591449108,654.3305459518474,0.0,6.285439147467455,654.3305459518474,0.0,18.157935314905984,654.3305459518474,0.0,52.727850625976984,654.3305459518474,0.0,44.34726509602038,654.3305459518474,0.0,54.47380594471795,654.3305459518474
0.0,20.602272761143325,654.3305459518474,0.0,6.634630211215648,654.3305459518474,0.0,15.71359786866864,654.3305459518474,0.0,54.124614880969766,654.3305459518474,0.0,43.88167701102279,654.3305459518474,0.0,52.727850625976984,654.3305459518474
0.0,23.279404249879466,654.3305459518474,0.0,7.565806381210827,654.3305459518474,0.0,14.084039571177078,654.3305459518474,0.0,54.99759254034023,654.3305459518474,0.0,43.88167701102279,654.3305459518474,0.0,49.81792509474205,654.3305459518474
0.0,23.163007228630068,654.3305459518474,0.0,8.380585529956607,654.3305459518474,0.0,15.539002336794544,654.3305459518474,0.0,55.579577646587225,654.3305459518474,0.0,44.05627254289689,654.3305459518474,0.0,47.25719062725532,654.3305459518474
0.0,22.98841169675597,652.3189576486034,0.0,8.438784040581305,637.7693299924287,0.0,19.650696500654348,648.9812424525018,0.0,59.50095655834923,654.3305459518474,0.0,43.4160889260252,654.3305459518474,0.0,46.26781594663544,654.3305459518474
0.0,64.63867840050159,654.3305459518474,0.0,26.397221091834354,638.8871068658962,0.0,88.62317921553105,654.3305459518474,0.0,122.89106262352497,654.3305459518474,0.0,71.23383158217293,654.3305459518474,0.0,55.01031049970724,654.3305459518474
0.0,134.88366848900984,654.3305459518474,0.0,70.57996231246106,609.4670691783572,0.0,167.2771925135866,654.3305459518474,0.0,169.48202147967152,654.3305459518474,0.0,104.478254566213,654.3305459518474,0.0,68.76741543602839,623.0979613878758
0.0,197.0388878716999,654.3305459518474,0.0,135.0569408694406,637.5126218739097,0.0,192.370466791342,654.3305459518474,0.0,156.60425318240436,654.3305459518474,0.0,139.69356705138097,654.3305459518474,0.0,88.65744268785008,611.7554040757259
0.0,236.39097498149152,654.3305459518474,0.0,218.96621845335613,654.3305459518474,0.0,165.85985043911498,654.3305459518474,0.0,154.72300163234854,654.3305459518474,0.0,175.30372888053986,654.3305459518474,0.0,130.68048003567944,636.2997881042694
0.0,237.46680812334174,654.3305459518474,0.0,221.28161864796212,654.3305459518474,0.0,97.3183368789467,651.648882830794,0.0,153.63612914054474,654.3305459518474,0.0,176.31200277122514,654.3305459518474,0.0,167.4010939369777,654.3305459518474
0.0,221.3046650413425,654.3305459518474,0.0,196.68219240580996,654.3305459518474,0.0,57.10731322059485,608.7561960513889,0.0,154.50760591948688,654.3305459518474,0.0,149.31539824350676,654.3305459518474,0.0,160.7947236763677,654.3305459518474
0.0,186.02011469559625,654.3305459518474,0.0,151.37795976309025,654.3305459518474,0.0,47.181949244963626,555.9381452963526,0.0,113.3528658607579,654.3305459518474,0.0,128.3652575700585,654.3305459518474,0.0,154.4589458783874,654.3305459518474
0.0,112.68106507445374,654.3305459518474,0.0,97.60650540019857,651.937051352046,0.0,47.55622076947571,503.4943660658283,0.0,64.70923941252317,619.0397853643706,0.0,90.37531578497047,644.7058617368178,0.0,69.81048598598792,624.1410319378354
0.0,52.88672643762739,607.2172723894748,0.0,35.48422633838425,587.4212776904302,0.0,45.49551558829066,448.9898816541189,0.0,32.00918084358427,551.0489662079549,0.0,40.52524033384078,585.2311020706586,0.0,25.113496639264174,549.2545285770996
0.0,52.96064466847578,649.5857881242555,0.0,6.110843615593359,592.3099525829049,0.0,50.167116158490245,489.1235745809111,0.0,27.00410892986018,572.652253351843,0.0,28.575468716727045,608.0914770440403,0.0,18.972714463651766,564.432700148021
0.0,51.85487296660651,654.3305459518474,0.0,8.438784040581305,599.0609798153699,0.0,51.389284881608916,530.2350024861983,0.0,33.638739141075824,599.5632446647037,0.0,30.437821056717404,632.4417338894142,0.0,17.634148719283694,578.540019123448
0.0,50.22531466911495,654.3305459518474,0.0,10.359334891196362,607.3484477283271,0.0,52.3786595622288,572.1379301359813,0.0,30.96160765233969,624.3325307865755,0.0,30.6706150992162,654.3305459518474,0.0,19.55469956989875,594.183778779367
0.0,50.690902754112535,654.3305459518474,0.0,11.174114039942143,616.2877389602808,0.0,53.36803424284868,614.8323575302602,0.0,28.168079142354156,646.8669941004588,0.0,30.612416588591497,654.3305459518474,0.0,24.559771483622836,613.8315959662652
0.0,51.272887860359525,654.3305459518474,0.0,11.639702124939733,625.5995006602326,0.0,53.48443126409807,654.3305459518474,0.0,28.982858291099934,654.3305459518474,0.0,28.400873184852944,654.3305459518474,0.0,29.041056801724633,637.064441407645
0.0,52.3204610516041,654.3305459518474,0.0,11.988893188687923,635.190615211183,0.0,53.077041689725185,654.3305459518474,0.0,27.586094036107163,654.3305459518474,0.0,26.713116376736686,654.3305459518474,0.0,31.89278382233487,654.3305459518474
0.0,53.48443126409807,654.3305459518474,0.0,11.232312550566842,644.1764652516364,0.0,51.214689349734826,654.3305459518474,0.0,28.168079142354156,654.3305459518474,0.0,26.596719355487288,654.3305459518474,0.0,33.46414360920173,654.3305459518474
0.0,53.83362232784627,654.3305459518474,0.0,10.533930423070458,652.6036095900928,0.0,48.24656530787519,654.3305459518474,0.0,28.168079142354156,654.3305459518474,0.0,25.25815361111922,654.3305459518474,0.0,30.728813609840895,654.3305459518474
0.0,54.29921041284385,654.3305459518474,0.0,10.88312148681865,654.3305459518474,0.0,45.685830840388455,654.3305459518474,0.0,33.98793020482402,654.3305459518474,0.0,22.406426590508985,654.3305459518474,0.0,26.48032233423789,654.3305459518474
0.0,54.29921041284385,654.3305459518474,0.0,11.174114039942143,654.3305459518474,0.0,40.85535445853846,654.3305459518474,0.0,42.775905309153515,654.3305459518474,0.0,19.90389063364694,654.3305459518474,0.0,22.348228079884287,654.3305459518474
0.0,53.89182083847097,654.3305459518474,0.0,11.81429765681383,654.3305459518474,0.0,34.802709353569796,654.3305459518474,0.0,48.24656530787519,654.3305459518474,0.0,13.676649996804183,654.3305459518474,0.0,19.089111484901164,654.3305459518474
0.0,53.83362232784627,654.3305459518474,0.0,12.221687231186719,654.3305459518474,0.0,29.44844637609752,654.3305459518474,0.0,50.80729977536193,654.3305459518474,0.0,12.687275316184309,654.3305459518474,0.0,17.86694276178249,654.3305459518474
0.0,53.42623275347337,654.3305459518474,0.0,12.396282763060816,654.3305459518474,0.0,22.98841169675597,654.3305459518474,0.0,53.65902679597217,654.3305459518474,0.0,15.888193400542736,654.3305459518474,0.0,16.87756808116261,654.3305459518474
0.0,53.135240200349884,654.3305459518474,0.0,12.978267869307802,654.3305459518474,0.0,16.353781485540324,654.3305459518474,0.0,55.172188072214325,654.3305459518474,0.0,19.380104038024655,654.3305459518474,0.0,15.539002336794544,654.3305459518474
0.0,53.42623275347337,654.3305459518474,0.0,15.1662316927108,644.4967776445582,0.0,11.34870957181624,640.6792555236636,0.0,56.103364242209516,654.3305459518474,0.0,21.591647441763204,650.9221933936107,0.0,14.142238081801773,643.4727840336492
0.0,60.186798455463666,654.3305459518474,0.0,64.72531459071699,654.3305459518474,0.0,19.252845395806713,634.9321009194704,0.0,80.06260686749002,654.3305459518474,0.0,45.30237630432122,654.3305459518474,0.0,17.06638245283206,635.5391664864812
0.0,77.85424295359323,632.1847889054407,0.0,100.2237597688966,654.3305459518474,0.0,41.19085986944648,576.1229607889169,0.0,138.08891148566823,654.3305459518474,0.0,75.4433790151868,629.7739249670342,0.0,26.999606288575137,562.5387727750564
0.0,87.845665299961,620.0304542054016,0.0,118.12867867979503,654.3305459518474,0.0,58.19136168052704,534.3143224694439,0.0,202.89150152606038,654.3305459518474,0.0,84.76785867450559,614.5417836415397,0.0,36.01419418470499,498.55296695976136
0.0,113.69719882525092,630.9882132656023,0.0,151.79303146858996,654.3305459518474,0.0,79.65274871921561,513.9670711886596,0.0,234.86023764662718,654.3305459518474,0.0,76.46737262609582,591.0091562676355,0.0,40.28476416021519,438.8377311199765
0.0,141.77449459407475,654.3305459518474,0.0,163.13087941943763,654.3305459518474,0.0,98.0311155752235,511.9981867638831,0.0,241.28733200509302,654.3305459518474,0.0,63.69814148996622,554.7072977576017,0.0,42.57340528464389,381.41113640462044
0.0,152.7506112507923,654.3305459518474,0.0,127.56319638067974,654.3305459518474,0.0,66.9510768342509,478.949263598134,0.0,211.75825296049348,654.3305459518474,0.0,68.9691254960499,523.6764232536516,0.0,37.35275992907305,318.7638963336935
0.0,141.15638967711027,654.3305459518474,0.0,99.28772549964626,653.6182714514937,0.0,53.469244730829544,432.4185083289635,0.0,143.48415237311315,654.3305459518474,0.0,72.02538660855328,495.70180986220487,0.0,28.020420409642416,246.7843167433359
0.0,98.05433969758893,652.3848856494363,0.0,80.19675767634664,633.8150291278403,0.0,45.21273835324912,377.63124668221263,0.0,93.52553976084593,647.8560857126934,0.0,67.27032933798003,462.97213920018487,0.0,18.738419540724625,165.5227362840605
0.0,49.60102850145202,601.9859141508883,0.0,39.001039707645006,572.8160688354852,0.0,33.272327476675585,310.9035741588882,0.0,59.268162515850435,607.1242482285438,0.0,40.298805271025486,403.2709444712103,0.0,13.618451486179488,79.14118777023998
0.0,39.516788714170396,633.5993451222247,0.0,29.15745382297403,596.1420318938644,0.0,33.638739141075824,337.8145654717489,0.0,54.59020296596734,650.7964106013177,0.0,25.956535738615603,424.0361730621028,0.0,13.211061911806597,89.71003729968525
0.0,38.469215522925815,654.3305459518474,0.0,29.85583595047041,620.0267006542408,0.0,38.64381105479991,368.72961431558883,0.0,54.00821785972036,654.3305459518474,0.0,25.432749142993313,444.38237237649747,0.0,11.697900635564432,99.0683578081368
0.0,35.67568701294028,654.3305459518474,0.0,28.750064248601138,643.0267520531218,0.0,41.14634701166195,401.6466919249184,0.0,54.18281339159446,654.3305459518474,0.0,25.72374169611681,464.96136573339095,0.0,10.708525954944554,107.63517857209244
0.0,31.834585311710175,654.3305459518474,0.0,26.422123823613195,654.3305459518474,0.0,39.2257961610469,433.02732885375593,0.0,54.532004455342644,654.3305459518474,0.0,24.443374462373438,484.5160653032897,0.0,11.75609914618913,117.04005788904375
0.0,29.27385084422343,654.3305459518474,0.0,24.501572972998137,654.3305459518474,0.0,36.665061693560155,462.3593782086041,0.0,54.41560743409325,654.3305459518474,0.0,23.803190845501753,503.55861797969106,0.0,15.364406804920447,129.3315833329801
0.0,24.501572972998137,654.3305459518474,0.0,22.98841169675597,654.3305459518474,0.0,35.15190041731799,490.4808985424585,0.0,54.06641637034505,654.3305459518474,0.0,22.522823611758383,521.5768768690978,0.0,20.835066803642118,145.9996367758938
0.0,21.126059356765616,654.3305459518474,0.0,20.718669782392723,654.3305459518474,0.0,34.104327226073416,517.7643603233172,0.0,54.00821785972036,654.3305459518474,0.0,18.856317442402368,536.6619308230197,0.0,25.19995510049452,166.15960085628942
0.0,21.009662335516218,654.3305459518474,0.0,17.2267591449108,654.3305459518474,0.0,34.104327226073416,545.0478221041759,0.0,54.35740892346856,654.3305459518474,0.0,14.957017230547557,548.6275446074577,0.0,26.305726802363797,187.20418229818046
0.0,22.581022122383082,654.3305459518474,0.0,17.75054574053309,654.3305459518474,0.0,34.33712126857221,572.5175191190336,0.0,54.18281339159446,654.3305459518474,0.0,11.290511061191541,557.6599534564109,0.0,26.713116376736686,208.5746753995698
0.0,23.163007228630068,654.3305459518474,0.0,15.829994889918037,654.3305459518474,0.0,33.69693765170052,599.4750692403941,0.0,53.01884317910048,654.3305459518474,0.0,9.544555742450582,565.2955980503714,0.0,22.75561765425718,226.77916952297554
0.0,21.824441484261996,654.3305459518474,0.0,14.142238081801773,654.3305459518474,0.0,33.23134956670293,626.0601488937564,0.0,51.796674455981815,654.3305459518474,0.0,8.147791487457813,571.8138312403377,0.0,20.07848616552104,242.84195845539236
0.0,19.20550850615056,654.3305459518474,0.0,12.396282763060816,654.3305459518474,0.0,31.136203184213784,650.9691114411274,0.0,49.17774147787037,654.3305459518474,0.0,8.147791487457813,578.332064430304,0.0,20.136684676145737,258.95130619630896
0.0,18.099736804281285,654.3305459518474,0.0,11.406908082440939,654.3305459518474,0.0,30.787012120465597,654.3305459518474,0.0,47.37358764850471,654.3305459518474,0.0,8.380585529956607,585.0365328542692,0.0,23.163007228630068,277.481711979213
0.0,17.459553187409597,654.3305459518474,0.0,11.057717018692745,654.3305459518474,0.0,32.125577864833666,654.3305459518474,0.0,45.74402935101315,654.3305459518474,0.0,9.893746806198772,592.9515302992282,0.0,24.908962547371026,297.4088820171098
0.0,16.64477403866382,645.9753199905113,0.0,11.174114039942143,640.5046599917896,0.0,33.40594509857703,654.3305459518474,0.0,43.939875521647494,654.3305459518474,0.0,15.70891749839854,583.6604477976268,0.0,24.035984888000545,296.44486690511036
0.0,44.062986980550505,654.3305459518474,0.0,35.602124240062,648.9863593838392,0.0,64.06755491522314,654.3305459518474,0.0,50.95999433631388,654.3305459518474,0.0,86.10960390871541,632.5481309245991,0.0,31.913361641813722,301.97555621856134
0.0,91.31770903390431,645.6482549857517,0.0,68.15602495671752,617.1423843405566,0.0,120.42182244550878,654.3305459518474,0.0,60.9749962630172,615.3055422148645,0.0,146.80367927508956,654.3305459518474,0.0,51.012189325225194,252.98774554378653
0.0,145.73720687377954,654.3305459518474,0.0,107.35877472438403,623.0294041200639,0.0,154.1522336050402,654.3305459518474,0.0,66.49131454198164,581.7968567568462,0.0,175.7996109835266,654.3305459518474,0.0,74.53728330595551,227.52502884974206
0.0,177.60058532305052,654.3305459518474,0.0,125.64750362931983,643.5474070235198,0.0,155.87611022387398,654.3305459518474,0.0,86.97586713043226,568.7727238872784,0.0,105.48070266416998,654.3305459518474,0.0,85.24280750004337,212.76783634978543
0.0,166.90610047891624,654.3305459518474,0.0,137.8426095193143,654.3305459518474,0.0,143.83670065568816,654.3305459518474,0.0,113.83717542683587,579.8424642287471,0.0,81.29334636666078,635.6238923185082,0.0,87.82562066743732,200.59345701722276
0.0,122.9860918608074,654.3305459518474,0.0,121.14096012146909,654.3305459518474,0.0,115.52193047409544,654.3305459518474,0.0,124.47346176034543,599.4212336370234,0.0,112.28206854714787,645.4495471562265,0.0,93.4929548979403,194.08641191516307
0.0,77.48368410587805,631.8142300577255,0.0,92.55091710697656,646.881463058824,0.0,88.55358589698264,642.8841318488301,0.0,114.48203941397765,611.0068651682055,0.0,89.0651877201931,634.5147348764195,0.0,68.50971866175075,162.59613057691382
0.0,49.73049894003854,581.544728997764,0.0,53.37174691964559,600.2532099784696,0.0,67.31395355083927,610.1980853996694,0.0,93.00175316522363,604.0086183334291,0.0,55.60519129430629,590.1199261707259,0.0,39.068776687794966,101.66490726470879
0.0,15.391343604082804,496.9360726018468,0.0,19.859910962817597,520.1131209412872,0.0,50.3716502503834,560.5697356500527,0.0,64.57058596238151,568.5792042958107,0.0,31.58607154898767,521.7059977197135,0.0,19.29046608695256,20.95537335166135
0.0,0.698382127496384,497.4947783038439,0.0,17.92514127240719,534.453233959213,0.0,46.50060998913423,597.7702236413601,0.0,55.754173178461315,613.1825428385797,0.0,36.95605424668366,551.2708411170605,0.0,17.692347229908396,35.10925113558807
0.0,0.2909925531234933,497.72757234634264,0.0,18.448927868029475,549.2123762536365,0.0,47.02439658475652,635.3897409091653,0.0,55.40498211471312,654.3305459518474,0.0,42.07752318165713,584.9328596623862,0.0,17.459553187409597,49.07689368551574
0.0,0.05819851062469866,497.7741311548424,0.0,18.27433233615538,563.8318421225608,0.0,45.685830840388455,654.3305459518474,0.0,55.46318062533782,654.3305459518474,0.0,45.74402935101315,621.5280831431968,0.0,18.68172191052827,64.02227121393835
0.0,0.0,497.7741311548424,0.0,18.914515953027067,578.9634548849825,0.0,45.51123530851436,654.3305459518474,0.0,55.40498211471312,654.3305459518474,0.0,45.220242755390856,654.3305459518474,0.0,21.067860846140917,80.87655989085108
0.0,0.05819851062469866,497.82068996334215,0.0,19.61289808052345,594.6537733494013,0.0,46.09322041476134,654.3305459518474,0.0,55.34678360408843,654.3305459518474,0.0,47.37358764850471,654.3305459518474,0.0,23.686793824252355,99.82599495025298
0.0,0.9311761699951786,498.5656308993383,0.0,17.75054574053309,608.8542099418278,0.0,46.55880849975893,654.3305459518474,0.0,55.579577646587225,654.3305459518474,0.0,49.87612360536675,654.3305459518474,0.0,25.72374169611681,120.40498830714643
0.0,3.259116594983125,501.1729241753248,0.0,13.56025297555479,619.7024123222716,0.0,46.61700701038363,654.3305459518474,0.0,55.754173178461315,654.3305459518474,0.0,51.214689349734826,654.3305459518474,0.0,27.29510148298367,142.24106949353336
0.0,3.1427195737337277,503.68709983431177,0.0,9.544555742450582,627.3380569162321,0.0,45.97682339351194,654.3305459518474,0.0,55.98696722096011,654.3305459518474,0.0,52.14586551973,654.3305459518474,0.0,28.400873184852944,164.96176804141572
0.0,1.6877568081162613,505.0373052808048,0.0,7.914997444959019,633.6700548721993,0.0,44.17266956414628,654.3305459518474,0.0,55.87057019971072,654.3305459518474,0.0,52.727850625976984,654.3305459518474,0.0,27.993483610480055,187.35655492979976
0.0,1.396764254992768,506.154716684799,0.0,7.216615317462634,639.4433471261694,0.0,41.495538075410145,654.3305459518474,0.0,55.34678360408843,654.3305459518474,0.0,53.42623275347337,654.3305459518474,0.0,26.1893297811144,208.30801875469126
0.0,2.735329999360837,508.3429806842877,0.0,6.692828721840346,644.7976101036418,0.0,38.934803607923406,654.3305459518474,0.0,55.113989561589634,654.3305459518474,0.0,55.695974667836616,654.3305459518474,0.0,25.72374169611681,228.8870121115847
0.0,5.470659998721674,512.7195086832651,0.0,6.343637658092154,649.8725202301155,0.0,36.432267651061366,654.3305459518474,0.0,54.76479849784145,654.3305459518474,0.0,55.98696722096011,654.3305459518474,0.0,26.072932759865,249.7453583194767
0.0,8.496982551206004,519.5170947242299,0.0,6.401836168716853,654.3305459518474,0.0,33.69693765170052,654.3305459518474,0.0,54.29921041284385,654.3305459518474,0.0,53.89182083847097,654.3305459518474,0.0,26.247528291739094,270.743380952868
0.0,9.719151274324677,527.2924157436896,0.0,6.227240636842756,654.3305459518474,0.0,30.321424035468006,654.3305459518474,0.0,53.36803424284868,654.3305459518474,0.0,47.48998466975411,654.3305459518474,0.0,25.84013871736621,291.415491926761
0.0,9.163925238254992,511.4563409819446,0.0,5.753792691733318,635.0843386435807,0.0,29.059956011790078,654.3305459518474,0.0,52.0876670091053,654.3305459518474,0.0,37.36344382105654,654.3305459518474,0.0,24.501572972998137,290.9170648997591
0.0,30.67883041729816,515.9994053157832,0.0,38.61440568173604,645.9758631889696,0.0,84.34625026033734,654.3305459518474,0.0,88.17913664348549,654.3305459518474,0.0,23.729272614653354,653.0598185665008,0.0,30.357721575170558,295.2032421598956
0.0,42.2369321802627,458.23633749604585,0.0,67.48758138924018,613.4634445782098,0.0,139.6435838588382,654.3305459518474,0.0,125.73660839343675,654.3305459518474,0.0,42.1392566400937,595.1990752065944,0.0,42.15965673058749,237.36289889048308
0.0,64.98972580264824,423.2260632986941,0.0,76.29613431304854,589.7595788912583,0.0,178.61989856368942,654.3305459518474,0.0,151.76273745060075,654.3305459518474,0.0,67.42452477936034,562.6235999859548,0.0,55.04060451769641,192.4035034081795
0.0,78.98430515173827,402.2103684504324,0.0,86.30327637964001,576.0628552708984,0.0,197.0660023998473,654.3305459518474,0.0,174.5469705134337,654.3305459518474,0.0,79.00302663281867,541.6266266187735,0.0,74.67107865684201,167.0745820650215
0.0,63.83361545026611,366.0439839006985,0.0,98.87433240355998,574.9371876744583,0.0,184.2496121030466,654.3305459518474,0.0,180.17968581364752,654.3305459518474,0.0,95.74097357036646,537.3676001891399,0.0,82.03252867514476,149.10711074016626
0.0,63.75969721941772,329.8036811201162,0.0,86.24507786901532,561.1822655434736,0.0,108.17523248254324,654.3305459518474,0.0,175.38214975267329,654.3305459518474,0.0,78.23090400345895,515.5985041925989,0.0,71.47802043259544,120.5851311727617
0.0,60.45492234419184,290.25860346430807,0.0,72.37475540128652,533.5570209447601,0.0,56.305429760201136,610.6359757120485,0.0,124.86513161449463,654.3305459518474,0.0,77.18015132237261,492.77865551497143,0.0,52.9643573452727,73.54948851803441
0.0,34.59552895879008,224.85413242309815,0.0,41.67066679423941,475.2276877389995,0.0,27.727926976090572,538.3639026881391,0.0,80.941943506544,635.2724894583914,0.0,70.88985407565,463.66850959062145,0.0,28.023599899484168,1.5730884175185764
0.0,8.484442320824057,133.3385747439222,0.0,8.34446571923911,383.57215345823863,0.0,8.6715780830801,447.0354807712192,0.0,57.50648747688578,592.7789769352772,0.0,25.69247998465447,389.36098957527594,86.63619350600314,11.79071807647828,0.0
0.0,8.555181061830703,140.18271959338676,0.0,5.179667445598181,387.7158874147172,0.0,5.063270424348783,451.08609711069823,0.0,52.7860491366017,635.0078162445586,0.0,17.110362123661407,403.04927927420505,0.0,12.396282763060816,9.917026210448654
0.0,8.6715780830801,147.11998205985086,0.0,5.412461488096976,392.0458566051948,0.0,2.2115434037385495,452.8553318336891,0.0,52.7860491366017,654.3305459518474,0.0,26.1311312704897,423.9541842905968,0.0,13.56025297555479,20.765228590892484
0.0,11.115915529317444,156.01271448330482,0.0,5.354262977472277,396.3292669871726,0.0,1.5131612762421651,454.0658608546828,0.0,52.96064466847578,654.3305459518474,0.0,34.97730488544389,451.93602819895193,0.0,13.211061911806597,31.334078120337765
0.0,14.433230634925268,167.55929899124504,0.0,5.878049573094565,401.0317066456483,0.0,1.3385657443680692,455.13671345017724,0.0,53.42623275347337,654.3305459518474,0.0,39.74958275666919,483.7356944042873,0.0,12.978267869307802,41.71669241578401
0.0,14.491429145549967,179.15244230768502,0.0,6.460034679341552,406.19973438912155,0.0,0.5819851062469866,455.60230153517483,0.0,54.00821785972036,654.3305459518474,0.0,40.273369352291475,515.9543898861205,0.0,11.406908082440939,50.84221888173676
0.0,13.909444039302981,190.2799975391274,0.0,6.867424253714441,411.6936737920931,0.0,0.40738957437289064,455.92821319467316,0.0,54.59020296596734,654.3305459518474,0.0,40.85535445853846,548.6386734529513,0.0,9.078967657452992,58.105393007699156
0.0,13.211061911806597,200.8488470685727,0.0,7.449409359961429,417.6532012800622,0.0,0.5819851062469866,456.39380127967075,0.0,54.93939402971553,654.3305459518474,0.0,42.65950828790412,582.7662800832745,0.0,6.751027232465045,63.50621479367119
0.0,12.221687231186719,210.62619685352206,0.0,8.380585529956607,424.3576697040275,0.0,1.2803672337433705,457.41809506666544,0.0,55.579577646587225,654.3305459518474,0.0,44.75465467039327,618.5700038195891,0.0,4.655880849975893,67.23091947365191
0.0,10.708525954944554,219.1930176174777,0.0,8.787975104329497,431.3880497874911,0.0,1.1057717018692748,458.3027124281609,0.0,56.33615828470831,654.3305459518474,0.0,46.67520552100833,654.3305459518474,0.0,4.248491275603002,70.62971249413431
0.0,9.369960210576485,226.68898578593888,0.0,8.496982551206004,438.18563582845593,0.0,0.40738957437289064,458.6286240876592,0.0,56.80174636970589,654.3305459518474,0.0,47.606381691003506,654.3305459518474,0.0,5.179667445598181,74.77344645061285
0.0,8.26418850870721,233.30033659290464,0.0,8.147791487457813,444.70386901842215,0.0,0.05819851062469866,458.67518289615896,0.0,57.034540412204684,654.3305459518474,0.0,50.167116158490245,654.3305459518474,0.0,6.285439147467455,79.80179776858682
0.0,7.565806381210827,239.3529816978733,0.0,8.555181061830703,451.5480138678867,0.0,0.05819851062469866,458.7217417046587,0.0,57.26733445470348,654.3305459518474,0.0,52.2622625409794,654.3305459518474,0.0,7.333012338712031,85.66820763955644
0.0,7.333012338712031,245.21939156884292,0.0,9.253563189327087,458.95086441934836,0.0,0.23279404249879465,458.9079769386577,0.0,57.26733445470348,654.3305459518474,0.0,52.3786595622288,654.3305459518474,0.0,8.147791487457813,92.1864408295227
0.0,7.85679893433432,251.50483071631038,0.0,9.893746806198772,466.86586186430736,0.0,1.1639702124939733,459.8391531086529,0.0,57.034540412204684,654.3305459518474,0.0,51.09829232848543,654.3305459518474,0.0,10.01014382744817,100.19455589148123
0.0,9.078967657452992,235.5837983737634,0.0,9.078967657452992,450.94482952176037,0.0,4.888674892474688,439.7278280011276,0.0,56.6271508378318,654.3305459518474,0.0,51.315366650760524,654.3305459518474,0.0,11.581503614315034,86.77605950579627
0.0,62.84256216023283,265.8578481019496,0.0,32.53332289717667,456.9714878395017,0.0,31.076681522145797,444.5891732188442,0.0,71.86279812010595,654.3305459518474,0.0,96.73917580457135,654.3305459518474,0.0,32.41374638608552,92.70705661466468
0.0,137.15526674177153,295.5820614953669,0.0,75.8006076680319,432.7720955075336,0.0,63.45262948810041,408.0418027069446,0.0,111.61609355357207,654.3305459518474,0.0,143.09416112837738,654.3305459518474,0.0,55.863421255539095,48.570477870203774
0.0,195.86423376722243,372.2734485091448,0.0,110.78312611070105,441.39859639609443,0.0,82.03535270701639,390.077155413961,0.0,178.45881095567046,654.3305459518474,0.0,189.40348817194064,654.3305459518474,0.0,80.1986140147451,28.769091884948878
0.0,220.66183512158423,468.8029166064122,0.0,119.72379577598251,457.17763301688046,0.0,89.08991272298688,379.1670681369479,0.0,199.64492516145924,654.3305459518474,0.0,223.5916275563578,654.3305459518474,0.0,96.32295867661345,25.09205056156233
0.0,223.3814454007214,567.5080729269894,0.0,104.93015699837038,461.12175861557677,0.0,84.11142215045504,363.2784902874029,0.0,201.07630834674114,654.3305459518474,0.0,220.8845575076026,654.3305459518474,0.0,98.65875896171325,23.750809523275578
0.0,200.67899042884872,648.0512652700684,0.0,83.30203428791958,444.42379290349635,0.0,75.74955810157883,339.02804838898174,0.0,166.31872408645893,654.3305459518474,0.0,209.0307828212445,654.3305459518474,0.0,85.62361573322403,9.374425256499606
0.0,166.14165998068333,654.3305459518474,0.0,80.22219359508064,424.645986498577,0.0,71.49470784629231,310.5227562352741,0.0,109.99121562635061,654.3305459518474,0.0,192.66578425676548,654.3305459518474,20.31002364297059,70.3155511005298,0.0
0.0,84.01145576536956,638.3420017172169,0.0,48.57906895792651,373.22505545650347,0.0,62.45336087998517,272.9761171152592,0.0,85.57424477618434,639.9047907280317,0.0,136.11652110411197,654.3305459518474,47.026281914187095,52.973718085812905,0.0
0.0,15.485661925425,553.8276636426419,0.0,14.14709618105693,287.37215163756036,0.0,57.67472402907638,230.6508411443356,0.0,61.905994704027336,601.810785432059,0.0,68.72175715578564,623.0523031076331,76.62609969979329,23.37390030020672,0.0
0.0,10.126540848697566,561.9288963216,0.0,4.888674892474688,291.2830915515401,0.0,57.32553296532818,276.51126751659814,0.0,56.103364242209516,646.6934768258266,0.0,41.37914105416075,654.3305459518474,0.0,12.745473826809006,10.196379061447205
0.0,18.041538293656586,576.3621269565252,0.0,4.830476381849989,295.1474726570201,0.0,54.82299700846614,320.3696651233711,0.0,55.98696722096011,654.3305459518474,0.0,39.3421931822963,654.3305459518474,0.0,12.279885741811418,20.02028765489634
0.0,25.31635212174392,596.6152086539204,0.0,4.597682339351194,298.8256185285011,0.0,50.865498285986625,361.0620637521604,0.0,55.87057019971072,654.3305459518474,0.0,40.273369352291475,654.3305459518474,0.0,15.24800978367105,32.21869548183318
0.0,26.1311312704897,617.5201136703122,0.0,4.3066897862277,302.27097035748324,0.0,44.81285318101797,396.91234629697476,0.0,55.579577646587225,654.3305459518474,0.0,39.57498722479509,654.3305459518474,0.0,17.168560634286106,45.953543989262066
0.0,22.29002956925959,635.3521373257198,0.0,4.364888296852399,305.76288099496514,0.0,46.09322041476134,433.7869226287838,0.0,55.52137913596252,654.3305459518474,0.0,40.33156786291617,654.3305459518474,0.0,19.96208914427164,61.92321530467938
0.0,18.099736804281285,649.8319267691448,0.0,4.946873403099386,309.72037971744464,0.0,37.30524531043184,463.6311188771293,0.0,55.579577646587225,654.3305459518474,0.0,38.87660509729871,654.3305459518474,0.0,22.98841169675597,80.31394466208415
0.0,18.914515953027067,654.3305459518474,0.0,5.9944465943439615,314.5159369929198,0.0,16.295582974915625,476.66758525706183,0.0,55.637776157211924,654.3305459518474,0.0,37.770833395429435,654.3305459518474,0.0,26.363925312988492,101.40508491247495
0.0,24.210580419874642,654.3305459518474,0.0,6.692828721840346,319.8701999703921,0.0,13.96764254992768,487.84169929700397,0.0,55.92876871033541,654.3305459518474,0.0,38.52741403355052,654.3305459518474,0.0,30.437821056717404,125.75534175784887
0.0,27.818888078605962,654.3305459518474,0.0,5.645255530595771,324.3864043948687,0.0,24.26877893049934,507.25672244140344,0.0,56.2779597740836,654.3305459518474,0.0,36.432267651061366,654.3305459518474,0.0,32.125577864833666,151.4558040497158
0.0,31.36899722671258,654.3305459518474,0.0,4.772277871225291,328.20422669184893,0.0,37.07245126793305,536.9146834557499,0.0,56.394356795333,654.3305459518474,0.0,34.162525736698115,654.3305459518474,0.0,33.92973169419932,178.59958940507525
0.0,35.61748850231558,654.3305459518474,0.0,4.132094254353605,331.5099020953318,0.0,51.56388041348302,578.1657877865364,0.0,56.56895232720709,654.3305459518474,0.0,33.40594509857703,654.3305459518474,0.0,33.114952545453534,205.09155144143807
0.0,35.966679566063775,654.3305459518474,0.0,3.317315105607824,334.16375417981806,0.0,54.00821785972036,621.3723620743127,0.0,56.56895232720709,654.3305459518474,0.0,33.638739141075824,654.3305459518474,0.0,32.59116594983125,231.16448420130308
0.0,35.966679566063775,654.3305459518474,0.0,2.6771314887361384,336.30545937080694,0.0,55.113989561589634,654.3305459518474,0.0,56.510753816582394,654.3305459518474,0.0,33.522342119826426,654.3305459518474,0.0,31.36899722671258,256.25968198267316
0.0,34.4535182898216,654.3305459518474,0.0,2.15334489311385,338.02813528529805,0.0,57.32553296532818,654.3305459518474,0.0,56.510753816582394,654.3305459518474,0.0,33.75513616232522,654.3305459518474,0.0,30.437821056717404,280.60993882804706
0.0,33.23134956670293,654.3305459518474,0.0,4.251670765444754,317.2798060507428,0.0,56.918143390955294,654.3305459518474,0.0,56.394356795333,654.3305459518474,0.0,37.075630757774796,654.3305459518474,0.0,27.86922672911881,282.9053202113421
0.0,37.923527956381385,654.3305459518474,0.0,70.52026292140802,353.69601638786924,0.0,49.87612360536675,654.3305459518474,0.0,80.97020345714965,654.3305459518474,0.0,103.80981099873566,654.3305459518474,0.0,69.55729185299533,318.55115369373834
0.0,50.94763183491699,605.2781777867644,0.0,146.27221054834047,390.7137848265416,0.0,38.49129422283302,592.8218401746805,0.0,134.90053363169173,654.3305459518474,0.0,170.86960272310918,654.3305459518474,0.0,131.4971155228237,343.7488461119973
0.0,75.13180864258445,580.4099864293489,0.0,197.2972955619177,468.55162127607576,0.0,42.115677059758156,534.9375172344386,0.0,135.35040199646562,654.3305459518474,0.0,220.24773110955778,654.3305459518474,0.0,189.99518947669793,415.74499769335563
0.0,145.49469663277043,616.8057437355652,0.0,220.507817409189,564.957875203427,0.0,87.72044072512656,522.6579579595651,0.0,122.77934597254567,654.3305459518474,0.0,247.91277920475352,654.3305459518474,0.0,216.55446587002442,508.9885703893752
0.0,233.00274340589203,654.3305459518474,0.0,223.12207001703038,654.3305459518474,0.0,123.15282753256965,541.1802199856209,0.0,158.11891533907487,654.3305459518474,0.0,252.04805294894885,654.3305459518474,0.0,216.1706558759871,601.9250950901649
0.0,236.87528454756955,654.3305459518474,0.0,205.8809143033391,654.3305459518474,0.0,135.65782518575304,569.7064801342233,0.0,170.18976434770812,654.3305459518474,0.0,236.82812538689842,654.3305459518474,0.0,190.9735248073642,654.3305459518474
0.0,194.87732766050402,654.3305459518474,0.0,167.93495218908043,654.3305459518474,0.0,109.23534590416975,577.0947568575591,0.0,152.498740269243,654.3305459518474,0.0,193.9871294004815,654.3305459518474,0.0,163.34777601272768,654.3305459518474
0.0,138.18958878669392,654.3305459518474,0.0,106.15400433090247,654.3305459518474,0.0,63.59764191792557,540.6923987754847,0.0,100.6085374564071,654.3305459518474,0.0,101.5634709357229,654.3305459518474,0.0,101.9491372681587,654.3305459518474
0.0,79.34850501976993,633.6790509716174,0.0,34.13312036363424,588.4636663154816,0.0,13.197020800996302,453.889419576481,0.0,65.84309333601304,620.1736392878604,0.0,47.62846039091071,601.9590063427581,0.0,39.848936906251595,594.1794828580989
0.0,53.54262977472277,654.3305459518474,0.0,0.05819851062469866,588.5102251239814,0.0,8.205989998082512,460.454211574947,0.0,56.103364242209516,654.3305459518474,0.0,42.717706798528816,636.1331717815812,0.0,22.348228079884287,612.0580653220063
0.0,50.39991020098904,654.3305459518474,0.0,0.0,588.5102251239814,0.0,10.242937869946964,468.6485618709046,0.0,55.579577646587225,654.3305459518474,0.0,42.193920202906526,654.3305459518474,0.0,21.126059356765616,628.9589128074188
0.0,46.84980105288243,654.3305459518474,0.0,0.0,588.5102251239814,0.0,12.047091699312622,478.2862352303547,0.0,54.99759254034023,654.3305459518474,0.0,39.1093991397975,654.3305459518474,0.0,19.321905527399956,644.4164372293387
0.0,43.5324859472746,654.3305459518474,0.0,0.0,588.5102251239814,0.0,15.18981127304635,490.43808424879177,0.0,54.29921041284385,654.3305459518474,0.0,32.940357013579444,654.3305459518474,0.0,18.216133825530683,654.3305459518474
0.0,40.447964884165565,654.3305459518474,0.0,0.174595531874096,588.6499015494807,0.0,17.2849576555355,504.2660503732202,0.0,53.89182083847097,654.3305459518474,0.0,30.321424035468006,654.3305459518474,0.0,19.089111484901164,654.3305459518474
0.0,39.3421931822963,654.3305459518474,0.0,1.4549627656174666,589.8138717619746,0.0,19.845692123022243,520.142604071638,0.0,53.135240200349884,654.3305459518474,0.0,29.85583595047041,654.3305459518474,0.0,20.95146382489152,654.3305459518474
0.0,39.57498722479509,654.3305459518474,0.0,2.9099255312349332,592.1418121869625,0.0,18.565324889278873,534.994863983061,0.0,53.30983573222398,654.3305459518474,0.0,28.750064248601138,654.3305459518474,0.0,22.057235526760792,654.3305459518474
0.0,37.65443637418004,654.3305459518474,0.0,3.899300211854811,595.2612523564463,0.0,17.110362123661407,548.6831536819901,0.0,53.42623275347337,654.3305459518474,0.0,24.559771483622836,654.3305459518474,0.0,21.184257867390315,654.3305459518474
0.0,34.51171680044631,654.3305459518474,0.0,4.714079360600592,599.0325158449268,0.0,17.80874425115779,562.9301490829164,0.0,52.3204610516041,654.3305459518474,0.0,21.184257867390315,654.3305459518474,0.0,20.25308169739513,654.3305459518474
0.0,26.422123823613195,654.3305459518474,0.0,5.296064466847579,603.2693674184048,0.0,19.438302548649354,578.4807911218359,0.0,51.68027743473242,654.3305459518474,0.0,18.041538293656586,654.3305459518474,0.0,21.184257867390315,654.3305459518474
0.0,19.089111484901164,654.3305459518474,0.0,5.528858509346373,607.692454225882,0.0,23.279404249879466,597.1043145217394,0.0,51.04009381786073,654.3305459518474,0.0,16.17918595366623,654.3305459518474,0.0,24.967161057995725,654.3305459518474
0.0,18.914515953027067,654.3305459518474,0.0,5.9944465943439615,612.4880115013572,0.0,27.29510148298367,618.9403957081264,0.0,51.50568190285831,654.3305459518474,0.0,14.258635103051171,654.3305459518474,0.0,26.713116376736686,654.3305459518474
0.0,19.26370701677526,654.3305459518474,0.0,6.169042126218058,617.4232452023316,0.0,25.14175658986982,639.0538009800223,0.0,52.553255094102894,654.3305459518474,0.0,12.105290209937321,654.3305459518474,0.0,24.676168504872233,654.3305459518474
0.0,18.448927868029475,654.3305459518474,0.0,5.587057019971072,621.8928908183085,0.0,20.31128020801983,654.3305459518474,0.0,53.775423817221565,654.3305459518474,0.0,9.893746806198772,654.3305459518474,0.0,20.835066803642118,654.3305459518474
0.0,19.848871612863995,649.1794175647113,0.0,4.655880849975893,601.5487716682844,0.0,12.803672337433706,642.1342182892811,0.0,55.34678360408843,654.3305459518474,0.0,10.261837080012416,639.5923830318599,0.0,18.126495874458584,647.457041826306
0.0,84.65464114309795,654.3305459518474,0.0,34.902241232137264,609.4705646539942,0.0,36.62143748070092,651.4313682738418,0.0,84.04218428987673,654.3305459518474,0.0,68.13244537638197,654.3305459518474,0.0,69.5307105118031,654.3305459518474
0.0,154.10693078276756,654.3305459518474,0.0,87.42008743146289,596.8906520854571,0.0,77.13449304212986,628.5658613159717,0.0,107.89288975401969,654.3305459518474,0.0,132.98855355712877,654.3305459518474,0.0,135.91101931874564,654.3305459518474
0.0,203.27902419689468,654.3305459518474,0.0,139.78691767924997,628.7201862288571,0.0,105.85347330825371,633.2486399625747,0.0,173.55273773355867,654.3305459518474,0.0,178.37774378065046,654.3305459518474,0.0,181.7500779070412,654.3305459518474
0.0,225.6747668954202,654.3305459518474,0.0,177.61648277225927,654.3305459518474,0.0,118.63206518492353,648.1542921105134,0.0,181.919282152705,654.3305459518474,0.0,206.15300764639716,654.3305459518474,0.0,209.3050879606711,654.3305459518474
0.0,225.537969783677,654.3305459518474,0.0,185.81629151964333,654.3305459518474,0.0,53.05717478618656,601.2114668967,0.0,182.76868023173992,654.3305459518474,0.0,208.39448961015478,654.3305459518474,0.0,213.4435411947082,654.3305459518474
0.0,204.0247432140472,654.3305459518474,0.0,168.97466552021316,654.3305459518474,0.0,40.59465592340413,541.8061228201042,0.0,120.18867294503988,654.3305459518474,0.0,187.790360510613,654.3305459518474,0.0,193.68412980393126,654.3305459518474
0.0,162.79608492446982,654.3305459518474,0.0,138.35553449396804,654.3305459518474,0.0,37.28352206849476,479.08964488859897,0.0,137.59656433049332,654.3305459518474,0.0,143.70043673090012,654.3305459518474,0.0,153.4951848454866,654.3305459518474
0.0,101.60816152249247,654.3305459518474,0.0,89.08744414908534,643.4179901009327,0.0,48.14156309454951,427.23120798314847,0.0,90.66745376055218,644.9979997123996,0.0,68.60757193090481,622.9381178827522,0.0,84.7240567326613,639.0546026845087
0.0,31.802000448804538,586.1325464006519,0.0,27.30649629090739,570.7244863918401,0.0,37.833890005309286,365.06509798845775,0.0,58.698717639985404,603.696717352385,0.0,12.004790637896681,534.9429085206489,0.0,15.99222792039524,555.046830604904
0.0,1.3385657443680692,587.2033989961463,0.0,0.05819851062469866,570.7710452003398,0.0,37.247046799807144,394.8627354283035,0.0,57.67472402907638,649.8364965756462,0.0,0.8147791487457813,535.5947318396455,0.0,0.9893746806198773,555.8383303493999
0.0,7.507607870586128,593.2094852926152,0.0,0.05819851062469866,570.8176040088396,0.0,43.64888296852399,429.7818418031227,0.0,57.67472402907638,654.3305459518474,0.0,2.5025359568620424,537.5967606051352,0.0,3.550109148106618,558.6784176678852
0.0,16.062788932416833,606.0597164385487,0.0,0.0,570.8176040088396,0.0,47.7227787122529,467.960064772925,0.0,57.67472402907638,654.3305459518474,0.0,5.23786595622288,541.7870533701134,0.0,9.253563189327087,566.081268219347
0.0,20.660471271768024,622.5880934559631,0.0,0.0,570.8176040088396,0.0,48.82855041412218,507.0229051042228,0.0,57.558327007826975,654.3305459518474,0.0,8.729776593704798,548.7708746450772,0.0,16.64477403866382,579.397087450278
0.0,18.099736804281285,637.0678828993881,0.0,0.05819851062469866,570.8641628173393,0.0,48.421160839749284,545.7598337760222,0.0,57.441929986577584,654.3305459518474,0.0,10.592128933695157,557.2445777920334,0.0,20.835066803642118,596.0651408931917
0.0,16.120987443041532,649.9646728538213,0.0,0.174595531874096,571.0038392428386,0.0,45.103845734141466,581.8429103633354,0.0,57.26733445470348,654.3305459518474,0.0,9.311761699951786,564.6939871519949,0.0,21.126059356765616,612.9659883786042
0.0,13.443855954305391,654.3305459518474,0.0,0.8147791487457813,571.6556625618352,0.0,44.81285318101797,617.6931929081497,0.0,57.034540412204684,654.3305459518474,0.0,6.92562276433914,570.2344853634662,0.0,22.98841169675597,631.3567177360089
0.0,11.174114039942143,654.3305459518474,0.0,2.560734467486741,573.7042501358246,0.0,44.638257649143874,653.4037990274649,0.0,56.80174636970589,654.3305459518474,0.0,4.655880849975893,573.9591900434469,0.0,27.00410892986018,652.960004879897
0.0,10.999518508068046,654.3305459518474,0.0,3.7829031906054134,576.7305726883089,0.0,45.685830840388455,654.3305459518474,0.0,56.918143390955294,654.3305459518474,0.0,2.3861389356126455,575.8681011919371,0.0,35.966679566063775,654.3305459518474
0.0,13.56025297555479,654.3305459518474,0.0,4.830476381849989,580.5949537937889,0.0,48.82855041412218,654.3305459518474,0.0,57.32553296532818,654.3305459518474,0.0,1.1639702124939733,576.7992773619322,0.0,37.47984084230594,654.3305459518474
0.0,14.607826166799367,654.3305459518474,0.0,6.692828721840346,585.9492167712613,0.0,51.62207892410771,654.3305459518474,0.0,57.558327007826975,654.3305459518474,0.0,1.3385657443680692,577.8701299574267,0.0,45.220242755390856,654.3305459518474
0.0,17.110362123661407,654.3305459518474,0.0,7.274813828087333,591.7690678337311,0.0,52.553255094102894,654.3305459518474,0.0,57.67472402907638,654.3305459518474,0.0,2.735329999360837,580.0583939569153,0.0,48.82855041412218,654.3305459518474
0.0,22.406426590508985,654.3305459518474,0.0,7.158416806837935,597.4958012792015,0.0,51.73847594535711,654.3305459518474,0.0,57.616525518451674,654.3305459518474,0.0,3.9574987224795093,583.2243929348989,0.0,50.98189530723602,654.3305459518474
0.0,27.17870446173428,654.3305459518474,0.0,6.751027232465045,602.8966230651736,0.0,50.39991020098904,654.3305459518474,0.0,57.32553296532818,654.3305459518474,0.0,3.899300211854811,586.3438331043827,0.0,52.96064466847578,654.3305459518474
0.0,22.464625101133684,651.7951710529811,0.0,7.042019785588539,584.9386428507621,0.0,48.53755786099868,654.3305459518474,0.0,56.80174636970589,654.3305459518474,0.0,4.531623968614646,565.8754570729974,0.0,56.219761263458906,654.3305459518474
0.0,45.43131355595257,654.3305459518474,0.0,26.02445044775061,585.7582032089626,0.0,51.11251116828078,654.3305459518474,0.0,84.43385414402593,654.3305459518474,0.0,35.934094703158145,574.622732835524,0.0,58.63265926924885,654.3305459518474
0.0,136.01619926105639,654.3305459518474,0.0,40.55385574241654,526.3120589513792,0.0,64.21839313777664,618.548939089624,0.0,124.76127482362718,654.3305459518474,0.0,65.16432133452233,539.7870541700463,0.0,65.96735021737429,620.2978961692216
0.0,153.36589213588513,654.3305459518474,0.0,51.061204824294755,477.37326377567393,0.0,80.24523998846102,598.794179078085,0.0,152.18416813578395,654.3305459518474,0.0,78.70903231883848,518.4960864888848,0.0,69.48919941487526,589.787095584097
0.0,108.4059924576585,654.3305459518474,0.0,97.87391837298651,475.24718214866044,0.0,104.18876289351783,602.1451893928993,0.0,161.4001106339652,654.3305459518474,0.0,81.29652585650253,499.7926123453873,0.0,72.73577577947643,562.5228713635734
0.0,77.06004162432629,631.3905875761736,0.0,132.34051008014524,501.11959021277664,0.0,108.54111095998829,608.9780781608899,0.0,173.23030573998778,654.3305459518474,0.0,64.5209582278089,464.3135705731962,0.0,77.62294979152277,540.1458211550961
0.0,60.26089441529712,591.6514819914707,0.0,128.73688279168402,524.1090964461239,0.0,113.1183932088457,619.4727927279665,0.0,160.08512446993268,654.3305459518474,0.0,43.80043210701772,408.11400268021396,0.0,90.41108013771785,530.5569012928139
0.0,54.46612381359115,546.1176058050619,0.0,117.63968874344698,538.2208474408815,0.0,106.09041453406743,624.3451243552205,0.0,144.3681693824372,654.3305459518474,0.0,31.93879756054773,340.0528002407617,0.0,91.82674360277605,522.3836448955899
0.0,54.6107807854462,500.7283865905081,0.0,94.98757242208713,533.2084198629686,0.0,83.02772914849297,607.3728535037135,0.0,101.51145367579664,654.3305459518474,0.0,19.111367913793423,259.1641681545551,0.0,83.4098605331169,505.7935054287068
0.0,48.421160839749284,449.14954743025737,0.0,27.10514168885599,460.31356155182465,0.0,54.4455459941123,561.8183994978258,0.0,60.30319547671307,614.6337414285605,0.0,3.1269998535100285,162.29116800806514,0.0,64.22925475874517,470.022760187452
0.0,51.389284881608916,490.2609753355445,0.0,0.7565806381210826,460.9188260623215,0.0,51.913071477231206,603.3488566796108,0.0,52.4368580728535,654.3305459518474,0.0,5.121468934973482,166.38834315604393,0.0,54.00821785972036,513.2293344752283
0.0,50.57450573286314,530.720579921835,0.0,0.11639702124939733,461.011943679321,0.0,52.66965211535229,645.4845783718927,0.0,51.56388041348302,654.3305459518474,0.0,8.846173614954198,173.46528204800728,0.0,53.077041689725185,555.6909678270084
0.0,47.25719062725532,568.5263324236392,0.0,0.0,461.011943679321,0.0,52.727850625976984,654.3305459518474,0.0,50.34171169036434,654.3305459518474,0.0,11.290511061191541,182.4976908969605,0.0,52.96064466847578,598.0594835617891
0.0,46.55880849975893,605.7733792234463,0.0,0.0,461.011943679321,0.0,52.66965211535229,654.3305459518474,0.0,48.65395488224808,654.3305459518474,0.0,12.978267869307802,192.88030519240675,0.0,53.30983573222398,640.7073521475683
0.0,40.85535445853846,638.4576627902771,0.0,0.0,461.011943679321,0.0,52.3786595622288,654.3305459518474,0.0,45.91862488288725,654.3305459518474,0.0,13.211061911806597,203.44915472185204,0.0,54.59020296596734,654.3305459518474
0.0,30.321424035468006,654.3305459518474,0.0,0.05819851062469866,461.05850248782076,0.0,51.796674455981815,654.3305459518474,0.0,42.310317224155924,654.3305459518474,0.0,13.269260422431296,214.06456305979708,0.0,55.98696722096011,654.3305459518474
0.0,18.565324889278873,654.3305459518474,0.0,0.5819851062469866,461.52409057281835,0.0,51.44748339223362,654.3305459518474,0.0,38.294619991051725,654.3305459518474,0.0,12.105290209937321,223.74879522774694,0.0,57.15093743345409,654.3305459518474
0.0,11.174114039942143,654.3305459518474,0.0,1.2803672337433705,462.54838435981304,0.0,51.04009381786073,654.3305459518474,0.0,35.03550339606859,654.3305459518474,0.0,10.708525954944554,232.31561599170257,0.0,57.32553296532818,654.3305459518474
0.0,9.893746806198772,654.3305459518474,0.0,1.4549627656174666,463.712354572307,0.0,50.45810871161374,654.3305459518474,0.0,31.42719573733728,654.3305459518474,0.0,9.428158721201184,239.85814296866351,0.0,56.918143390955294,654.3305459518474
0.0,11.232312550566842,654.3305459518474,0.0,1.1639702124939733,464.6435307423022,0.0,49.81792509474205,654.3305459518474,0.0,27.41149850423307,654.3305459518474,0.0,8.438784040581305,246.60917020112856,0.0,56.7435478590812,654.3305459518474
0.0,10.301136380571663,654.3305459518474,0.0,0.7565806381210826,465.248795252799,0.0,49.17774147787037,654.3305459518474,0.0,24.152381909249943,654.3305459518474,0.0,7.914997444959019,252.94116815709577,0.0,56.7435478590812,654.3305459518474
0.0,10.01014382744817,654.3305459518474,0.0,0.5237865956222879,465.66782452929687,0.0,48.77035190349748,654.3305459518474,0.0,22.11543403738549,654.3305459518474,0.0,8.438784040581305,259.6921953895608,0.0,56.80174636970589,654.3305459518474
0.0,9.428158721201184,654.3305459518474,0.0,0.87297765937048,466.3662066567932,0.0,47.7227787122529,654.3305459518474,0.0,20.893265314266817,654.3305459518474,0.0,9.719151274324677,267.46751640902056,0.0,57.441929986577584,654.3305459518474
0.0,9.253563189327087,654.3305459518474,0.0,2.3861389356126455,468.27511780528334,0.0,45.860426372262545,654.3305459518474,0.0,20.25308169739513,654.3305459518474,0.0,11.988893188687923,277.0586309599709,0.0,57.616525518451674,654.3305459518474
0.0,10.700666094832703,640.0312120466801,0.0,5.587057019971072,448.86217482525444,0.0,43.4160889260252,654.3305459518474,0.0,19.72929510177285,649.0598410536203,0.0,13.618451486179488,265.6770824461504,0.0,57.558327007826975,654.3305459518474
0.0,66.42729023862861,654.3305459518474,0.0,30.908444969955205,453.5889308012186,0.0,49.8967014248456,654.3305459518474,0.0,35.573686560471295,654.3305459518474,0.0,64.51610012855373,297.2899625489934,0.0,81.95957813776953,654.3305459518474
0.0,132.076098868214,654.3305459518474,0.0,80.68778168007823,434.27671248129684,0.0,67.83155889576311,622.1621048476105,0.0,64.33046524672605,618.6610111985734,0.0,128.34821469839153,319.96853430770665,0.0,131.27014727305323,654.3305459518474
0.0,183.08846592242426,654.3305459518474,0.0,138.2138792829697,464.8478159076726,0.0,76.06598657343633,598.2280914210469,0.0,96.53667578006173,615.1976869786351,0.0,166.53483071526085,373.19639887991536,0.0,197.3059453865177,654.3305459518474
0.0,224.1172704903786,654.3305459518474,0.0,178.87477130609545,527.9476329525489,0.0,93.88126753326267,592.1093589543095,0.0,100.97080193749241,615.974328528629,0.0,184.3611510250408,440.685319699948,0.0,234.21219416964368,654.3305459518474
0.0,252.1897081599472,654.3305459518474,0.0,200.97166159138555,608.7249622256574,0.0,88.12111586184585,580.2304748161554,0.0,85.90189032698052,601.8762188556095,0.0,168.8534103997086,495.7680480197149,0.0,241.63970255868296,654.3305459518474
0.0,233.84746111465682,654.3305459518474,0.0,197.6354472757123,654.3305459518474,0.0,85.08693344924967,565.317408265405,0.0,64.77397463181643,566.6501934874259,0.0,125.14261624376299,515.8821410147253,0.0,219.479933392498,654.3305459518474
0.0,191.50667214352666,654.3305459518474,0.0,159.0996401950948,654.3305459518474,0.0,61.665696259386806,526.9831045247918,0.0,40.317704481090935,506.9678979685168,0.0,48.51301058718996,464.3951516019153,0.0,182.87571651244912,654.3305459518474
0.0,129.2208368997919,654.3305459518474,0.0,97.31083247680498,651.6413784286524,0.0,43.12377322145842,470.1068777462502,0.0,27.016826889227183,433.984724857744,0.0,10.532429542642111,374.9275811445574,0.0,126.64102549325463,654.3305459518474
0.0,63.8519814733764,618.1825274252238,0.0,26.954125737317444,578.5955041659698,0.0,24.17914097942725,394.2860187256774,0.0,17.983339783031887,351.9680646407759,0.0,8.380585529956607,283.308166674514,0.0,64.78615940422827,619.1167053560757
0.0,39.57498722479509,649.84251720506,0.0,3.317315105607824,581.2493562504561,0.0,20.893265314266817,411.00063097709085,0.0,19.089111484901164,367.23935382869684,0.0,10.359334891196362,291.59563458747107,0.0,49.17774147787037,654.3305459518474
0.0,39.516788714170396,654.3305459518474,0.0,4.597682339351194,584.9275021219371,0.0,18.332530846780077,425.6666556545149,0.0,18.623523399903572,382.1381725486197,0.0,13.152863401181898,302.1179253084166,0.0,46.907999563507126,654.3305459518474
0.0,38.35281850167642,654.3305459518474,0.0,5.528858509346373,589.3505889294142,0.0,19.089111484901164,440.93794484243585,0.0,17.110362123661407,395.8264622475488,0.0,16.353781485540324,315.20095049684886,0.0,43.823478500398096,654.3305459518474
0.0,35.79208403418968,654.3305459518474,0.0,5.470659998721674,593.7271169283916,0.0,18.157935314905984,455.46429309436064,0.0,15.18981127304635,407.9783112659859,0.0,18.157935314905984,329.72729874877365,0.0,41.96112616040774,654.3305459518474
0.0,30.437821056717404,654.3305459518474,0.0,4.423086807477099,597.2655863743734,0.0,17.459553187409597,469.43193564428833,0.0,13.152863401181898,418.50060198693143,0.0,20.136684676145737,345.8366464896902,0.0,40.56436190541496,654.3305459518474
0.0,25.72374169611681,654.3305459518474,0.0,3.608307658731317,600.1522325013584,0.0,16.004590421792134,482.235607981722,0.0,11.697900635564432,427.85892249538296,0.0,24.443374462373438,365.39134605958895,0.0,36.490466161686065,654.3305459518474
0.0,24.035984888000545,654.3305459518474,0.0,3.6665061693560155,603.0854374368432,0.0,15.480803826169845,494.6202510426579,0.0,10.708525954944554,436.4257432593386,0.0,28.808262759225837,388.43795626696965,0.0,30.03043148234451,654.3305459518474
0.0,22.98841169675597,654.3305459518474,0.0,4.888674892474688,606.996377350823,0.0,15.073414251796954,506.6789824440955,0.0,10.301136380571663,444.66665236379595,0.0,32.823959992330046,414.6971242608337,0.0,20.95146382489152,654.3305459518474
0.0,24.26877893049934,654.3305459518474,0.0,7.216615317462634,612.7696696047931,0.0,13.676649996804183,517.6203024415388,0.0,10.417533401821059,453.0006790852528,0.0,36.95605424668366,444.2619676581806,0.0,16.062788932416833,654.3305459518474
0.0,24.443374462373438,654.3305459518474,0.0,10.47573191244576,621.1502551347497,0.0,13.56025297555479,528.4685048219826,0.0,10.242937869946964,461.19502938121036,0.0,39.1675976504222,475.5960457785184,0.0,18.623523399903572,654.3305459518474
0.0,23.395801271128864,654.3305459518474,0.0,13.734848507428882,632.1381339406928,0.0,12.687275316184309,538.61832507493,0.0,9.60275425307528,468.8772327836706,0.0,39.1093991397975,506.8835650903564,0.0,19.20550850615056,654.3305459518474
0.0,23.51219829237826,654.3305459518474,0.0,15.131612762421653,644.2434241506301,0.0,10.301136380571663,546.8592341793874,0.0,8.496982551206004,475.6748188246354,0.0,38.35281850167642,537.5658198916975,0.0,16.411979996165023,654.3305459518474
0.0,22.872014675506573,654.3305459518474,0.0,15.422605315545146,654.3305459518474,0.0,9.428158721201184,554.4017611563484,0.0,6.692828721840346,481.02908180210767,0.0,41.37914105416075,570.6691327350261,0.0,8.26418850870721,654.3305459518474
0.0,21.358853399264408,654.3305459518474,0.0,15.364406804920447,654.3305459518474,0.0,8.904372125578895,561.5252588568114,0.0,5.296064466847579,485.26593337558575,0.0,43.5324859472746,605.4951214928458,0.0,3.9574987224795093,654.3305459518474
0.0,23.453999781753563,652.7845457336009,0.0,16.28772311480378,645.6182690666511,0.0,7.798600423709622,544.3238592805211,0.0,4.597682339351194,464.86361571493694,0.0,45.39483828726496,621.8109921226578,0.0,2.15334489311385,631.4838908449613
0.0,60.868315440278124,654.3305459518474,0.0,58.58135292526283,654.3305459518474,0.0,38.88649902479408,555.4330585003563,0.0,16.703150278273572,456.56676599321054,0.0,58.29618616486766,648.447941054552,0.0,7.874197263971423,614.3580881089326
0.0,119.39014670347296,654.3305459518474,0.0,119.07725317942733,654.3305459518474,0.0,87.48296631235769,542.916024812714,0.0,43.99392684895726,400.5606928421678,0.0,115.58948972526034,654.3305459518474,0.0,13.893902048064339,528.251990156997
0.0,164.496204233983,654.3305459518474,0.0,156.42551046721533,654.3305459518474,0.0,136.52612247485345,572.1369227925968,0.0,79.10070217298767,379.66139501515545,0.0,179.8493939599648,654.3305459518474,0.0,28.10555571942947,456.35754587642646
0.0,203.09806968533707,654.3305459518474,0.0,159.92846045465083,654.3305459518474,0.0,160.4775052400221,620.5189269846145,0.0,118.1445761290038,394.17705591835846,0.0,220.72418081552385,654.3305459518474,0.0,41.642406843633765,397.9999527200602
0.0,207.70361188480015,654.3305459518474,0.0,142.77376320219,654.3305459518474,0.0,156.0905382432625,654.3305459518474,0.0,133.7640334053153,421.1882826426107,0.0,227.61686325898728,654.3305459518474,0.0,60.13249035062095,358.1324430706812
0.0,200.61893557982552,654.3305459518474,0.0,137.96518779126214,654.3305459518474,0.0,139.39992819537088,654.3305459518474,0.0,129.17889129634605,444.53139567968753,0.0,206.97811522915634,654.3305459518474,0.0,44.94718171885964,303.07962478954084
0.0,169.5735157691421,654.3305459518474,0.0,117.89420602788286,654.3305459518474,0.0,111.49572707799281,654.3305459518474,0.0,80.57774363851235,425.1091393181999,0.0,161.6974621667722,654.3305459518474,0.0,26.007229847098564,229.0868546366394
0.0,110.18038545599016,654.3305459518474,0.0,74.10931591210377,628.4398618639511,0.0,64.25990423470446,618.5904501865518,0.0,26.015089707210414,351.1242290254103,0.0,119.88045979126434,654.3305459518474,0.0,7.284352297612587,136.37120693425197
0.0,45.14032100282907,599.4708669546765,0.0,42.89866131008641,571.3385231740375,0.0,14.70082133669827,533.2912715232501,0.0,2.1376251728901514,253.26185419830043,0.0,69.31310300257282,623.6436489544202,0.0,0.0,36.37120693425197
0.0,23.10480871800537,617.9547139290808,0.0,40.85535445853846,604.0228067408683,0.0,1.0475731912445758,534.1293300762458,0.0,3.550109148106618,256.1019415167857,0.0,50.34171169036434,654.3305459518474,0.0,0.0,36.37120693425197
0.0,20.893265314266817,634.6693261804942,0.0,39.80778126729388,635.8690317547034,0.0,0.9311761699951786,534.8742710122419,0.0,7.85679893433432,262.38738066425316,0.0,46.55880849975893,654.3305459518474,0.0,0.0,36.37120693425197
0.0,17.75054574053309,648.8697627729207,0.0,36.31587062981197,654.3305459518474,0.0,0.6401836168716852,535.3864179057393,0.0,13.56025297555479,273.23558304469697,0.0,40.15697233104208,654.3305459518474,0.0,0.0,36.37120693425197
0.0,19.55469956989875,654.3305459518474,0.0,33.638739141075824,654.3305459518474,0.0,0.349191063748192,535.6657707567379,0.0,18.099736804281285,287.715372488122,0.0,35.442892970441484,654.3305459518474,0.0,0.0,36.37120693425197
0.0,22.057235526760792,654.3305459518474,0.0,32.47476892858185,654.3305459518474,0.0,0.174595531874096,535.8054471822371,0.0,18.73992042115297,302.7073088250444,0.0,31.834585311710175,654.3305459518474,0.0,0.0,36.37120693425197
0.0,23.453999781753563,654.3305459518474,0.0,33.75513616232522,654.3305459518474,0.0,0.05819851062469866,535.8520059907369,0.0,19.321905527399956,318.16483324696435,0.0,29.797637439845715,654.3305459518474,0.0,0.0,36.37120693425197
0.0,22.057235526760792,654.3305459518474,0.0,34.33712126857221,654.3305459518474,0.0,0.0,535.8520059907369,0.0,18.041538293656586,332.59806388188963,0.0,30.3796225460927,654.3305459518474,0.0,0.0,36.37120693425197
0.0,21.358853399264408,654.3305459518474,0.0,28.400873184852944,654.3305459518474,0.0,0.0,535.8520059907369,0.0,15.655399358043942,345.1223833683248,0.0,30.14682850359391,654.3305459518474,0.0,0.05819851062469866,36.41776574275173
0.0,22.17363254801019,654.3305459518474,0.0,28.284476163603546,654.3305459518474,0.0,0.174595531874096,535.9916824162361,0.0,11.290511061191541,354.15479221727804,0.0,29.15745382297403,654.3305459518474,0.0,0.174595531874096,36.55744216825101
0.0,22.464625101133684,654.3305459518474,0.0,25.25815361111922,654.3305459518474,0.0,0.40738957437289064,536.3175940757344,0.0,7.449409359961429,360.11431970524717,0.0,30.903409141714988,654.3305459518474,0.0,0.40738957437289064,36.88335382774932
0.0,21.882639994886695,654.3305459518474,0.0,18.448927868029475,654.3305459518474,0.0,0.6401836168716852,536.8297409692318,0.0,5.179667445598181,364.25805366172574,0.0,32.998555524204136,654.3305459518474,0.0,0.698382127496384,37.44205952974642
0.0,20.544074250518626,654.3305459518474,0.0,20.835066803642118,654.3305459518474,0.0,0.87297765937048,537.5281230967282,0.0,4.423086807477099,367.7965231077074,0.0,34.744510842945104,654.3305459518474,0.0,1.1639702124939733,38.3732356997416
0.0,18.914515953027067,654.3305459518474,0.0,40.21517084166677,654.3305459518474,0.0,1.1639702124939733,538.4592992667234,0.0,5.645255530595771,372.312727532184,0.0,35.55928999169088,654.3305459518474,0.0,2.3861389356126455,40.28214684823172
0.0,16.237384464290926,654.3305459518474,0.0,49.35233700974447,654.3305459518474,0.0,1.74595531874096,539.8560635217161,0.0,8.496982551206004,379.1103135731488,0.0,36.490466161686065,654.3305459518474,0.0,4.655880849975893,44.00685152821244
0.0,14.824900489074459,644.1554464409219,0.0,50.92369679661133,654.3305459518474,0.0,2.269741914363248,517.1258054360794,0.0,11.34870957181624,365.45902314496504,0.0,38.76020807604931,654.3305459518474,0.0,6.867424253714441,25.874275781926876
0.0,64.7520736608943,654.3305459518474,0.0,68.02169641887585,654.3305459518474,0.0,31.399291244701747,522.2452384318408,0.0,18.013278343050935,358.472301488016,0.0,56.19953890195016,654.3305459518474,0.0,22.53404069069704,23.408316472623916
0.0,137.85046937942616,654.3305459518474,0.0,100.60703657597877,654.3305459518474,0.0,69.54660796101186,491.7918463928527,0.0,28.292513752700458,286.7648152407165,0.0,96.30988525927631,650.6404312111238,37.28993506809727,39.30174845927881,0.0
0.0,186.47837610743716,654.3305459518474,0.0,149.01786898171468,654.3305459518474,0.0,101.84881542510311,493.27089873293517,0.0,43.94341046945935,230.70822571017584,0.0,161.8626969581061,654.3305459518474,45.43902467811147,54.56097532188853,0.0
0.0,210.3872800822048,654.3305459518474,0.0,231.58540133142037,654.3305459518474,0.0,125.68380116902236,513.817939668153,0.0,61.51803752667507,192.2262632368509,0.0,209.26207598331493,654.3305459518474,21.75037451546065,78.24962548453935,0.0
0.0,211.403413833002,654.3305459518474,0.0,250.5756918536943,654.3305459518474,0.0,134.6669496247048,541.5514993679169,0.0,71.74693428581173,163.97319752266264,0.0,208.33875967343158,654.3305459518474,18.168825926906635,81.83117407309336,0.0
0.0,191.83431769432283,654.3305459518474,0.0,233.74510520421777,654.3305459518474,0.0,125.45100712652356,561.9123050691358,0.0,72.55385357444567,136.5270510971083,0.0,177.30437921270175,654.3305459518474,0.0,106.22288673351065,4.978309386808519
0.0,151.10268693019046,654.3305459518474,0.0,204.59515578338545,654.3305459518474,0.0,100.03362224578385,561.9392028657628,0.0,67.89629411505636,104.42334521216468,0.0,123.9010151236237,654.3305459518474,9.885919393857307,85.13577121933417,0.0
0.0,88.13418927918298,642.4647352310303,0.0,130.26673148162305,654.3305459518474,0.0,57.398661231688465,519.3378640974513,0.0,57.54614223541515,61.96948744757982,0.0,62.573115120061374,616.9036610719088,40.541166774081645,59.458833225918355,0.0
0.0,21.834157682772307,564.2988929138027,0.0,65.33352558018612,619.6640715320335,0.0,19.39918097707516,438.73704507452646,0.0,40.96707110951776,2.936558557097584,0.0,40.71537785695351,557.6190389288623,61.55118456756799,38.44881543243201,0.0
0.0,2.0951463824891516,565.975010019794,0.0,53.65902679597217,654.3305459518474,0.0,8.846173614954198,445.81398396648984,0.0,41.78653062853363,36.36578305992449,0.0,35.966679566063775,586.3923825817134,0.0,39.74958275666919,31.799666205335356
0.0,1.6877568081162613,567.325215466287,0.0,54.59020296596734,654.3305459518474,0.0,11.174114039942143,454.75327519844353,0.0,41.029949990412554,69.18974305225453,0.0,32.823959992330046,612.6515505755774,0.0,40.971751479787855,64.57706738916565
0.0,0.9893746806198773,568.1167152107829,0.0,55.230386582839024,654.3305459518474,0.0,12.279885741811418,464.57718379189265,0.0,38.469215522925815,99.96511547059518,0.0,25.374550632368617,632.9511910814723,0.0,39.400391692921,96.09738074350244
0.0,0.40738957437289064,568.4426268702812,0.0,55.52137913596252,654.3305459518474,0.0,12.687275316184309,474.7270040448401,0.0,35.03550339606859,127.99351818745005,0.0,21.242456378015014,649.9451561838844,0.0,36.31587062981197,125.15007724735202
0.0,0.174595531874096,568.5823032957804,0.0,55.579577646587225,654.3305459518474,0.0,12.62907680555961,484.8302654892878,0.0,31.136203184213784,152.90248073482107,0.0,22.98841169675597,654.3305459518474,0.0,33.69693765170052,152.10762736871243
0.0,0.11639702124939733,568.6754209127799,0.0,55.172188072214325,654.3305459518474,0.0,12.687275316184309,494.98008574223525,0.0,25.49094765361801,173.29523885771547,0.0,23.453999781753563,654.3305459518474,0.0,31.194401694838486,177.06314872458321
0.0,0.11639702124939733,568.7685385297794,0.0,54.00821785972036,654.3305459518474,0.0,11.988893188687923,504.5712002931856,0.0,22.11543403738549,190.98758608762387,0.0,22.75561765425718,654.3305459518474,0.0,29.15745382297403,200.38911178296243
0.0,0.174595531874096,568.9082149552787,0.0,53.01884317910048,654.3305459518474,0.0,10.417533401821059,512.9052270146425,0.0,18.623523399903572,205.88640480754674,0.0,22.872014675506573,654.3305459518474,0.0,26.072932759865,221.24745799085443
0.0,0.40738957437289064,569.234126614777,0.0,51.796674455981815,654.3305459518474,0.0,8.787975104329497,519.9356070981061,0.0,16.004590421792134,218.69007714498045,0.0,24.443374462373438,654.3305459518474,0.0,24.152381909249943,240.5693635182544
0.0,0.9893746806198773,570.0256263592729,0.0,49.99252062661615,654.3305459518474,0.0,7.798600423709622,526.1744874370737,0.0,14.258635103051171,230.09698522742138,0.0,23.395801271128864,654.3305459518474,0.0,23.163007228630068,259.09976930115846
0.0,1.6877568081162613,571.3758318057659,0.0,48.82855041412218,654.3305459518474,0.0,7.333012338712031,532.0408973080433,0.0,13.676649996804183,241.03830522486473,0.0,19.55469956989875,654.3305459518474,0.0,23.686793824252355,278.04920436056034
0.0,1.8623523399903572,572.8657136777582,0.0,47.54818318037881,654.3305459518474,0.0,7.449409359961429,538.0004247960125,0.0,13.211061911806597,251.60715475431002,0.0,18.623523399903572,654.3305459518474,0.0,25.31635212174392,298.3022860579555
0.0,1.6877568081162613,574.2159191242512,0.0,46.84980105288243,654.3305459518474,0.0,7.740401913084923,544.1927463264803,0.0,12.803672337433706,261.850092624257,0.0,17.459553187409597,654.3305459518474,0.0,27.993483610480055,320.6970729463395
0.0,1.9787493612397546,575.798918613243,0.0,45.627632329763756,654.3305459518474,0.0,8.380585529956607,550.8972147504456,0.0,15.946391911167435,274.60720615319093,0.0,18.216133825530683,654.3305459518474,0.0,29.27385084422343,344.11615362171824
0.0,2.560734467486741,553.3596530807298,0.0,44.04841268278504,654.3305459518474,0.0,8.555181061830703,534.4523958122763,0.0,16.295582974915625,265.9027891281066,0.0,20.120964955922037,649.4515109077695,0.0,31.194401694838486,349.07167497758905
0.0,25.37958646060883,553.6633222492169,0.0,78.38288764847067,654.3305459518474,0.0,31.625726307517034,539.7529768582899,0.0,34.63147104052251,273.6079659605246,0.0,79.52513461902755,654.3305459518474,0.0,59.02468458136816,376.2914226426836
0.0,58.965340648285235,512.6286628975022,0.0,116.93759393915366,654.3305459518474,0.0,70.14899315775263,509.9019700160425,0.0,43.28582852295057,216.89379448347518,0.0,151.4721003554474,654.3305459518474,0.0,96.45789944995818,372.74932209264176
0.0,93.24947696345801,505.8781398609602,0.0,167.10224152374235,654.3305459518474,0.0,113.30774076747032,520.5481626300187,0.0,53.78213825487518,170.67593273835035,0.0,204.45235514992885,654.3305459518474,0.0,139.63554626974133,404.4577591084348
0.0,120.15644354010435,522.0032946930437,0.0,212.24441886496993,654.3305459518474,0.0,128.65192521088198,543.4697027987244,0.0,62.246180485205436,132.92211322355578,0.0,233.99079493506855,654.3305459518474,0.0,131.77556784556523,429.878213384887
0.0,125.90087549129747,542.7239950860817,0.0,219.39347493126766,654.3305459518474,0.0,122.37584680395474,561.3703802418881,0.0,82.55295805194024,115.47507127549602,0.0,242.61839334731934,654.3305459518474,0.0,109.87853128189813,437.7810384104055
0.0,110.02504459215164,550.744030759803,0.0,176.78527298734957,654.3305459518474,0.0,89.19280182038115,550.5631820622693,0.0,92.80543439141245,108.28050566690847,0.0,230.00953890326846,654.3305459518474,0.0,88.19538955066436,425.9764279610698
0.0,80.55416405817678,531.2981948179797,0.0,157.9459984166142,654.3305459518474,0.0,50.53273785840237,501.0959199206717,0.0,84.86667963713283,93.1471853040413,0.0,194.957782600021,654.3305459518474,0.0,81.52764128958792,407.5040692506577
0.0,44.373056472724514,475.6712512907042,0.0,115.12858201053284,654.3305459518474,0.0,16.10076508153279,417.1966850022045,0.0,63.716685242061544,56.863870546102845,0.0,135.05808629189883,654.3305459518474,0.0,53.52276287118415,361.0268321218419
0.0,9.898604905453928,385.5698561961581,0.0,61.240730626391745,615.5712765782391,0.0,0.7408609178973833,317.9375459201019,0.0,43.13613572285531,6.268958152588766e-06,0.0,67.84727861598681,622.1778245678343,0.0,18.722699820500925,279.7495319423428
0.0,0.0,385.5698561961581,0.0,47.43178615912941,653.5167055055426,0.0,0.174595531874096,318.0772223456012,0.0,39.633185735419794,31.706554857293987,0.0,42.310317224155924,654.3305459518474,0.0,16.295582974915625,292.7859983222753
0.0,0.0,385.5698561961581,0.0,45.220242755390856,654.3305459518474,0.0,0.2909925531234933,318.31001638809994,0.0,33.92973169419932,58.85034021265344,0.0,41.96112616040774,654.3305459518474,0.0,17.634148719283694,306.89331729770225
0.0,0.0,385.5698561961581,0.0,44.05627254289689,654.3305459518474,0.0,0.5237865956222879,318.7290456645978,0.0,29.390247865472826,82.36253850503171,0.0,39.92417828854328,654.3305459518474,0.0,17.459553187409597,320.86095984762994
0.0,0.11639702124939733,385.66297381315763,0.0,42.48491275603003,654.3305459518474,0.0,0.87297765937048,319.42742779209414,0.0,25.72374169611681,102.94153186192516,0.0,37.94542892730353,654.3305459518474,0.0,17.459553187409597,334.82860239755763
0.0,1.2803672337433705,386.6872676001523,0.0,43.998074032272186,654.3305459518474,0.0,1.222168723118672,320.4051627705891,0.0,24.035984888000545,122.1703197723256,0.0,35.21009892794269,654.3305459518474,0.0,18.27433233615538,349.4480682664819
0.0,3.7247046799807144,389.6670313441369,0.0,44.638257649143874,654.3305459518474,0.0,1.6295582974915626,321.70880940858234,0.0,21.7662429736373,139.58331415123544,0.0,33.23134956670293,654.3305459518474,0.0,21.358853399264408,366.53515098589344
0.0,5.878049573094565,394.36947100261256,0.0,45.685830840388455,654.3305459518474,0.0,3.084521063109029,324.17642625906956,0.0,19.26370701677526,154.99427976465566,0.0,31.543592758586676,654.3305459518474,0.0,25.665543185492112,387.0675855342871
0.0,7.042019785588539,400.0030868310834,0.0,45.04564722351677,654.3305459518474,0.0,3.9574987224795093,327.3424252370532,0.0,18.623523399903572,169.8930984845785,0.0,30.3796225460927,654.3305459518474,0.0,30.205027014218608,411.231607145662
0.0,6.51823318996625,405.2176733830564,0.0,44.58005913851918,654.3305459518474,0.0,6.110843615593359,332.2311001295279,0.0,19.380104038024655,185.39718171499823,0.0,29.15745382297403,654.3305459518474,0.0,33.81333467294992,438.28227488402194
0.0,5.587057019971072,409.68731899903327,0.0,44.87105169164267,654.3305459518474,0.0,10.708525954944554,340.79792089348354,0.0,19.90389063364694,201.3202942219158,0.0,27.76068956798126,654.3305459518474,0.0,34.97730488544389,466.2641187923771
0.0,5.179667445598181,413.83105295551184,0.0,44.69645615976857,654.3305459518474,0.0,13.676649996804183,351.7392408909269,0.0,20.02028765489634,217.33652434583286,0.0,26.945910419235485,654.3305459518474,0.0,35.67568701294028,494.8046684027293
0.0,4.888674892474688,417.7419928694916,0.0,45.162044244766165,654.3305459518474,0.0,10.824922976193951,360.3991792718821,0.0,21.184257867390315,234.2839306397451,0.0,27.00410892986018,654.3305459518474,0.0,37.188848289182445,524.5557470340752
0.0,4.423086807477099,421.28046231547324,0.0,45.51123530851436,654.3305459518474,0.0,9.253563189327087,367.80202982334373,0.0,20.77686829301742,250.90542527415903,0.0,28.051682121104758,654.3305459518474,0.0,38.469215522925815,555.3311194524159
0.0,3.899300211854811,424.39990248495707,0.0,46.09322041476134,654.3305459518474,0.0,8.6715780830801,374.7392922898078,0.0,20.835066803642118,267.5734787170727,0.0,29.85583595047041,654.3305459518474,0.0,39.400391692921,586.8514328067528
0.0,5.2724848865120295,404.6723873714691,0.0,46.67520552100833,654.3305459518474,0.0,9.369960210576485,359.1092525003843,0.0,19.67109659114815,262.2445753082209,0.0,33.72369672187783,654.3305459518474,0.0,39.691384246044485,598.6045402035884
0.0,63.880774610937216,435.77700706021886,0.0,69.33518170248001,654.3305459518474,0.0,34.151841844714625,366.430725976156,0.0,48.412155557179204,280.97429975396426,0.0,86.96818499930548,654.3305459518474,0.0,87.12856169138422,648.3073895566957
0.0,133.779753125539,462.80080956065007,0.0,130.4334671533853,654.3305459518474,0.0,70.8032178854346,337.2339438615906,0.0,87.16821644991359,268.14251620387785,0.0,134.04513203094342,654.3305459518474,0.0,148.78057229793086,654.3305459518474
0.0,180.8095409965059,527.4484423578548,0.0,196.0351166222996,654.3305459518474,0.0,138.32223871512218,367.89173483368836,0.0,129.19125379774295,291.4955192420722,0.0,152.9315657623499,654.3305459518474,0.0,199.4501072680764,654.3305459518474
0.0,205.10225496531083,611.5302463301034,0.0,239.5555955261474,654.3305459518474,0.0,196.81881178856807,445.3467842645428,0.0,173.7892444528544,350.5269148043557,0.0,151.50168345749634,654.3305459518474,0.0,212.02584366226645,654.3305459518474
0.0,208.8411784850869,654.3305459518474,0.0,245.58784054062224,654.3305459518474,0.0,207.6643125842409,531.4782343319355,0.0,192.1204521481912,424.2232765229087,0.0,145.68483415588312,654.3305459518474,0.0,204.09812825794046,654.3305459518474
0.0,191.98383276543308,654.3305459518474,0.0,198.47309508885343,654.3305459518474,0.0,185.54384271861517,599.9133085068277,0.0,180.31701611234587,488.4768894127854,0.0,132.53647339598632,654.3305459518474,0.0,199.4437482883929,654.3305459518474
0.0,155.04614454185966,654.3305459518474,0.0,167.07062435430993,654.3305459518474,0.0,139.02998158315876,631.1372937733547,0.0,144.41436084963516,524.0083780924936,0.0,103.43050364598335,654.3305459518474,0.0,157.30899428958426,654.3305459518474
0.0,94.50626461686583,648.8368105687132,0.0,118.5858737177256,654.3305459518474,0.0,80.43741157895728,611.574705352312,0.0,83.27209572790053,507.2804738203941,0.0,73.34301907547238,627.6735650273198,0.0,97.41715784157394,651.7477037934214
0.0,26.372140631070458,575.2089511997837,0.0,64.91509665585963,619.245642607707,0.0,37.96918623662413,549.5438915889362,0.0,21.52894628985346,428.8094201102476,0.0,54.12779437081151,581.8013593981314,0.0,49.847863654761106,601.5955674481825
0.0,4.248491275603002,578.6077442202661,0.0,50.98189530723602,654.3305459518474,0.0,27.70249105735656,571.7058844348214,0.0,5.063270424348783,432.8600364497266,0.0,51.50568190285831,623.0059049204181,0.0,44.98744871289207,637.5855264184961
0.0,7.449409359961429,584.5672717082352,0.0,47.48998466975411,654.3305459518474,0.0,28.575468716727045,594.5662594082031,0.0,4.772277871225291,436.6778587467068,0.0,49.35233700974447,654.3305459518474,0.0,44.05627254289689,654.3305459518474
0.0,11.174114039942143,593.5065629401889,0.0,44.521860627894476,654.3305459518474,0.0,30.437821056717404,618.916516253577,0.0,5.23786595622288,440.86815151168514,0.0,45.45303679788965,654.3305459518474,0.0,44.40546360664508,654.3305459518474
0.0,13.85124552867828,604.5875593631315,0.0,44.638257649143874,654.3305459518474,0.0,32.940357013579444,645.2688018644405,0.0,6.92562276433914,446.40864972315643,0.0,37.59623786355534,654.3305459518474,0.0,44.69645615976857,654.3305459518474
0.0,13.56025297555479,615.4357617435753,0.0,47.664580201628205,654.3305459518474,0.0,34.569915311071,654.3305459518474,0.0,9.428158721201184,453.9511767001174,0.0,30.321424035468006,654.3305459518474,0.0,44.92925020226737,654.3305459518474
0.0,12.803672337433706,625.6786996135223,0.0,49.06134445662097,654.3305459518474,0.0,36.72326020418486,654.3305459518474,0.0,11.406908082440939,463.07670316607016,0.0,25.025359568620424,654.3305459518474,0.0,44.98744871289207,654.3305459518474
0.0,11.75609914618913,635.0835789304737,0.0,47.02439658475652,654.3305459518474,0.0,36.024878076688466,654.3305459518474,0.0,10.592128933695157,471.5504063130263,0.0,21.940838505511394,654.3305459518474,0.0,44.17266956414628,654.3305459518474
0.0,9.835548295574075,642.9520175669329,0.0,42.25211871353123,654.3305459518474,0.0,35.79208403418968,654.3305459518474,0.0,10.301136380571663,479.79131541748364,0.0,19.90389063364694,654.3305459518474,0.0,43.76527998977339,654.3305459518474
0.0,8.6715780830801,649.889280033397,0.0,34.39531977919691,654.3305459518474,0.0,35.442892970441484,654.3305459518474,0.0,9.893746806198772,487.70631286244264,0.0,20.07848616552104,654.3305459518474,0.0,41.32094254353605,654.3305459518474
0.0,8.962570636203594,654.3305459518474,0.0,27.00410892986018,654.3305459518474,0.0,34.97730488544389,654.3305459518474,0.0,9.486357231825883,495.29539864790337,0.0,21.7080444630126,654.3305459518474,0.0,37.65443637418004,654.3305459518474
0.0,9.719151274324677,654.3305459518474,0.0,21.126059356765616,654.3305459518474,0.0,34.39531977919691,654.3305459518474,0.0,9.719151274324677,503.0707196673631,0.0,28.34267467422825,654.3305459518474,0.0,36.432267651061366,654.3305459518474
0.0,11.930694678063224,654.3305459518474,0.0,15.480803826169845,654.3305459518474,0.0,33.92973169419932,654.3305459518474,0.0,9.253563189327087,510.47357021882476,0.0,28.22627765297885,654.3305459518474,0.0,35.50109148106618,654.3305459518474
0.0,16.52837701741442,654.3305459518474,0.0,11.115915529317444,654.3305459518474,0.0,31.310798716087884,654.3305459518474,0.0,8.555181061830703,517.3177150682893,0.0,30.96160765233969,654.3305459518474,0.0,33.28954807732764,654.3305459518474
0.0,22.23183105863489,654.3305459518474,0.0,7.914997444959019,654.3305459518474,0.0,27.644292546731865,654.3305459518474,0.0,7.798600423709622,523.556595407257,0.0,32.00918084358427,654.3305459518474,0.0,30.612416588591497,654.3305459518474
0.0,25.49094765361801,654.3305459518474,0.0,5.738072971509619,635.068618923357,0.0,26.713116376736686,654.3305459518474,0.0,6.692828721840346,505.2494241290973,0.0,33.75513616232522,654.3305459518474,0.0,28.284476163603546,654.3305459518474
0.0,42.04944096003655,654.3305459518474,0.0,67.23120776640584,654.3305459518474,0.0,21.6766050225652,651.0071509744126,0.0,52.07415908525018,526.9087513972975,0.0,52.086343857662015,654.3305459518474,0.0,40.144609829645184,654.3305459518474
0.0,64.90291188344779,619.2334578352952,0.0,139.16245378260197,654.3305459518474,0.0,29.739616658206074,580.7467676326187,0.0,119.43598271270079,542.4575375674581,0.0,104.41387480488983,654.3305459518474,0.0,71.38352438226818,625.7140703341156
0.0,117.28228236161681,633.0592837245887,0.0,187.8485590212377,654.3305459518474,0.0,39.990592117249946,520.7373597498686,0.0,166.1747780305441,595.3973599918934,0.0,159.62457221317533,654.3305459518474,0.0,111.36175399812123,634.8034735326125
0.0,207.8230106669062,654.3305459518474,0.0,211.2840150508959,654.3305459518474,0.0,49.73818107116533,470.4755408210339,0.0,191.18477333691098,654.3305459518474,0.0,176.5794157440131,654.3305459518474,0.0,138.80354652034347,654.3305459518474
0.0,236.15182195930922,654.3305459518474,0.0,214.35599588362297,654.3305459518474,0.0,68.37760192027767,438.85314274131156,0.0,197.0802212396426,654.3305459518474,0.0,186.95146859457648,654.3305459518474,0.0,146.98295517723375,654.3305459518474
0.0,202.14763884730635,654.3305459518474,0.0,196.94810449816953,654.3305459518474,0.0,70.75738187620681,409.61052461751837,0.0,178.3494838300448,654.3305459518474,0.0,185.12373518487527,654.3305459518474,0.0,120.07916809042915,654.3305459518474
0.0,114.16596640009027,654.3305459518474,0.0,159.4016720981719,654.3305459518474,0.0,64.60388174122738,374.21440635874575,0.0,138.92179987999134,654.3305459518474,0.0,163.72372614665318,654.3305459518474,0.0,85.10768899771358,639.438234949561
0.0,72.03439189112336,626.3649378429708,0.0,98.02025395425493,652.3507999061023,0.0,50.97103368626749,325.18544004501325,0.0,75.43419600363166,629.764741955479,0.0,113.57479828228814,654.3305459518474,0.0,56.90463546710017,596.3428704166612
0.0,47.23679053676152,573.6017283797323,0.0,28.063076929028473,580.4138768351308,0.0,41.84472913915834,267.0301691841716,0.0,17.18295720306652,546.9476991585456,0.0,52.41513483091641,606.7456807827638,0.0,15.00585500063206,511.3487254172933
0.0,43.5324859472746,608.427717137552,0.0,3.259116594983125,583.0211701111174,0.0,41.90292764978304,300.552511303998,0.0,0.6401836168716852,547.459846052043,0.0,37.65443637418004,636.8692298821078,0.0,9.719151274324677,519.124046436753
0.0,42.89230233040291,642.7415590018743,0.0,5.878049573094565,587.723609769593,0.0,42.25211871353123,334.354206274823,0.0,1.0475731912445758,548.2979046050386,0.0,46.384212967884835,654.3305459518474,0.0,9.719151274324677,526.8993674562128
0.0,44.05627254289689,654.3305459518474,0.0,8.089592976833115,594.1952841510596,0.0,43.06689786227701,368.8077245646446,0.0,1.4549627656174666,549.4618748175326,0.0,51.796674455981815,654.3305459518474,0.0,9.020769146828293,534.1159827736753
0.0,46.326014457260136,654.3305459518474,0.0,9.893746806198772,602.1102815960186,0.0,44.114471053521584,404.0993014074619,0.0,1.6295582974915626,550.7655214555258,0.0,53.48443126409807,654.3305459518474,0.0,8.205989998082512,540.6807747721414
0.0,48.130168286625796,654.3305459518474,0.0,12.62907680555961,612.2135430404662,0.0,44.17266956414628,439.4374370587789,0.0,1.222168723118672,551.7432564340207,0.0,54.64840147659204,654.3305459518474,0.0,7.740401913084923,546.8730963026093
0.0,49.11954296724567,654.3305459518474,0.0,15.946391911167435,624.9706565694001,0.0,43.5906844578993,474.30998462509837,0.0,0.7565806381210826,552.3485209445176,0.0,55.695974667836616,654.3305459518474,0.0,7.85679893433432,553.1585354500767
0.0,49.468734030993865,654.3305459518474,0.0,18.565324889278873,639.8229164808232,0.0,43.357890415400504,508.9962969574188,0.0,0.698382127496384,552.9072266465148,0.0,56.394356795333,654.3305459518474,0.0,8.380585529956607,559.863003874042
0.0,49.643329562867955,654.3305459518474,0.0,19.089111484901164,654.3305459518474,0.0,43.5324859472746,543.8222857152384,0.0,1.0475731912445758,553.7452851995105,0.0,56.6271508378318,654.3305459518474,0.0,9.13716616807769,567.1727368085042
0.0,48.944947435371574,654.3305459518474,0.0,18.448927868029475,654.3305459518474,0.0,43.06689786227701,578.2758040050601,0.0,1.9787493612397546,555.3282846885023,0.0,55.695974667836616,654.3305459518474,0.0,9.253563189327087,574.5755873599659
0.0,47.7227787122529,654.3305459518474,0.0,17.75054574053309,654.3305459518474,0.0,42.54311126665472,612.3102930183838,0.0,2.5025359568620424,557.330313453992,0.0,52.553255094102894,654.3305459518474,0.0,8.6715780830801,581.5128498264299
0.0,46.79160254225773,654.3305459518474,0.0,16.470178506789722,654.3305459518474,0.0,41.32094254353605,645.3670470532127,0.0,2.735329999360837,559.5185774534806,0.0,47.02439658475652,654.3305459518474,0.0,7.682203402460224,587.6586125483981
0.0,46.326014457260136,654.3305459518474,0.0,14.084039571177078,654.3305459518474,0.0,39.633185735419794,654.3305459518474,0.0,2.9099255312349332,561.8465178784685,0.0,39.86597977791859,654.3305459518474,0.0,6.576431700590949,592.9197579088708
0.0,44.92925020226737,654.3305459518474,0.0,11.872496167438527,654.3305459518474,0.0,37.47984084230594,654.3305459518474,0.0,3.4337121268572206,564.5934875799543,0.0,28.109880631729453,654.3305459518474,0.0,5.528858509346373,597.3428447163479
0.0,42.193920202906526,654.3305459518474,0.0,9.544555742450582,654.3305459518474,0.0,36.490466161686065,654.3305459518474,0.0,3.9574987224795093,567.7594865579379,0.0,19.030912974276465,654.3305459518474,0.0,4.539483828726496,600.9744317793292
0.0,41.14634701166195,654.3305459518474,0.0,9.904786156152374,639.2353321079997,0.0,36.95605424668366,654.3305459518474,0.0,5.105749214749784,547.8652357726877,0.0,17.575950208658995,646.9064961605064,0.0,3.9574987224795093,579.9319305018087
0.0,78.26967011706301,654.3305459518474,0.0,79.27997807513187,654.3305459518474,0.0,50.566823601736345,654.3305459518474,0.0,60.70811647718443,576.4317289544352,0.0,20.613312111096928,642.5198082716033,0.0,35.860176472309746,588.6200716796565
0.0,138.55317641922252,654.3305459518474,0.0,142.28159377600016,654.3305459518474,0.0,79.43213944912864,633.762685400976,0.0,128.12495912541797,598.9316962547696,0.0,34.46941573903037,576.9892240106337,0.0,80.39210875668465,569.0121804363412
0.0,190.80043015591843,654.3305459518474,0.0,189.69519164100436,654.3305459518474,0.0,96.08662968630279,629.8493150872788,0.0,180.29511514142374,654.3305459518474,0.0,49.10885907526219,526.098083085896,0.0,127.4958148584999,591.0088323231411
0.0,217.5485209209144,654.3305459518474,0.0,211.52466895350653,654.3305459518474,0.0,123.39630546705192,648.5663594609204,0.0,206.83081195441468,654.3305459518474,0.0,52.97989933651135,479.07798242240733,0.0,159.53060934980323,638.6333198029837
0.0,220.7211790546672,654.3305459518474,0.0,212.76573688669066,654.3305459518474,0.0,179.8433904382514,654.3305459518474,0.0,196.6112759358182,654.3305459518474,0.0,64.0078555241701,443.08583794657744,0.0,175.69743280207254,654.3305459518474
0.0,202.13359773649606,654.3305459518474,0.0,189.43881801817002,654.3305459518474,0.0,173.0891837159446,654.3305459518474,0.0,186.99730460380428,654.3305459518474,0.0,71.86783394834617,414.9536718949236,0.0,176.0969625163336,654.3305459518474
0.0,161.71971859566446,654.3305459518474,0.0,134.14316302908253,654.3305459518474,0.0,133.72605725619934,654.3305459518474,0.0,159.6262508225887,654.3305459518474,0.0,69.26612157088678,384.2197934658104,0.0,146.39328793985996,654.3305459518474
0.0,100.77094821586937,654.3305459518474,0.0,48.78360304981966,603.1141490016671,0.0,66.64586544133205,620.9764113931794,0.0,105.36712967479222,654.3305459518474,0.0,58.60775653747001,342.8275500032804,0.0,85.79520950424143,640.1257554560889
0.0,42.61888583590158,596.949431787749,0.0,12.138408259798123,515.2525572614652,0.0,21.307013868323214,542.2834252615027,0.0,49.502029809839726,603.8325757616872,0.0,42.66268777774587,285.4902377810263,0.0,20.99261946384923,561.1183749199381
0.0,20.660471271768024,613.4778088051634,0.0,10.766724465569252,523.8659368339206,0.0,17.110362123661407,555.9717149604318,0.0,34.104327226073416,631.1160375425459,0.0,38.64381105479991,316.4052866248662,0.0,2.61893297811144,563.2135213024272
0.0,18.623523399903572,628.3766275250862,0.0,14.433230634925268,535.4125213418608,0.0,15.888193400542736,568.6822696808659,0.0,36.37406914043667,654.3305459518474,0.0,38.469215522925815,347.1806590432069,0.0,2.5025359568620424,565.2155500679169
0.0,15.073414251796954,640.4353589265237,0.0,14.666024677424062,547.1453410838001,0.0,14.957017230547557,580.647883465304,0.0,38.58561254417521,654.3305459518474,0.0,42.019324671032436,380.7961187800328,0.0,2.3279404249879465,567.0779024079072
0.0,12.512679784310212,650.4455027539718,0.0,13.734848507428882,558.1332198897431,0.0,13.85124552867828,591.7288798882465,0.0,40.09877382041737,654.3305459518474,0.0,45.220242755390856,416.97231298434554,0.0,2.2115434037385495,568.8471371308981
0.0,10.708525954944554,654.3305459518474,0.0,12.687275316184309,568.2830401426905,0.0,12.105290209937321,601.4131120561964,0.0,39.516788714170396,654.3305459518474,0.0,46.384212967884835,454.0796833586534,0.0,2.036947871864453,570.4766954283897
0.0,7.914997444959019,654.3305459518474,0.0,10.88312148681865,576.9895373321455,0.0,11.639702124939733,610.7248737561482,0.0,38.58561254417521,654.3305459518474,0.0,46.61700701038363,491.37328896696033,0.0,1.6877568081162613,571.8269008748827
0.0,6.751027232465045,654.3305459518474,0.0,8.962570636203594,584.1595938411083,0.0,11.465106593065636,619.8969590306007,0.0,37.65443637418004,654.3305459518474,0.0,46.09322041476134,528.2478652987694,0.0,1.222168723118672,572.8046358533776
0.0,6.169042126218058,654.3305459518474,0.0,7.100218296213236,589.8397684780789,0.0,10.999518508068046,628.6965738370551,0.0,35.50109148106618,654.3305459518474,0.0,45.45303679788965,564.6102947370812,0.0,0.8147791487457813,573.4564591723743
0.0,5.9944465943439615,654.3305459518474,0.0,7.100218296213236,595.5199431150495,0.0,11.581503614315034,637.9617767285072,0.0,35.50109148106618,654.3305459518474,0.0,43.12509637290171,599.1103718354026,0.0,0.698382127496384,574.0151648743714
0.0,6.51823318996625,654.3305459518474,0.0,7.740401913084923,601.7122646455174,0.0,11.81429765681383,647.4132148539583,0.0,33.40594509857703,654.3305459518474,0.0,40.04057530979268,631.1428320832367,0.0,0.8147791487457813,574.6669881933681
0.0,7.216615317462634,654.3305459518474,0.0,7.9731959555837175,608.0908214099844,0.0,11.697900635564432,654.3305459518474,0.0,29.97223297171981,654.3305459518474,0.0,37.47984084230594,654.3305459518474,0.0,1.0475731912445758,575.5050467463637
0.0,7.100218296213236,654.3305459518474,0.0,8.380585529956607,614.7952898339497,0.0,11.523305103690335,654.3305459518474,0.0,26.1893297811144,654.3305459518474,0.0,33.580540630451125,654.3305459518474,0.0,1.3385657443680692,576.5758993418582
0.0,6.692828721840346,654.3305459518474,0.0,7.624004891835525,620.8944937474181,0.0,10.88312148681865,654.3305459518474,0.0,24.152381909249943,654.3305459518474,0.0,29.332049354848124,654.3305459518474,0.0,1.5713597868668638,577.8329871713516
0.0,6.460034679341552,654.3305459518474,0.0,6.285439147467455,625.922845065392,0.0,9.428158721201184,654.3305459518474,0.0,23.803190845501753,654.3305459518474,0.0,25.25815361111922,654.3305459518474,0.0,1.6295582974915626,579.1366338093449
0.0,6.0526451049686605,635.383191056816,0.0,5.9362480837192635,606.8590931491113,0.0,8.205989998082512,637.5365359499299,0.0,23.395801271128864,652.7263472229763,0.0,22.581022122383082,651.9115680742304,0.0,1.5131612762421651,555.649795085587
0.0,46.89599252008035,652.8999850728803,0.0,37.870365273996896,617.1553853683089,0.0,24.4656308912657,637.0021668411956,0.0,30.00535102158061,654.3305459518474,0.0,52.48605130090811,654.3305459518474,0.0,19.60371506896831,550.2535101545553
0.0,118.3348913811016,654.3305459518474,0.0,98.77833547280439,615.9337208411133,0.0,41.49289177252356,578.4950586137192,0.0,48.73140806090835,603.0619540127558,0.0,93.4300760170455,647.7606219688929,0.0,56.63422073345553,506.8877308880109
0.0,157.07991292388238,654.3305459518474,0.0,157.57226007905726,654.3305459518474,0.0,57.92712819758084,536.4221868113,0.0,80.47838948892993,583.5403435016857,0.0,140.1499721248234,654.3305459518474,0.0,78.24662372368265,485.13435461169354
0.0,182.1795461813213,654.3305459518474,0.0,197.6668867161597,654.3305459518474,0.0,63.91221405138462,500.3344008626846,0.0,126.90261267331425,605.0624336403371,0.0,145.35171827032877,654.3305459518474,0.0,128.65510470072377,508.0584383722726
0.0,183.84372340910204,654.3305459518474,0.0,209.74559558490478,654.3305459518474,0.0,57.98532670820554,458.31972757089017,0.0,170.0802594930974,654.3305459518474,0.0,153.90071808146104,654.3305459518474,0.0,143.10741227469953,542.5443681920322
0.0,153.69804032796637,654.3305459518474,0.0,194.40927100160496,654.3305459518474,0.0,57.89568875713344,416.2154163280236,0.0,193.43393743179539,654.3305459518474,0.0,150.0689771207711,654.3305459518474,0.0,162.2219596783347,592.3219359346999
0.0,111.4468893079083,654.3305459518474,0.0,158.10072704494965,654.3305459518474,0.0,39.998629706346854,356.2140460343704,0.0,161.5658786122543,654.3305459518474,0.0,130.8616122762221,654.3305459518474,0.0,140.31856413498411,624.5767872426873
0.0,59.08791892023307,613.4184648720804,0.0,94.71530135004403,649.0458473018914,0.0,18.41298578629704,274.62703182066747,0.0,102.18210903964254,654.3305459518474,0.0,72.91240537873405,627.2429513305815,0.0,81.77633278129545,606.3531200239827
0.0,19.88984952283665,533.308314394917,0.0,42.0054612892072,591.0513085910986,0.0,2.7038905589134385,177.3309223795809,0.0,38.93983943616362,593.270385388011,0.0,30.548036827268355,557.7909881578498,0.0,20.51917151873979,526.8722915427225
0.0,15.71359786866864,545.879192689852,0.0,28.866461269850536,614.1444776069791,0.0,1.74595531874096,178.72768663457367,0.0,22.057235526760792,610.9161738094197,0.0,22.63922063300778,575.9023646642561,0.0,2.8517270206102348,529.1536731592106
0.0,18.79811893177767,560.9176878352741,0.0,32.47476892858185,640.1242927498446,0.0,2.0951463824891516,180.403803740565,0.0,25.19995510049452,631.0761378898153,0.0,21.824441484261996,593.3619178516657,0.0,2.735329999360837,531.3419371586992
0.0,23.337602760504165,579.5877700436774,0.0,32.70756297108065,654.3305459518474,0.0,3.0263225524843302,182.82486178255246,0.0,26.713116376736686,652.4466309912046,0.0,19.496501059274053,608.9591186990849,0.0,1.4549627656174666,532.5059073711932
0.0,26.1311312704897,600.4926750600692,0.0,31.36899722671258,654.3305459518474,0.0,4.073895743728906,186.08397837753557,0.0,22.581022122383082,654.3305459518474,0.0,16.702972549288514,622.3214967385157,0.0,0.5237865956222879,532.924936647691
0.0,28.168079142354156,623.0271383739525,0.0,31.310798716087884,654.3305459518474,0.0,5.121468934973482,190.18115352551436,0.0,18.79811893177767,654.3305459518474,0.0,14.666024677424062,634.054316480455,0.0,0.11639702124939733,533.0180542646905
0.0,27.353299993608367,644.9097783688393,0.0,30.6706150992162,654.3305459518474,0.0,5.9362480837192635,194.93015199248978,0.0,16.17918595366623,654.3305459518474,0.0,12.16348872056202,643.7851074569046,0.0,0.05819851062469866,533.0646130731902
0.0,25.49094765361801,654.3305459518474,0.0,30.437821056717404,654.3305459518474,0.0,6.227240636842756,199.911944501964,0.0,13.85124552867828,654.3305459518474,0.0,9.777349784949376,651.6069872848641,0.0,0.23279404249879465,533.2508483071892
0.0,25.607344674867413,654.3305459518474,0.0,29.97223297171981,654.3305459518474,0.0,6.634630211215648,205.21964867093652,0.0,13.0364663799325,654.3305459518474,0.0,8.904372125578895,654.3305459518474,0.0,0.5819851062469866,533.7164363921868
0.0,25.14175658986982,654.3305459518474,0.0,27.993483610480055,654.3305459518474,0.0,6.92562276433914,210.76014688240784,0.0,11.697900635564432,654.3305459518474,0.0,9.13716616807769,654.3305459518474,0.0,0.9893746806198773,534.5079361366827
0.0,24.035984888000545,654.3305459518474,0.0,27.12050595110958,654.3305459518474,0.0,6.867424253714441,216.2540862853794,0.0,9.428158721201184,654.3305459518474,0.0,9.311761699951786,654.3305459518474,0.0,1.2803672337433705,535.5322299236774
0.0,22.98841169675597,654.3305459518474,0.0,27.877086589230657,654.3305459518474,0.0,7.507607870586128,222.2601725818483,0.0,6.98382127496384,654.3305459518474,0.0,9.078967657452992,654.3305459518474,0.0,1.5131612762421651,536.7427589446711
0.0,21.7080444630126,654.3305459518474,0.0,26.829513397986084,654.3305459518474,0.0,7.798600423709622,228.499052920816,0.0,4.423086807477099,654.3305459518474,0.0,8.555181061830703,654.3305459518474,0.0,1.6295582974915626,538.0464055826643
0.0,21.649845952387903,654.3305459518474,0.0,28.22627765297885,654.3305459518474,0.0,6.576431700590949,233.76019828128878,0.0,3.3755136162325226,654.3305459518474,0.0,7.158416806837935,654.3305459518474,0.0,1.2803672337433705,539.070699369659
0.0,22.813816164881878,654.3305459518474,0.0,24.967161057995725,654.3305459518474,0.0,6.110843615593359,238.64887317376346,0.0,3.899300211854811,654.3305459518474,0.0,5.005071913724085,654.3305459518474,0.0,0.87297765937048,539.7690814971554
0.0,24.035984888000545,653.366530839848,0.0,21.067860846140917,650.3984067979883,0.0,6.777786302642345,220.4266594764058,0.0,7.042019785588539,636.3725657374359,0.0,2.735329999360837,632.0658759512082,0.0,0.9815148205080275,515.7505963176634
0.0,52.858821944991845,654.3305459518474,0.0,28.467109284574555,653.1720942256479,0.0,72.06486363809758,258.0785503868839,0.0,9.60275425307528,620.9753199905113,0.0,25.81373510515902,632.7168640353354,0.0,54.05458705590333,538.9942659623861
0.0,102.08761298931529,654.3305459518474,0.0,37.8011274134186,590.9732216390665,0.0,141.307938815604,291.1249014393671,0.0,16.78960873950392,537.7649287300152,0.0,75.7487681370907,608.4656321724261,0.0,115.54454236095782,551.4298998511523
0.0,154.66047820942387,654.3305459518474,0.0,48.563349237702816,539.5365708767694,0.0,196.36293990208077,368.2152533610317,0.0,32.9642920518851,470.72922078190027,0.0,133.08455048788437,634.9332725627336,0.0,160.42566570908087,599.770432418417
0.0,191.5478277824844,654.3305459518474,0.0,52.06161885486822,491.5981897316376,0.0,219.4067260775898,463.7406342231036,0.0,62.37847495566359,433.10769573756386,0.0,178.12454964765786,654.3305459518474,0.0,178.51621950180706,654.3305459518474
0.0,192.72283734493197,654.3305459518474,0.0,63.61336163814927,455.2115513697869,0.0,221.68750734190667,561.0906400966289,0.0,88.81817483789894,421.9258705754628,0.0,191.14547403635171,654.3305459518474,0.0,192.56899736152175,654.3305459518474
0.0,184.04958065243846,654.3305459518474,0.0,58.831545297398726,414.04309666718564,0.0,204.3802932574789,644.5948747026121,0.0,110.09860736502992,430.00475646748674,0.0,178.17488829817069,654.3305459518474,0.0,186.42503569606762,654.3305459518474
0.0,151.94086793028674,654.3305459518474,0.0,44.4877748845605,358.53087155174615,0.0,165.96874305822263,654.3305459518474,0.0,114.85834500587326,441.89143247218533,0.0,141.9937807127184,654.3305459518474,0.0,151.6092529251607,654.3305459518474
0.0,99.70147405370264,654.0320200055501,0.0,38.538808841474236,297.0696803932204,0.0,104.4127293824316,654.3305459518474,0.0,70.64416434479915,412.5355968169845,0.0,79.87150165090411,634.2020476027515,0.0,89.60337088459578,643.9339168364431
0.0,41.74908766637285,595.7811076719229,0.0,19.277925856570608,216.347606249791,0.0,32.973830521410356,587.3043764732578,0.0,34.26956201740732,346.8051588343918,0.0,17.53214826681471,551.7341958695662,0.0,22.652116321359845,566.586033157803
0.0,22.057235526760792,613.4268960933315,0.0,15.946391911167435,229.10471977872496,0.0,2.9099255312349332,589.6323168982457,0.0,30.03043148234451,370.82950402026745,0.0,2.5025359568620424,553.7362246350558,0.0,1.4549627656174666,567.7500033702969
0.0,22.057235526760792,631.0726845147401,0.0,12.803672337433706,239.3476576486719,0.0,4.190292764978303,592.9845511102283,0.0,27.877086589230657,393.131173291652,0.0,3.841101701230112,556.8091059960399,0.0,2.269741914363248,569.5657969017875
0.0,19.67109659114815,646.8095617876586,0.0,9.719151274324677,247.12297866813165,0.0,5.063270424348783,597.0351674497073,0.0,27.00410892986018,414.73446043554014,0.0,2.9681240418596317,559.1836052295275,0.0,2.61893297811144,571.6609432842766
0.0,16.17918595366623,654.3305459518474,0.0,8.380585529956607,253.82744709209695,0.0,5.121468934973482,601.132342597686,0.0,27.17870446173428,436.47742400492757,0.0,2.036947871864453,560.8131635270191,0.0,2.735329999360837,573.8492072837653
0.0,13.50205446493009,654.3305459518474,0.0,7.682203402460224,259.9732098140651,0.0,4.481285318101797,604.7173708521675,0.0,25.665543185492112,457.00985855332124,0.0,2.6771314887361384,562.954868718008,0.0,3.259116594983125,576.4565005597518
0.0,11.174114039942143,654.3305459518474,0.0,6.92562276433914,265.5137080255364,0.0,3.3755136162325226,607.4177817451535,0.0,23.163007228630068,475.5402643362253,0.0,4.073895743728906,566.2139853129911,0.0,4.888674892474688,580.3674404737316
0.0,9.020769146828293,654.3305459518474,0.0,6.809225743089744,270.9610886200082,0.0,2.15334489311385,609.1404576596447,0.0,21.358853399264408,492.6273470556368,0.0,4.248491275603002,569.6127783334736,0.0,7.624004891835525,586.4666443872
0.0,6.576431700590949,654.3305459518474,0.0,7.100218296213236,276.6412632569788,0.0,1.222168723118672,610.1181926381396,0.0,19.61289808052345,508.3176655200555,0.0,4.423086807477099,573.1512477794553,0.0,11.639702124939733,595.7784060871518
0.0,5.005071913724085,654.3305459518474,0.0,7.216615317462634,282.4145555109489,0.0,0.698382127496384,610.6768983401367,0.0,17.168560634286106,522.0525140274844,0.0,4.481285318101797,576.7362760339367,0.0,14.840620209298159,607.6509022545903
0.0,4.423086807477099,654.3305459518474,0.0,6.867424253714441,287.90849491392044,0.0,0.4655880849975893,611.0493688081348,0.0,15.829994889918037,534.7165099394189,0.0,4.772277871225291,580.554098330917,0.0,16.295582974915625,620.6873686345227
0.0,4.655880849975893,654.3305459518474,0.0,6.460034679341552,293.0765226573937,0.0,0.174595531874096,611.189045233634,0.0,15.771796379293338,547.3339470428535,0.0,4.132094254353605,583.8597737343998,0.0,18.448927868029475,635.4465109289463
0.0,4.830476381849989,654.3305459518474,0.0,6.51823318996625,298.2911092093667,0.0,0.05819851062469866,611.2356040421338,0.0,14.607826166799367,559.020207976293,0.0,2.0951463824891516,585.5358908403912,0.0,19.030912974276465,650.6712413083675
0.0,5.23786595622288,654.3305459518474,0.0,7.333012338712031,304.15751908033633,0.0,0.23279404249879465,611.4218392761328,0.0,13.676649996804183,569.9615279737363,0.0,0.698382127496384,586.0945965423883,0.0,19.147309995525863,654.3305459518474
0.0,5.528858509346373,654.3305459518474,0.0,7.798600423709622,310.39639941930403,0.0,0.5237865956222879,611.8408685526306,0.0,14.72422318804876,581.7409065241753,0.0,0.174595531874096,586.2342729678876,0.0,19.380104038024655,654.3305459518474
0.0,5.587057019971072,634.9176029718185,0.0,8.31452715922006,293.7109265785241,0.0,1.2143088630068224,588.0551774156374,0.0,15.71359786866864,572.454504392844,0.0,0.05819851062469866,561.2924714785123,0.0,18.27433233615538,647.6048782880027
0.0,53.24916864769774,654.3305459518474,0.0,64.47529994756616,325.291166536577,0.0,55.89335981555815,612.769865268084,0.0,26.077790859120157,573.3167370801401,0.0,23.385117379145377,559.6775888576577,0.0,27.908703758663115,649.9318412949332
0.0,108.76189795906029,654.3305459518474,0.0,132.97751420717518,351.67317790231715,0.0,123.41087976481737,631.4985690799379,0.0,48.96738159324889,522.284118673389,0.0,87.16371380862854,546.8413026662863,0.0,63.05327750282442,612.9851187977577
0.0,161.78463154394277,654.3305459518474,0.0,178.56805903274827,414.52762512851575,0.0,143.41730403788847,654.3305459518474,0.0,87.70454327591784,509.98866194930685,0.0,139.0617764815763,578.0907238515473,0.0,116.09491029777233,625.8610470359755
0.0,201.26265414450904,654.3305459518474,0.0,199.34678366416412,494.00505205984706,0.0,145.1239600560702,654.3305459518474,0.0,134.32376208267002,537.4476716154429,0.0,164.69305619474937,629.8451688073468,0.0,187.54634938917556,654.3305459518474
0.0,200.41325606547414,654.3305459518474,0.0,193.74232831455598,568.9989147114918,0.0,113.03882691425402,654.3305459518474,0.0,175.6955764636741,598.0041327863822,0.0,176.82996357411912,654.3305459518474,0.0,212.01047940001288,654.3305459518474
0.0,183.91296126968032,654.3305459518474,0.0,174.05047617494392,628.2392956514469,0.0,65.19425989454139,619.5248058463887,0.0,183.96462307163642,654.3305459518474,0.0,164.88337144684715,654.3305459518474,0.0,201.91051989250758,654.3305459518474
0.0,145.7342051129228,654.3305459518474,0.0,131.64830920334728,653.5579430141247,0.0,34.47445156727058,553.9992574136593,0.0,143.20155286705665,654.3305459518474,0.0,82.2812201668523,636.6117661186997,0.0,164.88787408813218,654.3305459518474
0.0,82.46367555883825,636.7942215106857,0.0,74.02153429943013,627.5794773135549,0.0,12.920247087668159,466.9195045013274,0.0,72.63413078497757,626.9646767368249,0.0,30.721309207699157,567.3330753263989,0.0,103.35861948251846,654.3305459518474
0.0,23.363038679238173,560.1572601899238,0.0,23.80336857448681,551.3828458880417,0.0,1.8041538293656585,368.72365833069307,0.0,22.717996963111332,549.6826736999362,0.0,8.473402970870456,475.80647829726934,0.0,32.93903386213615,587.2695798139836
0.0,5.179667445598181,564.3009941464023,0.0,14.025841060552379,562.6035187364837,0.0,3.2009180843584266,371.2843927981798,0.0,14.258635103051171,561.0895817823772,0.0,10.301136380571663,484.04738740172667,0.0,14.142238081801773,598.583370279425
0.0,5.354262977472277,568.5844045283801,0.0,16.120987443041532,575.5003086909169,0.0,3.841101701230112,374.35727415916386,0.0,13.734848507428882,572.0774605883203,0.0,13.618451486179488,494.9421485906703,0.0,13.443855954305391,609.3384550428693
0.0,4.888674892474688,572.4953444423599,0.0,16.58657552803912,588.7695691133482,0.0,4.597682339351194,378.03542003064484,0.0,14.025841060552379,583.2981334367622,0.0,16.819369570537912,508.39764424710063,0.0,14.840620209298159,621.2109512103078
0.0,4.015697233104208,575.7079022288432,0.0,16.411979996165023,601.8991531102803,0.0,5.9362480837192635,382.78441849762027,0.0,14.78242169867346,595.124070795701,0.0,19.845692123022243,524.2741979455184,0.0,15.422605315545146,633.549035462744
0.0,2.8517270206102348,577.9892838453313,0.0,16.470178506789722,615.0752959157121,0.0,7.100218296213236,388.46459313459087,0.0,14.491429145549967,606.7172141121409,0.0,20.835066803642118,540.942251388432,0.0,13.734848507428882,644.536914268687
0.0,1.8041538293656585,579.4326069088238,0.0,15.829994889918037,627.7392918276465,0.0,5.9944465943439615,393.26015041006605,0.0,16.819369570537912,620.1727097685713,0.0,20.77686829301742,557.563746022846,0.0,11.290511061191541,653.5693231176402
0.0,1.1639702124939733,580.363783078819,0.0,14.31683361367587,639.1927587185872,0.0,4.248491275603002,396.65894343054845,0.0,19.845692123022243,636.049263466989,0.0,20.485875739893928,573.9524466147611,0.0,9.60275425307528,654.3305459518474
0.0,0.87297765937048,581.0621652063154,0.0,13.56025297555479,650.040961099031,0.0,3.608307658731317,399.5455895575335,0.0,18.856317442402368,651.134317420911,0.0,17.052163613036708,587.5941775051905,0.0,9.60275425307528,654.3305459518474
0.0,0.698382127496384,581.6208709083126,0.0,13.269260422431296,654.3305459518474,0.0,4.3066897862277,402.99094138651566,0.0,20.485875739893928,654.3305459518474,0.0,15.946391911167435,600.3512910341244,0.0,10.068342338072869,654.3305459518474
0.0,0.5819851062469866,582.0864589933101,0.0,15.655399358043942,654.3305459518474,0.0,5.412461488096976,407.32091057699324,0.0,22.63922063300778,654.3305459518474,0.0,13.618451486179488,611.246052223068,0.0,8.496982551206004,654.3305459518474
0.0,0.5819851062469866,582.5520470783076,0.0,19.96208914427164,654.3305459518474,0.0,5.005071913724085,411.3249681079725,0.0,23.62859531362766,654.3305459518474,0.0,9.486357231825883,618.8351380085287,0.0,6.285439147467455,654.3305459518474
0.0,0.5819851062469866,583.0176351633052,0.0,22.057235526760792,654.3305459518474,0.0,4.888674892474688,415.23590802195224,0.0,23.686793824252355,654.3305459518474,0.0,6.401836168716853,623.9566069435022,0.0,5.412461488096976,654.3305459518474
0.0,0.349191063748192,583.2969880143037,0.0,23.337602760504165,654.3305459518474,0.0,7.914997444959019,421.56790597791945,0.0,23.395801271128864,654.3305459518474,0.0,5.063270424348783,628.0072232829812,0.0,5.354262977472277,654.3305459518474
0.0,0.11639702124939733,583.3901056313032,0.0,24.443374462373438,654.3305459518474,0.0,10.592128933695157,430.04160912487555,0.0,29.44844637609752,654.3305459518474,0.0,4.481285318101797,631.5922515374626,0.0,4.946873403099386,654.3305459518474
0.0,0.05819851062469866,558.4483041419279,0.0,28.400873184852944,654.3305459518474,0.0,11.581503614315034,416.62311273919056,0.0,24.79256552612163,654.123111477969,0.0,5.121468934973482,611.7137204724361,0.0,4.190292764978303,633.5208387168257
0.0,33.79178915999789,565.4817354699262,0.0,39.09535802898721,654.3305459518474,0.0,18.37818912702283,410.0013018662134,0.0,67.92455406566202,654.3305459518474,0.0,60.14185109116115,639.827201345365,0.0,36.19364781583424,642.4757569694931
0.0,82.60215127999486,548.083886749921,0.0,64.64485965120004,618.9754056030474,0.0,28.401050913838006,338.4023527800514,0.0,153.2620353450177,654.3305459518474,0.0,138.62444834718434,654.3305459518474,0.0,70.76091682401866,613.2366737935117
0.0,142.6764431199911,582.2250412459139,0.0,86.98708420937093,605.9624898124183,0.0,42.2131748709421,280.6155276509935,0.0,204.843847275093,654.3305459518474,0.0,187.77614167081765,654.3305459518474,0.0,91.40752471396144,604.6441985074732
0.0,175.44423866907997,642.5804321811778,0.0,109.29468983725269,613.3982416822205,0.0,50.26196766678761,230.8774953177811,0.0,234.7157584037572,654.3305459518474,0.0,213.34136301325418,654.3305459518474,0.0,100.51493005100512,605.0561425482773
0.0,190.8041428327154,654.3305459518474,0.0,109.79171736269767,621.2316155723786,0.0,46.576562287366144,177.45405760514723,0.0,236.86592380702933,654.3305459518474,0.0,217.25170257506258,654.3305459518474,0.0,103.13704251895834,607.5657765634439
0.0,179.19888190907974,654.3305459518474,0.0,84.52534843349649,605.756964005875,0.0,32.95643219177325,110.41048979692047,0.0,165.6676788486187,654.3305459518474,0.0,197.99399908000072,654.3305459518474,0.0,85.91160652549081,593.4773830889347
0.0,147.11374876726356,654.3305459518474,0.0,64.15401337645349,569.9109773823285,0.0,23.104986446990424,33.515476243910896,0.0,108.59930947061298,654.3305459518474,0.0,154.46248082619928,654.3305459518474,0.0,72.89854199690882,566.3759250858436
0.0,94.2074122036305,648.5379581554779,0.0,45.03160611270648,514.942583495035,45.15393030743034,21.33059344865876,0.0,0.0,82.29322721027907,636.6237731621264,0.0,87.68114142456734,642.0116873764148,0.0,43.78471238679401,510.16063747263763
0.0,29.0131523090891,577.551110464567,0.0,36.665061693560155,451.6076451885952,79.92151383447896,20.07848616552104,0.0,0.0,57.973754171296775,594.5975273334232,0.0,20.91552174315908,562.9272091195738,0.0,8.41838395008751,418.57902142272513
0.0,0.0,577.551110464567,0.0,35.26829743856739,479.8222831394491,0.0,21.067860846140917,16.854288676912734,0.0,47.43178615912941,632.5429562607267,0.0,5.412461488096976,567.2571783100514,0.0,7.798600423709622,424.81790176169284
0.0,0.0,577.551110464567,0.0,34.6863123323204,507.5713330053054,0.0,23.86138935612645,35.9434001618139,0.0,47.48998466975411,654.3305459518474,0.0,9.544555742450582,574.8928229040118,0.0,10.592128933695157,433.291604908649
0.0,0.0,577.551110464567,0.0,34.27892275794751,534.9944712116634,0.0,22.75561765425718,54.14789428521964,0.0,47.19899211663062,654.3305459518474,0.0,16.99396510241201,588.4879949859414,0.0,11.34870957181624,442.370572566102
0.0,0.0,577.551110464567,0.0,34.919106374819194,562.9297563115188,0.0,21.184257867390315,71.0953005791319,0.0,46.61700701038363,654.3305459518474,0.0,24.734367015496932,608.2754885983389,0.0,11.290511061191541,451.40298141505525
0.0,0.0,577.551110464567,0.0,34.97730488544389,590.9116002198739,0.0,19.845692123022243,86.9718542775497,0.0,46.67520552100833,654.3305459518474,0.0,29.623041907971622,631.9739221247162,0.0,10.766724465569252,460.01636098751067
0.0,0.0,577.551110464567,0.0,33.638739141075824,617.8225915327346,0.0,18.332530846780077,101.63787895497376,0.0,48.304763818499886,654.3305459518474,0.0,32.59116594983125,654.3305459518474,0.0,10.126540848697566,468.11759366646874
0.0,0.05819851062469866,577.5976692730668,0.0,30.437821056717404,642.1728483781085,0.0,15.364406804920447,113.92940439891012,0.0,49.87612360536675,654.3305459518474,0.0,30.437821056717404,654.3305459518474,0.0,9.660952763699978,475.8463558774287
0.0,0.05819851062469866,577.6442280815666,0.0,26.014734249240302,654.3305459518474,0.0,11.872496167438527,123.42740133286094,0.0,51.50568190285831,654.3305459518474,0.0,26.1311312704897,654.3305459518474,0.0,8.962570636203594,483.0164123863916
0.0,0.23279404249879465,577.8304633155656,0.0,22.057235526760792,654.3305459518474,0.0,9.020769146828293,130.64401665032358,0.0,52.553255094102894,654.3305459518474,0.0,25.025359568620424,654.3305459518474,0.0,7.158416806837935,488.74314583186197
0.0,0.4655880849975893,578.2029337835636,0.0,17.110362123661407,654.3305459518474,0.0,6.401836168716853,135.76548558529706,0.0,52.7860491366017,654.3305459518474,0.0,25.14175658986982,654.3305459518474,0.0,5.23786595622288,492.9334385968403
0.0,0.698382127496384,578.7616394855607,0.0,14.433230634925268,654.3305459518474,0.0,4.190292764978303,139.1177197972797,0.0,52.96064466847578,654.3305459518474,0.0,25.374550632368617,654.3305459518474,0.0,4.364888296852399,496.4253492343222
0.0,0.8147791487457813,579.4134628045574,0.0,10.126540848697566,654.3305459518474,0.0,2.15334489311385,140.84039571177078,0.0,52.49505658347819,654.3305459518474,0.0,24.559771483622836,654.3305459518474,0.0,4.073895743728906,499.68446582930534
0.0,1.1639702124939733,580.3446389745526,0.0,9.020769146828293,654.3305459518474,0.0,2.036947871864453,142.46995400926235,0.0,52.49505658347819,654.3305459518474,0.0,22.75561765425718,654.3305459518474,0.0,3.899300211854811,502.80390599878916
0.0,1.5713597868668638,581.601726804046,0.0,9.195364678702388,654.3305459518474,0.0,2.6771314887361384,144.61165920025127,0.0,52.029468498480604,654.3305459518474,0.0,21.30065488863971,654.3305459518474,0.0,3.550109148106618,505.64399331727446
0.0,3.460471197034521,560.0621980010806,0.0,9.311761699951786,638.6423076517992,0.0,3.4337121268572206,123.04537132710848,0.0,51.272887860359525,654.3305459518474,0.0,16.846128640715214,646.1766745925626,0.0,3.49191063748192,484.1359039547564
0.0,69.3531132190723,595.5446885763384,0.0,21.708222191997656,635.3505298437968,0.0,31.06581990117725,127.89802724805028,0.0,60.71376454092771,654.3305459518474,0.0,76.72074448807346,654.3305459518474,0.0,13.956780928959136,473.0926848837155
0.0,138.9768189007743,626.7261436969579,0.0,54.97622475637326,590.3267546001701,0.0,50.656994739763604,78.55502198781389,0.0,74.77758175059604,629.1081277024434,0.0,152.3012760729736,654.3305459518474,0.0,40.2078441685101,413.3005290522256
0.0,200.47463406594056,654.3305459518474,0.0,85.85958926556457,576.1863438657347,0.0,69.88793916464819,48.442961152462075,0.0,115.58162986514849,641.5734315945622,0.0,196.91498644830875,654.3305459518474,0.0,75.80696664771541,389.107495699941
0.0,224.61633208320706,654.3305459518474,0.0,135.8322429886421,604.8521382566483,0.0,130.51277667044403,72.8531824888173,0.0,159.07384881839067,654.3305459518474,0.0,222.18603574778004,654.3305459518474,0.0,95.87944929152306,384.98694499146404
0.0,227.5954954750203,654.3305459518474,0.0,150.01227949057477,644.8619618491082,0.0,197.00630300879422,150.45822489585268,0.0,198.4747736982668,654.3305459518474,0.0,227.60167672571873,654.3305459518474,0.0,103.32267740078603,387.6450869120929
0.0,211.96817833859694,654.3305459518474,0.0,106.4869424874718,650.0515158390856,0.0,176.30149660822676,211.4994221824341,0.0,176.06331127951762,654.3305459518474,0.0,209.90747315741186,654.3305459518474,0.0,103.65614874431053,390.5700059075413
0.0,173.1303393549023,654.3305459518474,0.0,74.75250128983215,624.8040171289177,0.0,129.83011426317134,235.36351359297117,0.0,146.0639637796504,654.3305459518474,0.0,166.44669364461708,654.3305459518474,0.0,82.66034979061955,373.23035569816085
0.0,109.62701575831893,654.3305459518474,0.0,56.798744608849205,581.602761737767,0.0,71.47033830146864,206.83385189443982,0.0,93.41567944826508,647.7462254001125,0.0,109.14703110454094,654.3305459518474,0.0,48.46903091636061,321.6993866145215
0.0,35.868036332421596,590.198582284269,0.0,48.82855041412218,530.4313121518892,0.0,16.706329768115324,123.54018166255514,0.0,45.36825694607271,593.1144823461852,0.0,53.21737374928024,607.5479197011276,0.0,9.956803416078627,231.6561900306001
0.0,3.550109148106618,593.0386696027543,0.0,47.7809772228776,568.6560939301912,0.0,4.190292764978303,126.89241587453779,0.0,29.85583595047041,616.9991511065616,0.0,36.141275097937864,636.4609397794779,0.0,0.174595531874096,231.7958664560994
0.0,4.772277871225291,596.8564918997346,0.0,49.23593998849507,608.0448459209873,0.0,8.438784040581305,133.64344310700284,0.0,24.734367015496932,636.7866447189591,0.0,38.23642148042702,654.3305459518474,0.0,0.23279404249879465,231.98210169009843
0.0,8.438784040581305,603.6075191321996,0.0,50.51630722223844,648.4578916987781,0.0,11.930694678063224,143.1879988494534,0.0,18.623523399903572,651.6854634388819,0.0,37.59623786355534,654.3305459518474,0.0,0.23279404249879465,232.16833692409747
0.0,13.443855954305391,614.3626038956439,0.0,51.214689349734826,654.3305459518474,0.0,11.75609914618913,152.59287816640472,0.0,15.71359786866864,654.3305459518474,0.0,36.37406914043667,654.3305459518474,0.0,0.23279404249879465,232.35457215809652
0.0,16.819369570537912,627.8180995520743,0.0,50.45810871161374,654.3305459518474,0.0,9.13716616807769,159.90261110086686,0.0,13.327458933055995,654.3305459518474,0.0,34.22072424732281,654.3305459518474,0.0,0.4655880849975893,232.7270426260946
0.0,16.17918595366623,640.7614483150072,0.0,47.48998466975411,654.3305459518474,0.0,6.92562276433914,165.44310931233818,0.0,14.491429145549967,654.3305459518474,0.0,32.35837190733246,654.3305459518474,0.0,0.9893746806198773,233.5185423705905
0.0,12.221687231186719,650.5387980999566,0.0,43.12509637290171,654.3305459518474,0.0,5.9944465943439615,170.23866658781336,0.0,16.64477403866382,654.3305459518474,0.0,32.35837190733246,654.3305459518474,0.0,1.5131612762421651,234.72907139158423
0.0,7.042019785588539,654.3305459518474,0.0,37.42164233168124,654.3305459518474,0.0,6.867424253714441,175.73260599078492,0.0,19.20550850615056,654.3305459518474,0.0,32.998555524204136,654.3305459518474,0.0,1.8623523399903572,236.2189532635765
0.0,3.9574987224795093,654.3305459518474,0.0,31.48539424796198,654.3305459518474,0.0,7.85679893433432,182.01804513825238,0.0,19.67109659114815,654.3305459518474,0.0,33.46414360920173,654.3305459518474,0.0,2.2115434037385495,237.98818798656734
0.0,2.6771314887361384,654.3305459518474,0.0,27.469697014857765,654.3305459518474,0.0,8.846173614954198,189.09498403021573,0.0,20.02028765489634,654.3305459518474,0.0,33.92973169419932,654.3305459518474,0.0,2.6771314887361384,240.12989317755626
0.0,2.6771314887361384,654.3305459518474,0.0,24.967161057995725,654.3305459518474,0.0,10.417533401821059,197.42901075167256,0.0,20.31128020801983,654.3305459518474,0.0,34.4535182898216,654.3305459518474,0.0,3.3755136162325226,242.83030407054227
0.0,3.4337121268572206,654.3305459518474,0.0,20.660471271768024,654.3305459518474,0.0,11.174114039942143,206.36830198362628,0.0,20.136684676145737,654.3305459518474,0.0,35.67568701294028,654.3305459518474,0.0,3.9574987224795093,245.99630304852587
0.0,3.9574987224795093,654.3305459518474,0.0,17.983339783031887,654.3305459518474,0.0,11.930694678063224,215.91285772607685,0.0,24.035984888000545,654.3305459518474,0.0,37.59623786355534,654.3305459518474,0.0,4.132094254353605,249.30197845200877
0.0,4.015697233104208,654.3305459518474,0.0,16.58657552803912,654.3305459518474,0.0,10.941319997443347,224.66591372403153,0.0,26.65491786611199,654.3305459518474,0.0,39.80778126729388,654.3305459518474,0.0,4.073895743728906,252.56109504699188
0.0,6.214700406460809,635.5452463583082,0.0,15.71359786866864,645.0441438205161,0.0,11.74823928607728,211.4141530101088,0.0,32.101998284498116,654.3305459518474,0.0,42.135721692281834,654.3305459518474,0.0,3.550109148106618,231.1112041950985
0.0,85.03076900600848,654.3305459518474,0.0,48.98477992288599,654.3305459518474,0.0,59.35683277344937,238.8996192288683,0.0,101.60612745510895,654.3305459518474,0.0,79.69469432266143,654.3305459518474,0.0,50.688434180211004,251.6619515392673
0.0,154.46415943561266,654.3305459518474,0.0,98.534502080352,652.8650480321994,0.0,113.76379038294263,249.9106515352224,0.0,171.3383702979485,654.3305459518474,0.0,181.25719756491117,654.3305459518474,0.0,111.6388831694195,260.9730580748029
0.0,197.63076690544221,654.3305459518474,0.0,161.18374722763033,654.3305459518474,0.0,142.34597353732332,283.78743036508104,0.0,221.06568974814527,654.3305459518474,0.0,230.58816679068866,654.3305459518474,0.0,150.54278052385067,301.40728249388343
0.0,219.8172951418045,654.3305459518474,0.0,188.20711082552612,654.3305459518474,0.0,162.151043208343,333.50826493175543,0.0,249.04062960653,654.3305459518474,0.0,253.79550914811819,654.3305459518474,0.0,151.0587072593611,342.25424830137234
0.0,220.49995754907715,654.3305459518474,0.0,191.7871585336518,654.3305459518474,0.0,168.5042193359604,388.31164040052374,0.0,252.98558809862757,654.3305459518474,0.0,255.2583317738475,654.3305459518474,0.0,130.45457815981933,366.6179108292278
0.0,199.33742292362393,654.3305459518474,0.0,153.94187372041876,654.3305459518474,0.0,156.9446166925675,433.86733375457777,0.0,234.92179337607868,654.3305459518474,0.0,233.71198715435696,654.3305459518474,0.0,136.9902096794227,396.21007857276595
0.0,151.551054414536,654.3305459518474,0.0,111.14335652440286,654.3305459518474,0.0,125.81273842065372,454.51752449110074,0.0,192.48350659376462,654.3305459518474,0.0,177.79186826862147,654.3305459518474,0.0,133.51869913243456,423.0250378787136
0.0,80.21283285454044,634.5433788063879,0.0,54.509135790947326,608.8396817427947,0.0,72.8671025564614,427.38462704756216,0.0,122.70410459025399,654.3305459518474,0.0,106.40330805811308,654.3305459518474,0.0,48.701824958859405,371.726862837573
0.0,21.220733136077925,555.7641119424658,0.0,10.287095269761368,519.1267770125561,0.0,19.852228831690805,347.23685587925297,0.0,56.55976931565196,610.8903152674993,0.0,63.96184178595723,618.2923877378046,0.0,3.9024797016965618,275.62934253926954
0.0,0.2909925531234933,555.9969059849645,0.0,2.036947871864453,520.7563353100477,0.0,3.550109148106618,350.0769431977383,0.0,41.14634701166195,643.8073928768289,0.0,55.695974667836616,654.3305459518474,0.0,4.888674892474688,279.5402824532493
0.0,0.6401836168716852,556.509052878462,0.0,2.5025359568620424,522.7583640755373,0.0,5.470659998721674,354.4534711967156,0.0,43.00869935165231,654.3305459518474,0.0,54.88119551909084,654.3305459518474,0.0,8.6715780830801,286.47754491971335
0.0,0.9893746806198773,557.3005526229579,0.0,3.317315105607824,525.4122161600236,0.0,9.311761699951786,361.902880556677,0.0,40.68075892666436,654.3305459518474,0.0,55.92876871033541,654.3305459518474,0.0,12.221687231186719,296.2548947046627
0.0,1.4549627656174666,558.4645228354518,0.0,4.073895743728906,528.6713327550067,0.0,12.57087829493491,371.95958319262496,0.0,39.4585902035457,654.3305459518474,0.0,55.055791050964935,654.3305459518474,0.0,15.480803826169845,308.6395377655986
0.0,2.0951463824891516,560.1406399414432,0.0,4.888674892474688,532.5822726689864,0.0,17.110362123661407,385.6478728915541,0.0,41.61193509665954,654.3305459518474,0.0,54.41560743409325,654.3305459518474,0.0,16.819369570537912,322.09503342202896
0.0,2.61893297811144,562.2357863239323,0.0,6.0526451049686605,537.4243887529614,0.0,23.919587866751147,404.78354318495496,0.0,41.78653062853363,654.3305459518474,0.0,54.00821785972036,654.3305459518474,0.0,15.888193400542736,334.80558814246314
0.0,2.5025359568620424,564.2378150894219,0.0,6.809225743089744,542.8717693474332,0.0,25.374550632368617,425.08318369084986,0.0,44.40546360664508,654.3305459518474,0.0,53.89182083847097,654.3305459518474,0.0,15.539002336794544,347.2367900118988
0.0,2.0951463824891516,565.9139321954133,0.0,6.285439147467455,547.9001206654071,0.0,27.29510148298367,446.9192648772368,0.0,46.73340403163303,654.3305459518474,0.0,54.29921041284385,654.3305459518474,0.0,13.793047018053581,358.27122762634167
0.0,1.6877568081162613,567.2641376419062,0.0,5.9944465943439615,552.6956779408823,0.0,28.400873184852944,469.63996342511916,0.0,46.09322041476134,654.3305459518474,0.0,55.34678360408843,654.3305459518474,0.0,11.406908082440939,367.39675409229443
0.0,1.6295582974915626,568.5677842798995,0.0,6.460034679341552,557.8637056843555,0.0,30.205027014218608,493.80398503649405,0.0,43.76527998977339,654.3305459518474,0.0,55.98696722096011,654.3305459518474,0.0,10.592128933695157,375.8704572392505
0.0,2.036947871864453,570.197342577391,0.0,6.809225743089744,563.3110862788274,0.0,32.59116594983125,519.8769177963591,0.0,43.5324859472746,654.3305459518474,0.0,56.510753816582394,654.3305459518474,0.0,10.533930423070458,384.29760157770687
0.0,2.560734467486741,572.2459301513804,0.0,6.576431700590949,568.5722316393001,0.0,37.07245126793305,549.5348788107055,0.0,43.998074032272186,654.3305459518474,0.0,57.09273892282938,654.3305459518474,0.0,11.232312550566842,393.28345161816037
0.0,2.8517270206102348,574.5273117678686,0.0,8.904372125578895,575.6957293397631,0.0,41.72833211790894,582.9175445050327,0.0,42.36851573478063,654.3305459518474,0.0,57.500128497202276,654.3305459518474,0.0,11.81429765681383,402.73488974361146
0.0,2.9099255312349332,576.8552521928565,0.0,11.639702124939733,585.007491039715,0.0,44.92925020226737,618.8609446668465,0.0,40.56436190541496,654.3305459518474,0.0,57.67472402907638,654.3305459518474,0.0,11.988893188687923,412.3260042945618
0.0,5.69877367095037,557.5540258638068,0.0,13.793047018053581,573.8005380577686,0.0,44.40546360664508,634.3853155521626,0.0,38.76020807604931,654.3305459518474,0.0,57.67472402907638,654.3305459518474,0.0,11.697900635564432,399.02390493012626
0.0,83.34769256816232,604.2321799183367,0.0,57.507020663840954,599.8061545888413,0.0,78.99163182489495,654.3305459518474,0.0,42.71152554783038,654.3305459518474,0.0,90.78385078180159,654.3305459518474,0.0,50.07015153426147,419.0800261575354
0.0,152.38155328350547,646.137422545141,0.0,127.52239619969212,621.824071548595,0.0,133.99161389058884,654.3305459518474,0.0,47.75607449109876,602.0866204429461,0.0,128.6716143854356,654.3305459518474,0.0,92.98038538125667,412.0604115387921
0.0,195.3578455012372,654.3305459518474,0.0,196.37212291363593,654.3305459518474,0.0,189.57040157268793,654.3305459518474,0.0,43.8646341393558,545.9512545823019,0.0,153.9301234545249,654.3305459518474,0.0,127.44697708841538,434.0179932095244
0.0,217.14484402333844,654.3305459518474,0.0,229.0375625522857,654.3305459518474,0.0,220.4459062217674,654.3305459518474,0.0,34.20986262635427,480.16111720865615,0.0,179.13043401298955,654.3305459518474,0.0,171.29306747567583,491.05244719006504
0.0,218.90969855214482,654.3305459518474,0.0,237.35526920134748,654.3305459518474,0.0,222.6495897653941,654.3305459518474,0.0,41.41243683300661,421.57355404166276,0.0,197.55445914924016,654.3305459518474,0.0,169.39291671555458,546.5667805625087
0.0,201.6182041879408,654.3305459518474,0.0,218.48137570032299,654.3305459518474,0.0,204.59047541311534,654.3305459518474,0.0,45.64370750795756,367.21726154962033,0.0,197.19740822538012,654.3305459518474,0.0,142.2185371661203,580.341610295405
0.0,163.33877073015756,654.3305459518474,0.0,178.8240771976125,654.3305459518474,0.0,173.69607155397043,654.3305459518474,0.0,44.73611091829794,311.95337246791826,0.0,144.03469803891275,654.3305459518474,0.0,99.6685337328269,580.0101440282318
0.0,102.26406485958786,654.3305459518474,0.0,118.65228754643226,654.3305459518474,0.0,118.12832322182493,654.3305459518474,0.0,37.19220550800925,249.1455779759275,0.0,110.0872125571062,654.3305459518474,0.0,52.805481533622306,532.8156255618542
0.0,34.793704070999716,589.1242500228471,0.0,49.31171455774192,603.6422605095893,0.0,60.9278371023461,615.2583830541935,0.0,25.12603686964612,174.27161484557362,0.0,64.07673792677829,618.4072838786257,0.0,22.839074354630828,455.654699916485
0.0,7.682203402460224,595.2700127448153,0.0,30.437821056717404,627.9925173549632,0.0,39.3421931822963,646.7321376000305,0.0,27.469697014857765,196.24737245745985,0.0,49.93432211599145,654.3305459518474,0.0,20.544074250518626,472.0899593168999
0.0,10.824922976193951,603.9299511257705,0.0,31.834585311710175,653.4601856043313,0.0,37.59623786355534,654.3305459518474,0.0,29.15745382297403,219.57333551583906,0.0,48.24656530787519,654.3305459518474,0.0,22.98841169675597,490.4806886743047
0.0,11.697900635564432,613.288271634222,0.0,35.09370190669329,654.3305459518474,0.0,37.47984084230594,654.3305459518474,0.0,31.136203184213784,244.4822980632101,0.0,47.08259509538122,654.3305459518474,0.0,23.337602760504165,509.15077088270806
0.0,9.893746806198772,621.203269079181,0.0,39.1093991397975,654.3305459518474,0.0,39.516788714170396,654.3305459518474,0.0,32.70756297108065,270.64834844007464,0.0,45.336639776640254,654.3305459518474,0.0,23.686793824252355,528.1002059421099
0.0,5.878049573094565,625.9057087376567,0.0,42.019324671032436,654.3305459518474,0.0,43.00869935165231,654.3305459518474,0.0,34.104327226073416,297.93181022093336,0.0,44.521860627894476,654.3305459518474,0.0,24.734367015496932,547.8876995545074
0.0,2.3279404249879465,627.7680610776471,0.0,42.60130977727942,654.3305459518474,0.0,46.03502190413665,654.3305459518474,0.0,34.569915311071,325.58774246979016,0.0,44.69645615976857,654.3305459518474,0.0,25.14175658986982,568.0011048264033
0.0,0.7565806381210826,628.373325588144,0.0,41.26274403291135,654.3305459518474,0.0,48.362962329124585,654.3305459518474,0.0,38.41101701230112,356.316556079631,0.0,43.64888296852399,654.3305459518474,0.0,24.559771483622836,587.6489220133016
0.0,0.5237865956222879,628.7923548646418,0.0,38.81840658667401,654.3305459518474,0.0,49.75972658411735,654.3305459518474,0.0,40.73895743728906,388.90772202946226,0.0,40.79715594791376,654.3305459518474,0.0,22.98841169675597,606.0396513707063
0.0,1.2803672337433705,629.8166486516365,0.0,37.770833395429435,654.3305459518474,0.0,49.87612360536675,654.3305459518474,0.0,36.19947360856257,417.86730091631233,0.0,37.65443637418004,654.3305459518474,0.0,20.485875739893928,622.4283519626215
0.0,2.9099255312349332,632.1445890766244,0.0,38.12002445917762,654.3305459518474,0.0,50.34171169036434,654.3305459518474,0.0,34.04612871544872,445.1042038886713,0.0,34.6863123323204,654.3305459518474,0.0,19.438302548649354,637.978994001541
0.0,4.190292764978303,635.496823288607,0.0,39.4585902035457,654.3305459518474,0.0,50.34171169036434,654.3305459518474,0.0,33.34774658795233,471.78240115903316,0.0,35.03550339606859,654.3305459518474,0.0,19.321905527399956,653.4365184234609
0.0,4.772277871225291,639.3146455855872,0.0,40.447964884165565,654.3305459518474,0.0,49.468734030993865,654.3305459518474,0.0,34.97730488544389,499.7642450673883,0.0,35.09370190669329,654.3305459518474,0.0,20.36947871864453,654.3305459518474
0.0,4.772277871225291,643.1324678825674,0.0,39.1093991397975,654.3305459518474,0.0,50.63270424348784,654.3305459518474,0.0,37.42164233168124,529.7015589327333,0.0,34.33712126857221,654.3305459518474,0.0,22.057235526760792,654.3305459518474
0.0,5.121468934973482,647.2296430305462,0.0,36.024878076688466,654.3305459518474,0.0,47.48998466975411,654.3305459518474,0.0,36.25767211918726,558.7076966280831,0.0,30.903409141714988,654.3305459518474,0.0,22.75561765425718,654.3305459518474
0.0,5.5713372997473725,627.8009803302936,0.0,33.69693765170052,654.3305459518474,0.0,43.998074032272186,654.3305459518474,0.0,34.569915311071,566.3636288769399,0.0,27.236902972358976,654.3305459518474,0.0,23.08122913766982,652.4117750895172
0.0,66.86779786286229,654.3305459518474,0.0,72.045608970062,654.3305459518474,0.0,81.3841297401911,654.3305459518474,0.0,67.06879700694358,600.0186664824947,0.0,44.798989799192725,654.3305459518474,0.0,66.49166999995175,654.3305459518474
0.0,146.75819872383184,654.3305459518474,0.0,129.73376187444563,654.3305459518474,0.0,100.45787696283868,654.3305459518474,0.0,92.39972342645297,592.4183899089477,0.0,67.93877290545737,622.2693188573048,0.0,84.429706960711,638.7602529125584
0.0,194.30709282015087,654.3305459518474,0.0,143.85577759473867,654.3305459518474,0.0,111.45289282962169,654.3305459518474,0.0,112.54144393083891,602.4515450536188,0.0,84.24557295931164,606.5148918166165,0.0,121.98717871066226,654.3305459518474
0.0,213.00639078930132,654.3305459518474,0.0,174.2106751380376,654.3305459518474,0.0,137.11879147308392,654.3305459518474,0.0,117.8124279369226,616.7014874031569,0.0,102.53112237440568,608.5397897161411,0.0,193.5361156132494,654.3305459518474
0.0,209.81015307521298,654.3305459518474,0.0,189.5013414410947,654.3305459518474,0.0,158.15388972733413,654.3305459518474,0.0,139.50660901810997,648.3067746176448,0.0,127.89180962494906,630.8532374161003,0.0,225.47491317379712,654.3305459518474
0.0,189.04714816402083,654.3305459518474,0.0,166.47327498580935,654.3305459518474,0.0,158.92150971540883,654.3305459518474,0.0,162.47329747292883,654.3305459518474,0.0,138.52023609834677,654.3305459518474,0.0,211.22078071203103,654.3305459518474
0.0,155.22074007373374,654.3305459518474,0.0,132.66576610558775,654.3305459518474,0.0,110.33926126764055,654.3305459518474,0.0,143.98321396594164,654.3305459518474,0.0,117.6518735158588,654.3305459518474,0.0,169.7608292603832,654.3305459518474
0.0,104.6659235154242,654.3305459518474,0.0,84.64978304384277,638.9803289956901,0.0,60.53484409675363,614.8653900486011,0.0,82.57353587141908,636.9040818232664,0.0,92.22980826484897,646.5603542166964,0.0,102.88349292799562,654.3305459518474
0.0,41.9867398081268,596.3172857599742,0.0,38.70536678425142,577.6856957799415,0.0,28.515769325674,543.3811593742751,0.0,30.46475785587976,567.3688396791462,0.0,37.127648017701055,583.6880022343975,0.0,43.53116279583131,597.8617087476787
0.0,14.142238081801773,607.6310762254157,0.0,23.51219829237826,596.4954544138441,0.0,23.803190845501753,562.4237120506765,0.0,12.338084252436117,577.239307081095,0.0,26.072932759865,604.5463484422895,0.0,27.877086589230657,620.1633780190632
0.0,14.898818719922858,619.5501312013539,0.0,22.348228079884287,614.3740368777515,0.0,23.686793824252355,581.3731471100784,0.0,8.6715780830801,584.1765695475591,0.0,24.443374462373438,624.1010480121882,0.0,28.400873184852944,642.8840765669455
0.0,16.353781485540324,632.6331563897861,0.0,19.96208914427164,630.3437081931687,0.0,22.930213186131272,599.7173176589835,0.0,6.110843615593359,589.0652444400338,0.0,25.025359568620424,644.1213356670846,0.0,28.63366722735174,654.3305459518474
0.0,16.295582974915625,645.6696227697186,0.0,17.80874425115779,644.590703594095,0.0,22.057235526760792,617.3631060803921,0.0,4.073895743728906,592.3243610350169,0.0,28.517270206102342,654.3305459518474,0.0,29.73943892922102,654.3305459518474
0.0,14.72422318804876,654.3305459518474,0.0,15.422605315545146,654.3305459518474,0.0,19.61289808052345,633.0534245448108,0.0,1.4549627656174666,593.4883312475108,0.0,30.728813609840895,654.3305459518474,0.0,33.23134956670293,654.3305459518474
0.0,14.142238081801773,654.3305459518474,0.0,13.269260422431296,654.3305459518474,0.0,16.237384464290926,646.0433321162435,0.0,0.4655880849975893,593.8608017155088,0.0,30.03043148234451,654.3305459518474,0.0,34.569915311071,654.3305459518474
0.0,13.734848507428882,654.3305459518474,0.0,11.523305103690335,654.3305459518474,0.0,13.793047018053581,654.3305459518474,0.0,0.6401836168716852,594.3729486090062,0.0,29.506644886722224,654.3305459518474,0.0,35.50109148106618,654.3305459518474
0.0,13.211061911806597,654.3305459518474,0.0,9.777349784949376,654.3305459518474,0.0,12.16348872056202,654.3305459518474,0.0,1.9787493612397546,595.9559480979981,0.0,30.787012120465597,654.3305459518474,0.0,35.38469445981679,654.3305459518474
0.0,11.174114039942143,654.3305459518474,0.0,7.042019785588539,654.3305459518474,0.0,11.406908082440939,654.3305459518474,0.0,4.073895743728906,599.2150646929812,0.0,32.940357013579444,654.3305459518474,0.0,32.30017339670776,654.3305459518474
0.0,9.893746806198772,654.3305459518474,0.0,5.412461488096976,654.3305459518474,0.0,10.533930423070458,654.3305459518474,0.0,5.005071913724085,603.2191222239604,0.0,37.01425275730835,654.3305459518474,0.0,30.845210631090293,654.3305459518474
0.0,9.544555742450582,654.3305459518474,0.0,4.597682339351194,654.3305459518474,0.0,9.078967657452992,654.3305459518474,0.0,4.3066897862277,606.6644740529426,0.0,39.691384246044485,654.3305459518474,0.0,31.48539424796198,654.3305459518474
0.0,9.544555742450582,654.3305459518474,0.0,3.550109148106618,654.3305459518474,0.0,8.147791487457813,654.3305459518474,0.0,4.190292764978303,610.0167082649252,0.0,41.32094254353605,654.3305459518474,0.0,31.543592758586676,654.3305459518474
0.0,9.719151274324677,654.3305459518474,0.0,2.61893297811144,654.3305459518474,0.0,7.624004891835525,654.3305459518474,0.0,4.248491275603002,613.4155012854077,0.0,39.3421931822963,654.3305459518474,0.0,31.543592758586676,654.3305459518474
0.0,10.88312148681865,654.3305459518474,0.0,1.9787493612397546,654.3305459518474,0.0,6.460034679341552,654.3305459518474,0.0,4.015697233104208,616.628059071891,0.0,37.247046799807144,654.3305459518474,0.0,31.543592758586676,654.3305459518474
0.0,16.16664572328428,645.4971916751317,0.0,1.6877568081162613,631.0183027599637,0.0,4.248491275603002,633.5790372274504,0.0,3.4337121268572206,595.0617711987483,0.0,35.09370190669329,654.3305459518474,0.0,31.826725451598325,654.3305459518474
0.0,96.04600723430025,654.3305459518474,0.0,27.846002606753377,633.2951048453664,0.0,10.120359597999123,618.6993968254495,0.0,16.838446509588422,586.9002177083366,0.0,81.96779345585148,654.3305459518474,0.0,88.91717352951123,654.3305459518474
0.0,160.048036965742,654.3305459518474,0.0,73.06059729840096,606.3557021437673,0.0,35.863355962151495,554.5627527876011,0.0,41.115440758169726,528.0156584665064,0.0,143.42630932045859,654.3305459518474,0.0,152.85782526048655,654.3305459518474
0.0,200.37077727507315,654.3305459518474,0.0,108.83431530948036,613.4231543913515,0.0,63.22019090357172,517.7829436911728,0.0,71.03618965691845,499.0518481234248,0.0,180.01948685055382,654.3305459518474,0.0,205.42901187118173,654.3305459518474
0.0,223.3878043804049,654.3305459518474,0.0,145.86482097396757,650.1150111705256,0.0,81.19434767504846,498.97729136622127,0.0,60.29604653254145,459.34789465596623,0.0,159.49395635213054,654.3305459518474,0.0,235.4944177417855,654.3305459518474
0.0,227.13926813056293,654.3305459518474,0.0,141.4275153266951,654.3305459518474,0.0,80.73661945016272,479.713910816384,0.0,56.94879286691457,416.2966875228808,0.0,110.61435637155529,654.3305459518474,0.0,240.96357686007883,654.3305459518474
0.0,210.778949936354,654.3305459518474,0.0,124.98541904152597,654.3305459518474,0.0,77.43184457493686,457.14575539132085,0.0,58.88038306748323,375.17707059036405,0.0,122.1267998542771,654.3305459518474,0.0,224.20690844145068,654.3305459518474
0.0,171.91753137232382,654.3305459518474,0.0,90.16963627061908,644.5001822224665,0.0,67.30044562698413,424.446201018305,0.0,61.20364312220107,336.3807137125651,0.0,91.49980896792013,645.8303549197675,0.0,186.22950688674456,654.3305459518474
0.0,113.6866926622525,654.3305459518474,0.0,47.50323581607629,592.0034180385428,0.0,42.32506925090645,366.7712702692114,0.0,50.8897887822624,287.2705024948275,0.0,72.45449942486326,618.2848543446307,0.0,120.48788081624534,654.3305459518474
0.0,53.70822002402678,608.0387659758742,0.0,9.673670723066984,501.67708876160975,0.0,10.239936109090271,277.01120637830167,0.0,11.911973196982832,199.18247569181034,0.0,43.526304696576155,561.8111590412069,0.0,54.870511627107355,609.2010575789548
0.0,33.87153318357462,635.1359925227339,0.0,0.23279404249879465,501.86332399560877,0.0,0.0,277.01120637830167,0.0,1.74595531874096,200.5792399468031,0.0,34.628113821695706,589.5136500985635,0.0,30.5542180779668,633.6444320413282
0.0,39.2839946716716,654.3305459518474,0.0,0.174595531874096,502.003000421108,0.0,0.11639702124939733,277.1043239953012,0.0,2.9681240418596317,202.95373918029082,0.0,33.580540630451125,616.3780826029245,0.0,27.236902972358976,654.3305459518474
0.0,40.68075892666436,654.3305459518474,0.0,0.11639702124939733,502.09611803810753,0.0,0.7565806381210826,277.709588505798,0.0,4.190292764978303,206.30597339227347,0.0,32.30017339670776,642.2182213202907,0.0,23.337602760504165,654.3305459518474
0.0,39.92417828854328,654.3305459518474,0.0,0.0,502.09611803810753,0.0,2.2115434037385495,279.4788232287889,0.0,4.888674892474688,210.21691330625322,0.0,32.125577864833666,654.3305459518474,0.0,20.485875739893928,654.3305459518474
0.0,35.79208403418968,654.3305459518474,0.0,0.0,502.09611803810753,0.0,4.248491275603002,282.8776162492713,0.0,5.412461488096976,214.5468824967308,0.0,32.70756297108065,654.3305459518474,0.0,18.157935314905984,654.3305459518474
0.0,28.400873184852944,654.3305459518474,0.0,0.0,502.09611803810753,0.0,5.878049573094565,287.58005590774695,0.0,5.587057019971072,219.01652811270765,0.0,33.75513616232522,654.3305459518474,0.0,16.062788932416833,654.3305459518474
0.0,26.014734249240302,654.3305459518474,0.0,0.11639702124939733,502.18923565510704,0.0,6.343637658092154,292.65496603422065,0.0,6.227240636842756,223.99832062218186,0.0,35.21009892794269,654.3305459518474,0.0,14.666024677424062,654.3305459518474
0.0,24.734367015496932,654.3305459518474,0.0,0.349191063748192,502.4685885061056,0.0,5.878049573094565,297.3574056926963,0.0,7.740401913084923,230.19064215264981,0.0,36.95605424668366,654.3305459518474,0.0,14.258635103051171,654.3305459518474
0.0,28.691865737976443,654.3305459518474,0.0,0.5819851062469866,502.9341765911032,0.0,5.412461488096976,301.6873748831739,0.0,8.380585529956607,236.8951105766151,0.0,37.130649778557746,654.3305459518474,0.0,15.71359786866864,654.3305459518474
0.0,24.035984888000545,654.3305459518474,0.0,0.5237865956222879,503.35320586760105,0.0,6.285439147467455,306.71572620114785,0.0,8.438784040581305,243.64613780908016,0.0,34.22072424732281,654.3305459518474,0.0,16.17918595366623,654.3305459518474
0.0,21.358853399264408,654.3305459518474,0.0,0.349191063748192,503.6325587185996,0.0,8.205989998082512,313.2805181996139,0.0,8.846173614954198,250.7230767010435,0.0,33.17315105607824,654.3305459518474,0.0,15.71359786866864,654.3305459518474
0.0,19.380104038024655,654.3305459518474,0.0,0.174595531874096,503.7722351440989,0.0,10.941319997443347,322.03357419756856,0.0,10.417533401821059,259.05710342250035,0.0,34.27892275794751,654.3305459518474,0.0,14.491429145549967,654.3305459518474
0.0,16.819369570537912,654.3305459518474,0.0,0.05819851062469866,503.81879395259864,0.0,13.676649996804183,332.9748941950119,0.0,10.941319997443347,267.810159420455,0.0,33.75513616232522,654.3305459518474,0.0,12.745473826809006,654.3305459518474
0.0,14.78242169867346,654.3305459518474,0.0,0.0,503.81879395259864,0.0,15.946391911167435,345.73200772394586,0.0,10.417533401821059,276.14418614191186,0.0,36.08307658731317,654.3305459518474,0.0,11.057717018692745,654.3305459518474
0.0,22.417465940462584,651.7480118923099,0.0,0.0,478.81879395259864,0.0,18.518165728607777,339.2501734525536,0.0,9.020769146828293,260.16495528874015,0.0,38.76020807604931,654.3305459518474,0.0,11.290511061191541,640.6210570130389
0.0,94.43199092804733,654.3305459518474,0.0,42.666400454542796,492.9519143162329,0.0,86.6287101340676,388.5531415598077,0.0,25.19077208893938,260.31757295989166,0.0,73.43601424537128,654.3305459518474,0.0,22.779374963577784,638.4004319766167
0.0,166.82714641982764,654.3305459518474,0.0,103.08202349817539,495.4175331147732,0.0,149.75776220613886,428.35935132471883,0.0,46.22436946276126,206.54194242265294,0.0,125.86104300378305,654.3305459518474,0.0,47.16490637329664,585.5653383499133
0.0,210.13841086151223,654.3305459518474,0.0,150.18572959999062,535.5661167947658,0.0,197.10062133013642,506.039848388828,0.0,49.931853542089925,156.47379596474286,0.0,168.00515774313192,654.3305459518474,0.0,96.39519829804844,581.9605366479617
0.0,232.3374793282564,654.3305459518474,0.0,192.51079885089706,609.5747558754834,0.0,217.76612843014468,600.2527511329438,0.0,42.4650458524914,98.93884181723426,0.0,197.44292022724593,654.3305459518474,0.0,167.393589534836,635.8754082758305
0.0,228.61109603886234,654.3305459518474,0.0,196.26544209089684,654.3305459518474,0.0,218.64228557935692,654.3305459518474,0.0,47.309741074136745,46.24858289137101,0.0,199.34457186779557,654.3305459518474,0.0,226.6970818969158,654.3305459518474
0.0,214.62587743031247,654.3305459518474,0.0,177.15089468726168,654.3305459518474,0.0,200.8773432700434,654.3305459518474,15.657618532673503,38.09379857595549,0.0,0.0,179.2453301538106,654.3305459518474,0.0,207.0319888274811,654.3305459518474
0.0,192.3165931930173,654.3305459518474,0.0,145.40709274908184,654.3305459518474,0.0,162.53185144152363,654.3305459518474,78.40649621983835,21.59350378016166,0.0,0.0,139.4495559299435,654.3305459518474,0.0,127.12904773612954,654.3305459518474
0.0,113.31020934137183,654.3305459518474,0.0,87.72211933453998,642.0526652863874,0.0,100.86730060459509,654.3305459518474,89.83716161159988,10.162838388400123,0.0,0.0,82.35442748176047,636.6849734336079,0.0,82.13938722686889,636.4699331787162
0.0,60.16321887512812,614.4937648269755,0.0,24.292713968805003,566.3453792551925,0.0,32.79137512942442,587.1219210812718,97.43926553251326,2.560734467486741,0.0,0.0,55.579577646587225,592.2645510801951,0.0,43.49336437570041,579.9632975544166
0.0,52.14586551973,654.3305459518474,0.0,0.23279404249879465,566.5316144891915,0.0,2.444337446237344,589.0773910382617,0.0,3.3755136162325226,2.700410892986018,0.0,56.33615828470831,637.3334777079618,0.0,34.104327226073416,607.2467593352753
0.0,52.14586551973,654.3305459518474,0.0,0.349191063748192,566.81096734019,0.0,2.9681240418596317,591.4518902717493,0.0,4.597682339351194,6.378556764466974,0.0,56.918143390955294,654.3305459518474,0.0,34.6863123323204,634.9958092011317
0.0,48.24656530787519,654.3305459518474,0.0,0.2909925531234933,567.0437613826888,0.0,2.3861389356126455,593.3608014202395,0.0,6.285439147467455,11.406908082440939,0.0,57.32553296532818,654.3305459518474,0.0,36.490466161686065,654.3305459518474
0.0,48.362962329124585,654.3305459518474,0.0,0.174595531874096,567.183437808188,0.0,1.5713597868668638,594.6178892497329,0.0,6.692828721840346,16.761171059913217,0.0,57.500128497202276,654.3305459518474,0.0,37.130649778557746,654.3305459518474
0.0,49.06134445662097,654.3305459518474,0.0,0.05819851062469866,567.2299966166878,0.0,1.0475731912445758,595.4559478027286,0.0,9.078967657452992,24.02434518587561,0.0,57.500128497202276,654.3305459518474,0.0,35.79208403418968,654.3305459518474
0.0,49.70152807349266,654.3305459518474,0.0,0.11639702124939733,567.3231142336873,0.0,0.8147791487457813,596.1077711217252,0.0,11.290511061191541,33.05675403482884,0.0,57.500128497202276,654.3305459518474,0.0,37.94542892730353,654.3305459518474
0.0,54.29921041284385,654.3305459518474,0.0,0.23279404249879465,567.5093494676863,0.0,0.8147791487457813,596.7595944407219,0.0,13.211061911806597,43.62560356427412,0.0,57.441929986577584,654.3305459518474,0.0,42.25211871353123,654.3305459518474
0.0,55.28858509346373,654.3305459518474,0.0,0.349191063748192,567.7887023186848,0.0,0.7565806381210826,597.3648589512188,0.0,14.898818719922858,55.54465854021241,0.0,57.26733445470348,654.3305459518474,0.0,45.220242755390856,654.3305459518474
0.0,56.6271508378318,654.3305459518474,0.0,0.40738957437289064,568.1146139781831,0.0,0.6401836168716852,597.8770058447162,0.0,13.56025297555479,66.39286092065625,0.0,57.09273892282938,654.3305459518474,0.0,44.05627254289689,654.3305459518474
0.0,57.09273892282938,654.3305459518474,0.0,0.349191063748192,568.3939668291816,0.0,0.5819851062469866,598.3425939297138,0.0,12.221687231186719,76.17021070560563,0.0,56.80174636970589,654.3305459518474,0.0,42.775905309153515,654.3305459518474
0.0,57.034540412204684,654.3305459518474,0.0,0.2909925531234933,568.6267608716804,0.0,0.87297765937048,599.0409760572102,0.0,10.533930423070458,84.597355044062,0.0,56.394356795333,654.3305459518474,0.0,41.029949990412554,654.3305459518474
0.0,56.7435478590812,654.3305459518474,0.0,0.174595531874096,568.7664372971797,0.0,1.6295582974915626,600.3446226952034,0.0,9.95194531682347,92.55891129752078,0.0,55.87057019971072,654.3305459518474,0.0,38.58561254417521,654.3305459518474
0.0,56.394356795333,654.3305459518474,0.0,0.0,568.7664372971797,0.0,2.9681240418596317,602.719121928691,0.0,10.068342338072869,100.61358516797907,0.0,55.34678360408843,654.3305459518474,0.0,35.26829743856739,654.3305459518474
0.0,55.92876871033541,654.3305459518474,0.0,0.0,568.7664372971797,0.0,4.655880849975893,606.4438266086718,0.0,10.708525954944554,109.18040593193471,0.0,54.532004455342644,654.3305459518474,0.0,31.834585311710175,654.3305459518474
0.0,56.428975725622145,654.3305459518474,0.0,0.6826624072726847,544.4490997044524,0.0,8.849353104795949,590.2931797134677,0.0,11.174114039942143,95.35451997187685,0.0,53.42623275347337,654.3305459518474,0.0,35.966679566063775,654.3305459518474
0.0,116.3286720337443,654.3305459518474,0.0,50.17568693454233,564.5896492520862,0.0,82.31733997756979,636.1470516955235,0.0,39.58956152256055,107.0261691899253,0.0,56.47463400586491,654.3305459518474,0.0,43.88017613059444,654.3305459518474
0.0,181.4065349070363,654.3305459518474,0.0,107.91885885970888,570.9247363398533,0.0,148.13138339848908,654.3305459518474,0.0,100.12794056712606,107.12852164362614,0.0,67.32331429137946,621.6538602432269,0.0,51.280925449456426,605.6114714013038
0.0,224.64706060771425,654.3305459518474,0.0,168.05134921032982,625.3658157081172,0.0,188.32668733661723,654.3305459518474,0.0,159.26319637701528,154.53907874523838,0.0,89.66871833939211,611.3225785826189,0.0,78.53708308985097,584.1485544911548
0.0,250.30509939106457,654.3305459518474,0.0,211.85814029703104,654.3305459518474,0.0,210.3464799012172,654.3305459518474,0.0,197.2594971417868,232.34667645866784,0.0,123.70902126211249,630.2897955923089,0.0,112.93911730670149,594.4998483365159
0.0,256.5072595671434,654.3305459518474,0.0,216.75317416918924,654.3305459518474,0.0,212.1695329406483,654.3305459518474,0.0,202.46442277713396,314.31821468037504,0.0,137.77751884205094,654.3305459518474,0.0,103.74825526928414,597.4984525519433
0.0,240.5653702972611,654.3305459518474,0.0,201.3350714949291,654.3305459518474,0.0,196.64289310525066,654.3305459518474,0.0,184.91655479009557,382.2514585124515,0.0,118.53085469694267,654.3305459518474,0.0,72.15546928264285,569.6539218345861
0.0,203.32882966045236,654.3305459518474,0.0,163.33091087004576,654.3305459518474,0.0,159.17823879621326,654.3305459518474,0.0,152.41617221379462,424.1843962834872,0.0,122.66144807086792,654.3305459518474,0.0,64.55654485157123,534.2104666861574
0.0,145.08863020984083,654.3305459518474,0.0,101.54996301186776,654.3305459518474,0.0,99.0425689557506,653.3731149075979,0.0,87.27225096976609,411.4566472532533,0.0,101.24253982258035,654.3305459518474,0.0,51.43494316185166,485.645409848009
0.0,78.47402647997112,632.8045724318185,0.0,32.84171377993726,587.1722597317846,0.0,31.185218683283345,584.5583335908813,0.0,23.385117379145377,334.84176463239874,0.0,60.55806821911906,614.8886141709664,0.0,46.384212967884835,432.02962281589384
0.0,47.02439658475652,654.3305459518474,0.0,3.49191063748192,589.9657882417702,0.0,18.448927868029475,599.3174758853048,0.0,0.5237865956222879,335.2607939088966,0.0,49.41053552036916,654.3305459518474,0.0,43.88167701102279,467.13496442471205
0.0,46.384212967884835,654.3305459518474,0.0,6.227240636842756,594.9475807512443,0.0,19.61289808052345,615.0077943497236,0.0,0.87297765937048,335.95917603639293,0.0,49.52693254161856,654.3305459518474,0.0,40.73895743728906,499.7261303745433
0.0,47.54818318037881,654.3305459518474,0.0,7.158416806837935,600.6743141967147,0.0,20.77686829301742,631.6292889841375,0.0,0.5237865956222879,336.37820531289077,0.0,50.05071913724085,654.3305459518474,0.0,38.58561254417521,530.5946204098834
0.0,48.24656530787519,654.3305459518474,0.0,6.92562276433914,606.214812408186,0.0,21.417051909889107,648.7629305120488,0.0,0.174595531874096,336.51788173839003,0.0,49.99252062661615,654.3305459518474,0.0,37.94542892730353,560.9509635517262
0.0,48.07196977600109,654.3305459518474,0.0,6.51823318996625,611.429398960159,0.0,21.067860846140917,654.3305459518474,0.0,0.05819851062469866,336.5644405468898,0.0,50.05071913724085,654.3305459518474,0.0,37.770833395429435,591.1676302680697
0.0,47.95557275475169,654.3305459518474,0.0,5.412461488096976,615.7593681506365,0.0,19.089111484901164,654.3305459518474,0.0,0.0,336.5644405468898,0.0,50.05071913724085,654.3305459518474,0.0,38.12002445917762,621.6636498354118
0.0,47.897374244127,654.3305459518474,0.0,3.7829031906054134,618.7856907031208,0.0,16.295582974915625,654.3305459518474,0.0,0.0,336.5644405468898,0.0,50.05071913724085,654.3305459518474,0.0,37.712634884804736,651.8337577432555
0.0,47.95557275475169,654.3305459518474,0.0,2.3861389356126455,620.694601851611,0.0,12.512679784310212,654.3305459518474,0.0,0.05819851062469866,336.61099935538954,0.0,50.92369679661133,654.3305459518474,0.0,38.469215522925815,654.3305459518474
0.0,46.20961743601074,654.3305459518474,0.0,1.920550850615056,622.2310425321031,0.0,8.380585529956607,654.3305459518474,0.0,0.11639702124939733,336.70411697238904,0.0,51.913071477231206,654.3305459518474,0.0,39.92417828854328,654.3305459518474
0.0,43.76527998977339,654.3305459518474,0.0,2.2115434037385495,624.0002772550939,0.0,7.39121084933673,654.3305459518474,0.0,0.5237865956222879,337.1231462488869,0.0,52.4368580728535,654.3305459518474,0.0,40.56436190541496,654.3305459518474
0.0,42.25211871353123,654.3305459518474,0.0,2.793528509985536,626.2351000630823,0.0,7.158416806837935,654.3305459518474,0.0,0.87297765937048,337.82152837638324,0.0,52.3786595622288,654.3305459518474,0.0,41.20454552228665,654.3305459518474
0.0,41.14634701166195,654.3305459518474,0.0,3.7247046799807144,629.2148638070669,0.0,8.496982551206004,654.3305459518474,0.0,0.7565806381210826,338.4267928868801,0.0,52.49505658347819,654.3305459518474,0.0,40.21517084166677,654.3305459518474
0.0,39.98237679916799,654.3305459518474,0.0,5.354262977472277,633.4982741890447,0.0,10.359334891196362,654.3305459518474,0.0,0.4655880849975893,338.7992633548782,0.0,52.7860491366017,654.3305459518474,0.0,38.294619991051725,654.3305459518474
0.0,38.76020807604931,654.3305459518474,0.0,7.9731959555837175,639.8768309535117,0.0,10.301136380571663,654.3305459518474,0.0,0.2909925531234933,339.03205739737695,0.0,51.50568190285831,654.3305459518474,0.0,36.19947360856257,654.3305459518474
0.0,40.144432100660126,654.3305459518474,0.0,12.822571547499155,627.6994025010108,0.0,9.020769146828293,638.3513150986757,0.0,0.2909925531234933,314.32304995050043,0.0,48.944947435371574,654.3305459518474,0.0,30.787012120465597,654.3305459518474
0.0,114.17718347902891,654.3305459518474,0.0,67.86653328402237,654.3305459518474,0.0,38.95255739553062,649.5133610151003,0.0,14.118836230451285,303.4418861809517,0.0,94.2791186381103,654.3305459518474,0.0,70.1282376092887,654.3305459518474
0.0,178.90435440814437,654.3305459518474,0.0,109.50743924722778,654.3305459518474,0.0,101.93527388633345,651.061580124167,0.0,39.09421260652898,242.53609878748068,0.0,143.31759443033596,654.3305459518474,0.0,124.123125274139,654.3305459518474
0.0,218.31949812781588,654.3305459518474,0.0,139.7726988394546,654.3305459518474,0.0,159.08074098502934,654.3305459518474,0.0,69.41449121953875,211.95059000701943,0.0,187.66389183288317,654.3305459518474,0.0,172.39398107828998,654.3305459518474
0.0,239.31847657134864,654.3305459518474,0.0,165.90418556791442,654.3305459518474,0.0,192.67435503281757,654.3305459518474,0.0,93.30767547408271,205.25826548110214,0.0,211.98804524213557,654.3305459518474,0.0,201.39609403742546,654.3305459518474
0.0,239.03066350806688,654.3305459518474,0.0,150.61033977501558,654.3305459518474,0.0,186.68140931890198,654.3305459518474,0.0,112.30582585646849,215.10292616627694,0.0,224.47414368525355,654.3305459518474,0.0,177.8206614061823,654.3305459518474
0.0,208.2479762999013,654.3305459518474,0.0,146.94533448608792,654.3305459518474,0.0,179.15640311867875,654.3305459518474,0.0,107.81032169857133,221.35118352513402,0.0,188.26945651946568,654.3305459518474,0.0,139.2927141856766,654.3305459518474
0.0,111.19351744593067,654.3305459518474,0.0,146.27839179903893,654.3305459518474,0.0,146.2218718978276,654.3305459518474,0.0,73.6772013349371,195.02838486007113,0.0,140.02067941522193,654.3305459518474,0.0,106.31888366426625,654.3305459518474
0.0,59.85536117932269,614.1859071311701,0.0,77.51194405648371,631.8424900083311,0.0,89.13460330975644,643.4651492616039,0.0,37.15476254584847,132.1831474059196,0.0,92.16357216512736,646.4941181169747,0.0,73.20507654127096,627.5356224931184
0.0,35.045041865593845,549.2309489967639,0.0,17.841862301018594,549.6843523093497,0.0,22.870691524063282,566.3358407856672,0.0,5.127827914656985,37.3109753205766,0.0,47.75907625195546,594.2531943689302,0.0,21.96609669526035,549.5017191883787
0.0,34.97730488544389,577.212792905119,0.0,16.411979996165023,562.8139363062818,0.0,7.914997444959019,572.6678387416345,0.0,0.5819851062469866,37.776563405574194,0.0,39.691384246044485,626.0063017657658,0.0,16.237384464290926,562.4916267598114
0.0,40.73895743728906,609.8039588549503,0.0,23.221205739254767,581.3909008976856,0.0,9.195364678702388,580.0241304845964,0.0,0.9311761699951786,38.521504341570335,0.0,37.65443637418004,654.3305459518474,0.0,15.422605315545146,574.8297110122476
0.0,42.019324671032436,643.4194185917763,0.0,24.559771483622836,601.0387180845838,0.0,10.941319997443347,588.7771864825511,0.0,1.1057717018692748,39.40612170306576,0.0,34.33712126857221,654.3305459518474,0.0,14.607826166799367,586.515971945687
0.0,43.4160889260252,654.3305459518474,0.0,20.544074250518626,617.4739774849987,0.0,13.443855954305391,599.5322712459954,0.0,1.222168723118672,40.383856681560694,0.0,33.638739141075824,654.3305459518474,0.0,13.56025297555479,597.3641743261309
0.0,46.15141892538605,654.3305459518474,0.0,14.025841060552379,628.6946503334407,0.0,15.888193400542736,612.2428259664296,0.0,1.222168723118672,41.36159166005563,0.0,33.638739141075824,654.3305459518474,0.0,11.872496167438527,606.8621712600817
0.0,49.41053552036916,654.3305459518474,0.0,7.507607870586128,634.7007366299096,0.0,17.459553187409597,626.2104685163572,0.0,1.1057717018692748,42.24620902155105,0.0,33.40594509857703,654.3305459518474,0.0,9.719151274324677,614.6374922795414
0.0,51.44748339223362,654.3305459518474,0.0,4.655880849975893,638.4254413098903,0.0,15.888193400542736,638.9210232367914,0.0,0.698382127496384,42.80491472354816,0.0,32.649364460455956,654.3305459518474,0.0,7.39121084933673,620.5504609590108
0.0,52.2040640303547,654.3305459518474,0.0,6.110843615593359,643.314116202365,0.0,11.872496167438527,648.4190201707422,0.0,0.2909925531234933,43.037708766046954,0.0,32.47476892858185,654.3305459518474,0.0,5.063270424348783,624.6010772984898
0.0,52.727850625976984,654.3305459518474,0.0,8.205989998082512,649.878908200831,0.0,7.740401913084923,654.3305459518474,0.0,0.05819851062469866,43.084267574546715,0.0,32.940357013579444,654.3305459518474,0.0,2.8517270206102348,626.882458914978
0.0,52.727850625976984,654.3305459518474,0.0,9.835548295574075,654.3305459518474,0.0,5.005071913724085,654.3305459518474,0.0,0.05819851062469866,43.130826383046475,0.0,32.06737935420897,654.3305459518474,0.0,1.2803672337433705,627.9067527019727
0.0,52.553255094102894,654.3305459518474,0.0,11.581503614315034,654.3305459518474,0.0,4.190292764978303,654.3305459518474,0.0,0.2909925531234933,43.36362042554527,0.0,27.993483610480055,654.3305459518474,0.0,0.5819851062469866,628.3723407869702
0.0,52.2622625409794,654.3305459518474,0.0,12.62907680555961,654.3305459518474,0.0,3.49191063748192,654.3305459518474,0.0,0.9311761699951786,44.10856136154141,0.0,29.681240418596317,654.3305459518474,0.0,0.5237865956222879,628.791370063468
0.0,52.2040640303547,654.3305459518474,0.0,13.211061911806597,654.3305459518474,0.0,3.0263225524843302,654.3305459518474,0.0,0.9893746806198773,44.90006110603731,0.0,30.903409141714988,654.3305459518474,0.0,0.6401836168716852,629.3035169569654
0.0,52.7860491366017,654.3305459518474,0.0,14.375032124300569,654.3305459518474,0.0,2.8517270206102348,654.3305459518474,0.0,1.1057717018692748,45.784678467532736,0.0,29.506644886722224,654.3305459518474,0.0,0.698382127496384,629.8622226589625
0.0,52.83638778711453,654.3305459518474,0.0,15.70573800855679,645.0362839604041,0.0,4.508044388279097,633.8385903401265,0.0,1.1639702124939733,21.948648680026707,0.0,27.41149850423307,654.3305459518474,0.0,1.547780206531315,606.4100028654939
0.0,111.43999714126961,654.3305459518474,0.0,65.70214904095492,654.3305459518474,0.0,68.35269918849882,654.3305459518474,0.0,43.372642442151026,36.64676263374753,0.0,63.6964628805528,654.3305459518474,0.0,53.53866032039291,629.2409311218082
0.0,164.8654399302549,654.3305459518474,0.0,130.61963522216814,654.3305459518474,0.0,145.19469879707682,654.3305459518474,0.0,91.60101945590101,28.24778208964854,0.0,109.18165003483008,654.3305459518474,0.0,116.51033746124214,642.4492010908019
0.0,192.5557462151996,654.3305459518474,0.0,172.47911638807705,654.3305459518474,0.0,192.77185284400156,654.3305459518474,0.0,138.47193151521745,59.0253273018225,0.0,155.99436358352182,654.3305459518474,0.0,162.87318264515997,654.3305459518474
0.0,206.44964826326392,654.3305459518474,0.0,198.87801608932483,654.3305459518474,0.0,216.86321221075514,654.3305459518474,0.0,158.8354067121486,106.09365267154138,0.0,190.93122374594824,654.3305459518474,0.0,185.68417477817025,654.3305459518474
0.0,224.87049390967283,654.3305459518474,0.0,209.15725149897432,654.3305459518474,0.0,219.88485439296934,654.3305459518474,0.0,184.7765781885106,173.91491522234986,0.0,209.13499507008206,654.3305459518474,0.0,185.00151237089756,654.3305459518474
0.0,217.93215318596668,654.3305459518474,0.0,189.71391312208476,654.3305459518474,0.0,202.5351615181406,654.3305459518474,0.0,179.09034474794217,237.1871910207036,0.0,189.76875441388262,654.3305459518474,0.0,171.0069330218075,654.3305459518474
0.0,184.72234913221578,654.3305459518474,0.0,153.58464506757366,654.3305459518474,0.0,165.1287057197279,654.3305459518474,0.0,138.3051958434552,267.8313476954678,0.0,145.68201012401153,654.3305459518474,0.0,143.70043673090012,654.3305459518474
0.0,124.81797245382353,654.3305459518474,0.0,93.77140722068184,648.1019531725292,0.0,103.46097539295758,654.3305459518474,0.0,82.61787100021856,250.44921869568634,0.0,84.34156989006725,638.6721158419147,0.0,85.67413211272194,640.0046780645694
0.0,58.80425304026626,613.1347989921137,0.0,37.66247396327694,585.7644271358062,0.0,34.828145272303814,589.1586912241512,0.0,17.48180961630186,167.9310283119882,0.0,23.590974622481813,562.2630904643964,0.0,16.725228978180777,556.7299070427501
0.0,43.939875521647494,648.2866994094317,0.0,33.638739141075824,612.6754184486668,0.0,26.247528291739094,610.1567138575425,0.0,0.5819851062469866,168.3966163969858,0.0,12.803672337433706,572.5060283343435,0.0,0.05819851062469866,556.7764658512499
0.0,39.80778126729388,654.3305459518474,0.0,40.04057530979268,644.707878696501,0.0,32.823959992330046,636.4158818514065,0.0,0.23279404249879465,168.58285163098483,0.0,11.697900635564432,581.864348842795,0.0,0.05819851062469866,556.8230246597496
0.0,35.67568701294028,654.3305459518474,0.0,41.84472913915834,654.3305459518474,0.0,30.96160765233969,654.3305459518474,0.0,0.05819851062469866,168.6294104394846,0.0,9.544555742450582,589.4999934367555,0.0,0.05819851062469866,556.8695834682494
0.0,31.194401694838486,654.3305459518474,0.0,42.54311126665472,654.3305459518474,0.0,26.1311312704897,654.3305459518474,0.0,0.0,168.6294104394846,0.0,8.846173614954198,596.5769323287188,0.0,0.05819851062469866,556.9161422767492
0.0,28.575468716727045,654.3305459518474,0.0,42.65950828790412,654.3305459518474,0.0,23.337602760504165,654.3305459518474,0.0,0.0,168.6294104394846,0.0,10.766724465569252,605.1903119011743,0.0,0.0,556.9161422767492
0.0,26.1893297811144,654.3305459518474,0.0,43.06689786227701,654.3305459518474,0.0,21.067860846140917,654.3305459518474,0.0,0.0,168.6294104394846,0.0,12.105290209937321,614.8745440691241,0.0,0.0,556.9161422767492
0.0,23.395801271128864,654.3305459518474,0.0,44.92925020226737,654.3305459518474,0.0,19.26370701677526,654.3305459518474,0.0,0.0,168.6294104394846,0.0,11.290511061191541,623.9069529180773,0.0,0.0,556.9161422767492
0.0,22.98841169675597,654.3305459518474,0.0,46.73340403163303,654.3305459518474,0.0,18.216133825530683,654.3305459518474,0.0,0.0,168.6294104394846,0.0,10.126540848697566,632.0081855970353,0.0,0.0,556.9161422767492
0.0,22.057235526760792,654.3305459518474,0.0,47.7809772228776,654.3305459518474,0.0,19.321905527399956,654.3305459518474,0.0,0.0,168.6294104394846,0.0,9.486357231825883,639.597271382496,0.0,0.0,556.9161422767492
0.0,22.464625101133684,654.3305459518474,0.0,47.315389137880004,654.3305459518474,0.0,20.660471271768024,654.3305459518474,0.0,0.0,168.6294104394846,0.0,8.147791487457813,646.1155045724623,0.0,0.0,556.9161422767492
0.0,21.184257867390315,654.3305459518474,0.0,46.09322041476134,654.3305459518474,0.0,22.581022122383082,654.3305459518474,0.0,0.0,168.6294104394846,0.0,6.169042126218058,651.0507382734368,0.0,0.0,556.9161422767492
0.0,18.914515953027067,654.3305459518474,0.0,50.749101264737234,654.3305459518474,0.0,24.85076403674633,654.3305459518474,0.0,0.0,168.6294104394846,0.0,5.412461488096976,654.3305459518474,0.0,0.0,556.9161422767492
0.0,16.819369570537912,654.3305459518474,0.0,55.637776157211924,654.3305459518474,0.0,27.12050595110958,654.3305459518474,0.0,0.0,168.6294104394846,0.0,5.296064466847579,654.3305459518474,0.0,0.0,556.9161422767492
0.0,14.258635103051171,654.3305459518474,0.0,53.775423817221565,654.3305459518474,0.0,27.877086589230657,654.3305459518474,0.0,0.0,168.6294104394846,0.0,4.073895743728906,654.3305459518474,0.0,0.0,556.9161422767492
0.0,13.211061911806597,642.541607863654,0.0,53.81004274751072,654.3305459518474,0.0,29.494104656340276,654.3305459518474,0.0,0.34133120363634234,143.97074164312093,0.0,2.6771314887361384,632.0076774405835,0.0,3.0719808327270806,534.9881231094762
0.0,27.150622240113684,644.2621056557449,0.0,90.87516734228709,654.3305459518474,0.0,98.69788053328742,654.3305459518474,0.0,45.055718879997194,160.01531674711867,0.0,33.94748548180654,639.1656658260288,0.0,78.84750803999508,578.0661295414723
0.0,44.247120981949855,588.5092266376947,0.0,126.97449683677912,654.3305459518474,0.0,168.35152477500844,654.3305459518474,0.0,86.35679451999461,146.37211126711327,0.0,109.5830360874896,646.8320946960205,0.0,149.50306719271794,617.6685832956466
0.0,61.49145618548282,550.0006828231775,0.0,178.16631752211862,654.3305459518474,0.0,213.69037634801728,654.3305459518474,0.0,101.71669868363001,147.74547021401727,0.0,171.01479288191936,654.3305459518474,0.0,193.87612366544244,654.3305459518474
0.0,63.80685638008881,513.8075392032663,0.0,221.9070502380833,654.3305459518474,0.0,233.9831128039418,654.3305459518474,0.0,100.35137386908465,148.026569309285,0.0,188.1977500849859,654.3305459518474,0.0,217.76930791998643,654.3305459518474
0.0,86.6681871636119,500.4757263668782,0.0,237.46044914365825,654.3305459518474,0.0,231.88328605118258,654.3305459518474,0.0,116.73527164362909,161.41478662418828,0.0,169.4748725354999,654.3305459518474,0.0,222.2066135672589,654.3305459518474
0.0,62.809621839357085,463.28534820623526,0.0,219.71440604441023,654.3305459518474,0.0,210.409358782112,654.3305459518474,0.0,113.663290810902,172.34541927290988,0.0,114.34595321817469,654.3305459518474,0.0,205.14005338544172,654.3305459518474
0.0,46.5767400163512,409.86208822258646,0.0,178.6335842165296,654.3305459518474,0.0,167.91287348917325,654.3305459518474,0.0,85.04966821607394,157.39508748898382,0.0,59.732960636359905,614.0635065882072,0.0,166.56962737453506,654.3305459518474
0.0,24.265954898627708,334.1280431212142,0.0,106.2588288152431,654.3305459518474,0.0,97.56720609963932,651.8977520514867,0.0,41.59206819312092,98.98715568210474,0.0,23.551853050907624,537.6153596391149,0.0,105.13001071999344,654.3305459518474
0.0,2.129765312778302,236.25780843399252,0.0,41.27696287270671,595.6075088245541,0.0,18.444425226744432,570.3421772782311,0.0,5.426680327892328,4.41383600999707,0.0,2.6378321881768905,440.2531918272918,0.0,24.009581275793362,578.3401272276408
0.0,1.1639702124939733,237.1889846039877,0.0,34.104327226073416,622.8909706054128,0.0,5.412461488096976,574.6721464687087,0.0,2.5025359568620424,6.415864775486703,0.0,3.4337121268572206,443.0001615287776,0.0,0.87297765937048,579.0385093551372
0.0,1.0475731912445758,238.02704315698335,0.0,29.506644886722224,646.4962865147905,0.0,10.359334891196362,582.9596143816658,0.0,3.4337121268572206,9.16283447697248,0.0,6.92562276433914,448.5406597402489,0.0,1.6877568081162613,580.3887148016302
0.0,0.87297765937048,238.72542528447974,0.0,29.332049354848124,654.3305459518474,0.0,15.829994889918037,595.6236102936002,0.0,3.1427195737337277,11.677010135959462,0.0,8.555181061830703,455.38480458971344,0.0,1.74595531874096,581.7854790566229
0.0,0.6401836168716852,239.23757217797709,0.0,32.76576148170535,654.3305459518474,0.0,20.25308169739513,611.8260756515164,0.0,2.8517270206102348,13.95839175244765,0.0,7.682203402460224,461.53056731168164,0.0,1.222168723118672,582.7632140351178
0.0,0.5819851062469866,239.70316026297468,0.0,36.25767211918726,654.3305459518474,0.0,22.69741914363248,629.9840109664224,0.0,3.1427195737337277,16.472567411434632,0.0,5.9944465943439615,466.3261245871568,0.0,0.698382127496384,583.321919737115
0.0,0.6401836168716852,240.21530715647202,0.0,38.993002118548105,654.3305459518474,0.0,25.025359568620424,650.0042986213188,0.0,3.7247046799807144,19.452331155419202,0.0,3.899300211854811,469.44556475664064,0.0,0.40738957437289064,583.6478313966132
0.0,0.87297765937048,240.9136892839684,0.0,40.04057530979268,654.3305459518474,0.0,25.84013871736621,654.3305459518474,0.0,4.248491275603002,22.851124175901603,0.0,1.74595531874096,470.8423290116334,0.0,0.23279404249879465,583.8340666306123
0.0,1.1639702124939733,241.8448654539636,0.0,40.15697233104208,654.3305459518474,0.0,26.247528291739094,654.3305459518474,0.0,4.248491275603002,26.249917196384004,0.0,0.5819851062469866,471.307917096631,0.0,0.05819851062469866,583.880625439112
0.0,1.222168723118672,242.82260043245853,0.0,39.2839946716716,654.3305459518474,0.0,26.771314887361385,654.3305459518474,0.0,4.132094254353605,29.555592599866888,0.0,0.2909925531234933,471.54071113912977,0.0,0.0,583.880625439112
0.0,1.1639702124939733,243.7537766024537,0.0,39.691384246044485,654.3305459518474,0.0,28.22627765297885,654.3305459518474,0.0,3.9574987224795093,32.721591577850496,0.0,0.23279404249879465,471.7269463731288,0.0,0.0,583.880625439112
0.0,1.2803672337433705,244.7780703894484,0.0,40.91355296916316,654.3305459518474,0.0,31.310798716087884,654.3305459518474,0.0,3.259116594983125,35.328884853836996,0.0,0.40738957437289064,472.0528580326271,0.0,0.0,583.880625439112
0.0,1.6877568081162613,246.12827583594142,0.0,41.78653062853363,654.3305459518474,0.0,33.92973169419932,654.3305459518474,0.0,2.8517270206102348,37.610266470325186,0.0,0.7565806381210826,472.65812254312397,0.0,0.0,583.880625439112
0.0,2.3861389356126455,248.03718698443154,0.0,41.670133607284235,654.3305459518474,0.0,35.326495949192086,654.3305459518474,0.0,2.8517270206102348,39.891648086813376,0.0,1.222168723118672,473.6358575216189,0.0,0.0,583.880625439112
0.0,3.1427195737337277,250.5513626434185,0.0,40.15697233104208,654.3305459518474,0.0,36.432267651061366,654.3305459518474,0.0,2.735329999360837,42.079912086302045,0.0,1.2803672337433705,474.6601513086136,0.0,0.0,583.880625439112
0.0,3.084521063109029,228.63588370652755,0.0,38.294619991051725,654.3305459518474,0.0,39.18649686048765,654.3305459518474,0.0,2.5025359568620424,19.58244804316409,0.0,1.5131612762421651,451.17331258485575,0.0,1.7066560181817119,560.5872814572937
0.0,37.093384545382015,238.31059134283316,0.0,50.63606146231464,654.3305459518474,0.0,93.16398619570083,654.3305459518474,0.0,30.999761530440708,24.382257267516657,0.0,5.566656929477274,431.73996951433304,0.0,58.70896702545088,587.5544550776543
0.0,71.50177774191604,209.8123690847492,0.0,74.48526604602927,628.8158119978766,0.0,141.52916032119398,654.3305459518474,0.0,84.87189319435811,9.254150461874765,0.0,17.156198132889216,348.8961676472222,0.0,118.10059645817445,602.0349322441939
0.0,125.06401764264449,229.8635831988648,0.0,104.28175806341676,632.24121844861,0.0,162.71995489725288,654.3305459518474,0.0,146.7188994232726,46.62927000049285,0.0,34.03244306260854,282.92861070983076,0.0,164.92116986697803,653.9718681377764
0.0,145.41645348962203,266.1967459905624,0.0,106.13157017302515,637.1464745870301,0.0,197.38154222677952,654.3305459518474,0.0,173.4748500483804,105.40915003919719,0.0,40.90940578584823,223.838016495679,0.0,207.3044376285092,654.3305459518474
0.0,149.6366848146194,305.906093842258,0.0,81.88769397430465,619.0341685613347,0.0,219.23927948988734,654.3305459518474,0.0,195.8516935368405,182.0905048686696,0.0,31.518867755792893,155.3568842514719,0.0,215.89591623004247,654.3305459518474
0.0,162.5805114826231,355.97050302835646,0.0,60.54906293654898,579.5832314978836,0.0,197.4333817577207,654.3305459518474,0.0,191.34832951883143,255.16916848373475,0.0,25.599840272725675,80.95672452419758,0.0,197.863560947941,654.3305459518474
0.0,152.41131411453946,397.89955431998806,0.0,33.62637663967894,513.2096081375626,0.0,142.83610889612962,654.3305459518474,0.0,162.07880358690804,304.8322113532612,0.9527216830762768,18.090553792726144,0.0,0.0,159.1263992652721,654.3305459518474
0.0,98.43532565975464,396.3348799797427,0.0,25.970754578410954,439.1803627159735,0.0,88.67298467908873,643.0035306309361,0.0,98.34268594782583,303.174897301087,92.49071352000047,7.509286479999531,0.0,0.0,98.09417218510335,652.4247181369508
0.0,34.66926946065341,331.00414944039613,0.0,29.56484339734692,368.7452061133204,0.0,55.42388132477858,598.4274119557147,0.0,21.93483498379801,225.109732284885,100.0,0.0,0.0,0.0,22.850291433569488,575.2750095705203
0.0,24.035984888000545,350.2329373507966,0.0,30.903409141714988,393.4679334266924,0.0,52.2040640303547,640.1906631799984,0.0,2.793528509985536,227.34455509287343,0.0,0.0,0.0,0.0,4.946873403099386,579.2325082929998
0.0,29.85583595047041,374.1176061111729,0.0,30.263225524843307,417.67851384656706,0.0,50.749101264737234,654.3305459518474,0.0,5.412461488096976,231.67452428335102,0.0,0.05819851062469866,0.046558808499758936,0.0,7.9731959555837175,585.6110650574668
0.0,33.23134956670293,400.70268576453526,0.0,33.17315105607824,444.21703469142966,0.0,48.59575637162338,654.3305459518474,0.0,5.878049573094565,236.37696394182666,0.0,0.174595531874096,0.18623523399903574,0.0,8.904372125578895,592.7345627579299
0.0,34.8609078641945,428.5914120558909,0.0,37.47984084230594,474.2009073652744,0.0,47.839175733502294,654.3305459518474,0.0,3.3755136162325226,239.07737483481267,0.0,0.2909925531234933,0.4190292764978304,0.0,8.787975104329497,599.7649428413935
0.0,35.09370190669329,456.6663735812455,0.0,39.1093991397975,505.48842667711244,0.0,47.7227787122529,654.3305459518474,0.0,1.396764254992768,240.1947862388069,0.0,0.2909925531234933,0.651823318996625,0.0,8.32238701933191,606.422852456859
0.0,34.33712126857221,484.1360705961033,0.0,41.20454552228665,538.4520630949418,0.0,46.09322041476134,654.3305459518474,0.0,1.1057717018692748,241.07940360030233,0.0,0.2909925531234933,0.8846173614954197,0.0,7.449409359961429,612.3823799448281
0.0,32.88215850295474,510.4417973984671,0.0,43.12509637290171,572.9521401932632,0.0,43.998074032272186,654.3305459518474,0.0,1.9787493612397546,242.66240308929414,0.0,0.23279404249879465,1.0708525954944554,0.0,7.682203402460224,618.5281426667963
0.0,32.88215850295474,536.7475242008309,0.0,44.521860627894476,608.5696286955788,0.0,41.14634701166195,654.3305459518474,0.0,3.49191063748192,245.4559315992797,0.0,0.174595531874096,1.2105290209937323,0.0,8.962570636203594,625.6981991757591
0.0,31.60179126921138,562.0289572162,0.0,44.46366211726978,644.1405583893946,0.0,39.3421931822963,654.3305459518474,0.0,4.539483828726496,249.0875186622609,0.0,0.174595531874096,1.350205446493009,0.0,10.708525954944554,634.2650199397148
0.0,28.750064248601138,585.0290086150809,0.0,44.521860627894476,654.3305459518474,0.0,38.76020807604931,654.3305459518474,0.0,3.4337121268572206,251.83448836374666,0.0,0.23279404249879465,1.5364406804920447,0.0,11.930694678063224,643.8095756821654
0.0,24.79256552612163,604.8630610359783,0.0,44.05627254289689,654.3305459518474,0.0,38.58561254417521,654.3305459518474,0.0,1.9787493612397546,253.41748785273847,0.0,0.174595531874096,1.6761171059913216,0.0,12.338084252436117,653.6800430841142
0.0,20.136684676145737,620.9724087768949,0.0,43.00869935165231,654.3305459518474,0.0,38.87660509729871,654.3305459518474,0.0,1.8041538293656585,254.860810916231,0.0,0.174595531874096,1.8157935314905984,0.0,13.443855954305391,654.3305459518474
0.0,14.898818719922858,632.8914637528331,0.0,41.90292764978304,654.3305459518474,0.0,38.294619991051725,654.3305459518474,0.0,2.269741914363248,256.6766044477216,0.0,0.174595531874096,1.9554699569898752,0.0,15.71359786866864,654.3305459518474
0.0,11.523305103690335,642.1101078357855,0.0,39.4585902035457,654.3305459518474,0.0,37.36344382105654,654.3305459518474,0.0,2.3861389356126455,258.58551559621174,0.0,0.2909925531234933,2.1882639994886697,0.0,16.295582974915625,654.3305459518474
0.0,10.036902897625469,627.147010733411,0.0,36.83965722543426,654.3305459518474,0.0,36.13341523782602,654.3305459518474,0.0,3.4101325465216723,236.99564814273342,22.229750894264345,0.5819851062469866,0.0,0.0,15.306208294295748,644.6367542461431
0.0,67.89179147377132,654.3305459518474,0.0,59.82842438016033,654.3305459518474,0.0,79.6099144708445,654.3305459518474,0.0,58.32983740168365,263.6595180640803,7.917720097959183,17.082279902040817,0.0,0.0,59.05480087037227,654.3305459518474
0.0,142.14629754468532,654.3305459518474,0.0,66.85640305493858,621.186949006786,0.0,125.35933510806798,654.3305459518474,0.0,117.72146683440721,277.8366915316061,65.40129155136816,34.59870844863183,0.0,0.0,113.6709729420288,654.3305459518474
0.0,193.05498553701318,654.3305459518474,0.0,73.92050154043432,595.1074505472203,0.0,187.26922021787726,654.3305459518474,0.0,161.25298508820865,326.839079602173,56.46848174619858,43.53151825380142,0.0,0.0,151.22844469198003,654.3305459518474
0.0,216.17268994337059,654.3305459518474,0.0,81.80088005510419,576.9083306023244,0.0,212.9665583017869,654.3305459518474,0.0,201.88711804115704,408.34877403509864,52.989111339098606,47.010888660901394,0.0,0.0,174.2565111472654,654.3305459518474
0.0,220.94814730443767,654.3305459518474,0.0,113.97247165815071,588.086307928845,0.0,223.89701667826176,654.3305459518474,0.0,204.87414129308212,492.24808706956435,52.51566339398916,47.48433660601084,0.0,0.0,180.07804081914867,654.3305459518474
0.0,207.3074393893659,654.3305459518474,0.0,138.94466854438667,619.2420427643543,0.0,191.14026047912645,654.3305459518474,0.0,195.28224866097543,568.4738859983447,52.54242246416646,47.45757753583354,0.0,0.0,164.2871675008048,654.3305459518474
0.0,172.62059387009032,654.3305459518474,0.0,133.82152099999976,646.2992595643541,0.0,125.71638603192802,654.3305459518474,0.0,158.442058248586,615.2275325972136,46.8750882336635,53.1249117663365,0.0,0.0,123.64517468774451,654.3305459518474
0.0,113.72599196281172,654.3305459518474,0.0,94.64235081266878,640.9416103770229,0.0,48.31130052716845,602.6418464790158,0.0,91.46404461517275,606.6915772123863,53.56959556491724,46.43040443508276,0.0,0.0,72.13878186894598,626.4693278207934
0.0,37.791588943893345,592.1221348957407,0.0,58.29450755545426,599.2361179324772,0.0,33.498762539490876,536.1406090185067,0.0,22.263448228067347,528.9550254404536,83.60992097475712,16.39007902524288,0.0,0.0,17.525789287131204,543.9951171079247
0.0,20.95146382489152,608.8833059556539,0.0,54.82299700846614,643.0945155392501,0.0,33.92973169419932,563.2843943738661,0.0,12.978267869307802,539.3376397358999,0.0,11.115915529317444,8.892732423453955,0.0,6.401836168716853,549.1165860428981
0.0,25.432749142993313,629.2295052700485,0.0,54.24101190221916,654.3305459518474,0.0,33.522342119826426,590.1022680697273,0.0,14.491429145549967,550.9307830523398,0.0,12.803672337433706,19.13567029340092,0.0,6.51823318996625,554.3311725948711
0.0,30.6706150992162,653.7659973494215,0.0,54.41560743409325,654.3305459518474,0.0,32.47476892858185,616.0820832125928,0.0,16.470178506789722,564.1069258577717,0.0,13.56025297555479,29.98387267384475,0.0,5.761652551845168,558.9404946363472
0.0,31.310798716087884,654.3305459518474,0.0,54.706599987216734,654.3305459518474,0.0,33.23134956670293,642.6671628659551,0.0,17.80874425115779,578.3539212586979,0.0,15.655399358043942,42.508192160279904,0.0,4.481285318101797,562.5255228908287
0.0,28.168079142354156,654.3305459518474,0.0,54.59020296596734,654.3305459518474,0.0,33.23134956670293,654.3305459518474,0.0,15.71359786866864,590.9247995536329,0.0,16.353781485540324,55.59121734871216,0.0,3.1427195737337277,565.0396985498157
0.0,24.676168504872233,654.3305459518474,0.0,54.47380594471795,654.3305459518474,0.0,32.940357013579444,654.3305459518474,0.0,13.618451486179488,601.8195607425764,0.0,19.089111484901164,70.86250653663309,0.0,1.9787493612397546,566.6226980388076
0.0,20.660471271768024,654.3305459518474,0.0,54.24101190221916,654.3305459518474,0.0,33.92973169419932,654.3305459518474,0.0,12.687275316184309,611.9693809955238,0.0,21.999037016136093,88.46173614954196,0.0,0.87297765937048,567.321080166304
0.0,15.829994889918037,654.3305459518474,0.0,53.95001934909566,654.3305459518474,0.0,34.39531977919691,654.3305459518474,0.0,14.025841060552379,623.1900538439658,0.0,22.98841169675597,106.85246550694674,0.0,0.2909925531234933,567.5538742088028
0.0,12.047091699312622,654.3305459518474,0.0,53.600828285347475,654.3305459518474,0.0,34.97730488544389,654.3305459518474,0.0,18.79811893177767,638.228548989388,0.0,19.96208914427164,122.82213682236406,0.0,0.11639702124939733,567.6469918258023
0.0,8.787975104329497,654.3305459518474,0.0,53.36803424284868,654.3305459518474,0.0,35.50109148106618,654.3305459518474,0.0,22.75561765425718,654.3305459518474,0.0,16.819369570537912,136.27763247879437,0.0,0.05819851062469866,567.693550634302
0.0,6.576431700590949,654.3305459518474,0.0,52.4368580728535,654.3305459518474,0.0,37.188848289182445,654.3305459518474,0.0,22.522823611758383,654.3305459518474,0.0,14.258635103051171,147.6845405612353,0.0,0.05819851062469866,567.7401094428018
0.0,5.354262977472277,654.3305459518474,0.0,51.971269987855905,654.3305459518474,0.0,39.1093991397975,654.3305459518474,0.0,22.29002956925959,654.3305459518474,0.0,14.433230634925268,159.23112506917553,0.0,0.0,567.7401094428018
0.0,5.528858509346373,654.3305459518474,0.0,51.214689349734826,654.3305459518474,0.0,38.35281850167642,654.3305459518474,0.0,21.7080444630126,654.3305459518474,0.0,13.0946648905572,169.70685698162129,0.0,0.0,567.7401094428018
0.0,6.110843615593359,654.3305459518474,0.0,50.34171169036434,654.3305459518474,0.0,36.024878076688466,654.3305459518474,0.0,21.358853399264408,654.3305459518474,0.0,11.872496167438527,179.2048539155721,0.0,0.0,567.7401094428018
0.0,9.807288344968427,639.1378342968159,0.0,48.53755786099868,654.3305459518474,0.0,33.23134956670293,654.3305459518474,0.0,24.896422316989078,654.2269682688365,0.0,13.346358143121446,167.55121205869355,0.0,1.023993610909027,543.7641030537108
0.0,83.61978591122036,654.3305459518474,0.0,65.79761278475536,654.3305459518474,0.0,50.068295195863016,654.3305459518474,0.0,97.31683599851834,654.3305459518474,0.0,75.87602677930865,208.25203348214046,0.0,48.46903091636061,562.5393277867993
0.0,149.19317542952902,654.3305459518474,0.0,99.72469817606809,654.0552441279154,0.0,73.00990318991799,627.3404491417654,0.0,169.99998228256547,654.3305459518474,0.0,149.64922504500132,247.9714135181415,0.0,100.01004266544831,562.5473619191579
0.0,189.95474475368047,654.3305459518474,0.0,155.0124933050437,654.3305459518474,0.0,113.60473684230719,638.2242386156111,0.0,212.92593584978437,654.3305459518474,0.0,203.82020912215407,331.0275808158648,0.0,152.23371682180868,604.3343353766048
0.0,210.26002143998687,654.3305459518474,0.0,204.37808146111036,654.3305459518474,0.0,145.9887223973587,654.3305459518474,0.0,232.4778113878115,654.3305459518474,0.0,225.54114927351876,431.4605002346798,0.0,193.87612366544244,654.3305459518474
0.0,208.2120342181688,654.3305459518474,0.0,211.60423524809823,654.3305459518474,0.0,171.23151174622433,654.3305459518474,0.0,229.86991775965365,654.3305459518474,0.0,224.3378797604655,530.9308040430521,0.0,206.22224550697547,654.3305459518474
0.0,184.31884996362487,654.3305459518474,0.0,193.4397632245237,654.3305459518474,0.0,170.69200543037837,654.3305459518474,0.0,208.38813063047127,654.3305459518474,0.0,204.02006284377714,614.1468543180739,0.0,186.9409624315781,654.3305459518474
0.0,141.9937807127184,654.3305459518474,0.0,145.04783002885324,654.3305459518474,0.0,123.70001597954241,654.3305459518474,0.0,166.624646395318,654.3305459518474,0.0,161.89634819492207,654.3305459518474,0.0,138.25485719294235,654.3305459518474
0.0,79.37129463561736,633.7018405874647,0.0,98.45537029227833,652.7859162441257,0.0,70.41622840155551,624.7467743534029,0.0,103.05526442799808,654.3305459518474,0.0,87.92815430686147,642.2587002587088,0.0,70.39600604004677,624.7265519918942
0.0,14.375209853285625,548.0770504407503,0.0,51.11101028785242,603.8969265319781,0.0,22.974370585945678,547.7211449393485,0.0,24.847940004874694,579.178485956722,0.0,16.03152722095449,558.2902274796633,0.0,13.176620710502505,537.9031727023967
0.0,3.0263225524843302,550.4981084827377,0.0,41.495538075410145,637.0933569923062,0.0,13.676649996804183,558.6624649367918,0.0,2.3861389356126455,581.0873971052122,0.0,5.354262977472277,562.573637861641,0.0,2.2115434037385495,539.6724074253875
0.0,3.4337121268572206,553.2450781842235,0.0,40.15697233104208,654.3305459518474,0.0,12.105290209937321,568.3466971047417,0.0,1.222168723118672,582.0651320837071,0.0,10.88312148681865,571.280135051096,0.0,1.396764254992768,540.7898188293817
0.0,2.9681240418596317,555.6195774177112,0.0,37.42164233168124,654.3305459518474,0.0,11.290511061191541,577.3791059536949,0.0,0.174595531874096,582.2048085092064,0.0,14.607826166799367,582.9663959845354,0.0,0.5237865956222879,541.2088481058795
0.0,2.444337446237344,557.5750473747011,0.0,37.94542892730353,654.3305459518474,0.0,11.290511061191541,586.4115148026481,0.0,0.0,582.2048085092064,0.0,17.401354676784898,596.8874797259633,0.0,0.349191063748192,541.488200956878
0.0,2.269741914363248,559.3908409061917,0.0,38.35281850167642,654.3305459518474,0.0,11.232312550566842,595.3973648431015,0.0,0.0,582.2048085092064,0.0,18.448927868029475,611.6466220203869,0.0,0.23279404249879465,541.674436190877
0.0,2.0951463824891516,561.066958012183,0.0,36.89785573605895,654.3305459518474,0.0,11.465106593065636,604.569450117554,0.0,0.23279404249879465,582.3910437432054,0.0,15.71359786866864,624.2175003153218,0.0,0.0,541.674436190877
0.0,1.5713597868668638,562.3240458416765,0.0,33.23134956670293,654.3305459518474,0.0,10.999518508068046,613.3690649240084,0.0,1.3385657443680692,583.4618963386998,0.0,12.047091699312622,633.8551736747719,0.0,0.0,541.674436190877
0.0,0.9893746806198773,563.1155455861724,0.0,31.834585311710175,654.3305459518474,0.0,10.359334891196362,621.6565328369655,0.0,3.7829031906054134,586.4882188911841,0.0,9.777349784949376,641.6770535027314,0.0,0.0,541.674436190877
0.0,0.6401836168716852,563.6276924796698,0.0,33.92973169419932,654.3305459518474,0.0,8.6715780830801,628.5937953034296,0.0,8.089592976833115,592.9598932726507,0.0,9.719151274324677,649.4523745221911,0.0,0.0,541.674436190877
0.0,0.6401836168716852,564.1398393731672,0.0,34.6863123323204,654.3305459518474,0.0,7.333012338712031,634.4602051743992,0.0,15.015215741172256,604.9720658655884,0.0,11.697900635564432,654.3305459518474,0.0,0.0,541.674436190877
0.0,0.6401836168716852,564.6519862666646,0.0,33.522342119826426,654.3305459518474,0.0,6.0526451049686605,639.3023212583741,0.0,20.02028765489634,620.9882959895056,0.0,17.575950208658995,654.3305459518474,0.0,0.0,541.674436190877
0.0,0.7565806381210826,565.2572507771615,0.0,34.6863123323204,654.3305459518474,0.0,4.830476381849989,643.1667023638541,0.0,15.18981127304635,633.1401450079427,0.0,25.31635212174392,654.3305459518474,0.0,0.0,541.674436190877
0.0,1.2803672337433705,566.2815445641562,0.0,34.744510842945104,654.3305459518474,0.0,3.550109148106618,646.0067896823394,0.0,11.174114039942143,642.0794362398964,0.0,28.982858291099934,654.3305459518474,0.0,0.05819851062469866,541.7209949993768
0.0,1.74595531874096,567.6783088191489,0.0,35.326495949192086,654.3305459518474,0.0,2.61893297811144,648.1019360648286,0.0,10.417533401821059,650.4134629613533,0.0,32.00918084358427,654.3305459518474,0.0,0.05819851062469866,541.7675538078765
0.0,5.116788564703384,547.7950973838523,0.0,32.51724771898286,654.3305459518474,0.0,2.036947871864453,625.138883936693,0.0,15.782835729246937,641.1962986906002,0.0,33.92973169419932,654.3305459518474,0.0,0.34133120363634234,517.1088850115129
0.0,62.26693603366935,577.6086462107878,0.0,66.4396527400255,654.3305459518474,0.0,28.25339218112627,627.741597681594,0.0,68.90774749558344,654.3305459518474,0.0,81.75222001400475,654.3305459518474,0.0,46.07971249090622,533.9726550042379
0.0,98.99072942480937,576.5993756355972,0.0,110.40849912821886,654.3305459518474,0.0,66.12543606453657,593.8670337461306,0.0,118.26547579153822,654.3305459518474,0.0,144.15445227898894,654.3305459518474,0.0,109.5673163672659,541.6265080980506
0.0,121.82848062799691,594.0621601379947,0.0,181.4965283160785,654.3305459518474,0.0,93.02454278107106,586.8915765272017,0.0,173.03098520531992,654.3305459518474,0.0,174.4416128421379,654.3305459518474,0.0,159.4016720981719,589.1478457765882
0.0,132.66930105339964,620.1976009807145,0.0,217.84587245372143,654.3305459518474,0.0,116.29326313896706,599.9261870383754,0.0,227.64697954799135,654.3305459518474,0.0,205.18968112001437,654.3305459518474,0.0,197.28943570180584,654.3305459518474
0.0,138.23913747271865,650.7889109588893,0.0,223.81205909745972,654.3305459518474,0.0,126.93272896231835,621.47237020823,0.0,242.55533673743946,654.3305459518474,0.0,227.9739141828473,654.3305459518474,0.0,201.7267413490783,654.3305459518474
0.0,154.62303524726306,654.3305459518474,0.0,196.30420820450095,654.3305459518474,0.0,92.74141008805942,614.2137802962894,0.0,214.79579259191647,654.3305459518474,0.0,221.01517336864734,654.3305459518474,0.0,188.13169171424934,654.3305459518474
0.0,146.72207891311436,654.3305459518474,0.0,138.4367793979731,654.3305459518474,0.0,55.361713359824016,569.5754936561134,0.0,167.09906203390062,654.3305459518474,0.0,166.7466914803107,654.3305459518474,0.0,153.14917327158017,654.3305459518474
0.0,87.53648445271229,641.8670304045597,0.0,98.62846494372405,652.9590108955715,0.0,22.136189585849404,491.7116832419628,0.0,114.30126263140514,654.3305459518474,0.0,96.7958734347677,651.1264193866151,0.0,95.8715894314112,650.2021353832586
0.0,18.999651262814123,560.8666816673739,0.0,45.74570796042655,598.7047188559981,0.0,1.5399203464194653,393.2516035883823,0.0,60.71226366049937,615.0428096123468,0.0,43.131455352585206,594.2578747392004,0.0,23.249821147830527,573.4519565310891
0.0,8.438784040581305,567.6177088998389,0.0,39.80778126729388,630.5509438698332,0.0,0.174595531874096,393.39128001388156,0.0,47.08259509538122,652.7088856886518,0.0,36.37406914043667,623.3571300515497,0.0,5.179667445598181,577.5956904875676
0.0,10.592128933695157,576.0914120467951,0.0,37.88723041667883,654.3305459518474,0.0,0.11639702124939733,393.48439763088106,0.0,48.421160839749284,654.3305459518474,0.0,40.09877382041737,654.3305459518474,0.0,8.6133795724554,584.4863941455319
0.0,12.745473826809006,586.2877911082423,0.0,34.51171680044631,654.3305459518474,0.0,0.05819851062469866,393.5309564393808,0.0,48.82855041412218,654.3305459518474,0.0,43.64888296852399,654.3305459518474,0.0,9.719151274324677,592.2617151649916
0.0,11.697900635564432,595.6461116166939,0.0,32.53296743920656,654.3305459518474,0.0,0.05819851062469866,393.57751524788057,0.0,50.10891764786555,654.3305459518474,0.0,45.162044244766165,654.3305459518474,0.0,11.290511061191541,601.2941240139448
0.0,9.486357231825883,603.2351974021547,0.0,30.96160765233969,654.3305459518474,0.0,0.0,393.57751524788057,0.0,51.73847594535711,654.3305459518474,0.0,46.61700701038363,654.3305459518474,0.0,12.687275316184309,611.4439442668922
0.0,10.533930423070458,611.662341740611,0.0,29.27385084422343,654.3305459518474,0.0,0.0,393.57751524788057,0.0,52.3204610516041,654.3305459518474,0.0,47.839175733502294,654.3305459518474,0.0,12.454481273685513,621.4075292858406
0.0,8.6133795724554,618.5530453985754,0.0,27.877086589230657,654.3305459518474,0.0,0.0,393.57751524788057,0.0,52.66965211535229,654.3305459518474,0.0,49.41053552036916,654.3305459518474,0.0,11.81429765681383,630.8589674112917
0.0,8.26418850870721,625.1643962055412,0.0,26.771314887361385,654.3305459518474,0.0,0.0,393.57751524788057,0.0,53.54262977472277,654.3305459518474,0.0,51.272887860359525,654.3305459518474,0.0,11.174114039942143,639.7982586432454
0.0,8.031394466208416,631.5895117785079,0.0,24.559771483622836,654.3305459518474,0.0,0.0,393.57751524788057,0.0,54.41560743409325,654.3305459518474,0.0,53.135240200349884,654.3305459518474,0.0,10.126540848697566,647.8994913222034
0.0,8.147791487457813,638.1077449684742,0.0,21.533448931138505,654.3305459518474,0.0,0.05819851062469866,393.6240740563803,0.0,54.99759254034023,654.3305459518474,0.0,54.06641637034505,654.3305459518474,0.0,10.068342338072869,654.3305459518474
0.0,8.380585529956607,644.8122133924395,0.0,18.565324889278873,654.3305459518474,0.0,0.11639702124939733,393.71719167337983,0.0,55.52137913596252,654.3305459518474,0.0,54.82299700846614,654.3305459518474,0.0,10.01014382744817,654.3305459518474
0.0,7.624004891835525,650.9114173059079,0.0,14.72422318804876,654.3305459518474,0.0,0.11639702124939733,393.81030929037934,0.0,55.87057019971072,654.3305459518474,0.0,55.28858509346373,654.3305459518474,0.0,9.893746806198772,654.3305459518474
0.0,8.380585529956607,654.3305459518474,0.0,10.359334891196362,654.3305459518474,0.0,0.05819851062469866,393.8568680988791,0.0,56.0451657315848,654.3305459518474,0.0,55.172188072214325,654.3305459518474,0.0,8.496982551206004,654.3305459518474
0.0,12.803672337433706,654.3305459518474,0.0,5.23786595622288,654.3305459518474,0.0,0.05819851062469866,393.90342690737884,0.0,56.103364242209516,654.3305459518474,0.0,54.59020296596734,654.3305459518474,0.0,6.98382127496384,654.3305459518474
0.0,18.332530846780077,647.6630767986275,0.0,3.084521063109029,632.4150670149564,0.0,0.6826624072726847,369.58608931465153,0.0,55.92876871033541,654.3305459518474,0.0,56.6271508378318,654.3305459518474,0.0,8.150970977299565,637.481516929147
0.0,56.48452793336027,654.3305459518474,0.0,10.287095269761368,617.7021622847178,0.0,43.349062861815476,384.26533960410393,0.0,79.13143069749485,654.3305459518474,0.0,72.40230443595195,654.3305459518474,0.0,74.73731475656362,654.3305459518474
0.0,150.9750728300024,654.3305459518474,0.0,23.18376277709398,540.8859250618118,0.0,96.25539942544853,380.5207390295525,0.0,115.13008289096118,654.3305459518474,0.0,125.93310489623299,654.3305459518474,0.0,156.22583447457734,654.3305459518474
0.0,214.6041541883754,654.3305459518474,0.0,40.93298536618378,481.8189104279956,0.0,139.60446228726403,412.2043088593637,0.0,136.85102304232586,654.3305459518474,0.0,145.50538052475392,654.3305459518474,0.0,200.18364151281708,654.3305459518474
0.0,245.38048241685746,654.3305459518474,0.0,77.17229146226077,458.9912018902564,0.0,165.54563376362603,464.64081587026453,0.0,142.02918960749568,654.3305459518474,0.0,126.50723014236813,654.3305459518474,0.0,222.653302442191,654.3305459518474
0.0,253.9042240382408,654.3305459518474,0.0,68.98034257498855,427.97154446524496,0.0,145.40709274908184,500.96649006953,0.0,141.68785840385934,654.3305459518474,0.0,132.30986060418593,654.3305459518474,0.0,225.69066434462894,654.3305459518474
0.0,233.50612991102054,654.3305459518474,0.0,58.34087675163724,386.31242121688217,0.0,127.3165389563557,522.8197212346146,0.0,145.21756746147219,654.3305459518474,0.0,114.9601677293572,654.3305459518474,0.0,207.23202027808912,654.3305459518474
0.0,188.7524429341004,654.3305459518474,0.0,43.03917109862653,329.3515923155087,0.0,88.40478174181267,511.22450297642723,0.0,150.84560239141587,654.3305459518474,0.0,120.02193727327762,654.3305459518474,0.0,168.3674222242172,654.3305459518474
0.0,116.92823319861344,654.3305459518474,0.0,21.93483498379801,251.2864272993067,0.0,42.84099598641689,454.0654989628441,0.0,114.43170076346482,654.3305459518474,0.0,92.65724247174553,646.987788423593,0.0,109.4382013866495,654.3305459518474
0.0,48.223163456524695,602.5537094083721,0.0,3.2858756651604253,154.57230296446713,0.0,9.79792760442823,363.8634265672723,0.0,62.49115930011607,616.8217052519635,0.0,60.39751379805526,607.3853022216482,0.0,34.91628234294756,589.246828294795
0.0,36.08307658731317,631.4201706782227,0.0,2.793528509985536,156.80712577245555,0.0,1.4549627656174666,365.02739677976626,0.0,54.124614880969766,654.3305459518474,0.0,57.26733445470348,653.199169785411,0.0,16.295582974915625,602.2832946747275
0.0,37.53803935293064,654.3305459518474,0.0,3.49191063748192,159.6006542824411,0.0,1.5713597868668638,366.2844846092598,0.0,53.36803424284868,654.3305459518474,0.0,57.558327007826975,654.3305459518474,0.0,19.845692123022243,618.1598483731452
0.0,37.36344382105654,654.3305459518474,0.0,4.364888296852399,163.092564919923,0.0,1.5713597868668638,367.5415724387533,0.0,52.3204610516041,654.3305459518474,0.0,57.67472402907638,654.3305459518474,0.0,21.067860846140917,635.0141370500579
0.0,37.36344382105654,654.3305459518474,0.0,4.888674892474688,167.00350483390275,0.0,1.5713597868668638,368.7986602682468,0.0,50.45810871161374,654.3305459518474,0.0,57.67472402907638,654.3305459518474,0.0,20.77686829301742,651.6356316844718
0.0,37.47984084230594,654.3305459518474,0.0,5.587057019971072,171.4731504498796,0.0,1.3385657443680692,369.86951286374125,0.0,48.07196977600109,654.3305459518474,0.0,57.67472402907638,654.3305459518474,0.0,17.401354676784898,654.3305459518474
0.0,37.247046799807144,654.3305459518474,0.0,6.169042126218058,176.40838415085403,0.0,0.87297765937048,370.5678949912376,0.0,45.04564722351677,654.3305459518474,0.0,57.67472402907638,654.3305459518474,0.0,12.221687231186719,654.3305459518474
0.0,36.490466161686065,654.3305459518474,0.0,6.51823318996625,181.62297070282705,0.0,0.4655880849975893,370.9403654592357,0.0,39.92417828854328,654.3305459518474,0.0,57.616525518451674,654.3305459518474,0.0,9.078967657452992,654.3305459518474
0.0,35.67568701294028,654.3305459518474,0.0,6.92562276433914,187.16346891429836,0.0,0.2909925531234933,371.17315950173446,0.0,35.85028254481438,654.3305459518474,0.0,57.383731475952885,654.3305459518474,0.0,7.914997444959019,654.3305459518474
0.0,34.8609078641945,654.3305459518474,0.0,7.624004891835525,193.26267282776678,0.0,0.23279404249879465,371.3593947357335,0.0,32.35837190733246,654.3305459518474,0.0,56.7435478590812,654.3305459518474,0.0,7.100218296213236,654.3305459518474
0.0,33.40594509857703,654.3305459518474,0.0,7.740401913084923,199.45499435823473,0.0,0.174595531874096,371.49907116123273,0.0,29.797637439845715,654.3305459518474,0.0,56.80174636970589,654.3305459518474,0.0,6.867424253714441,654.3305459518474
0.0,32.06737935420897,654.3305459518474,0.0,8.438784040581305,206.20602159069978,0.0,0.11639702124939733,371.59218877823224,0.0,28.168079142354156,654.3305459518474,0.0,57.616525518451674,654.3305459518474,0.0,8.380585529956607,654.3305459518474
0.0,30.612416588591497,654.3305459518474,0.0,8.6715780830801,213.14328405716387,0.0,0.05819851062469866,371.638747586732,0.0,23.10480871800537,654.3305459518474,0.0,57.67472402907638,654.3305459518474,0.0,10.999518508068046,654.3305459518474
0.0,27.41149850423307,654.3305459518474,0.0,9.020769146828293,220.3598993746265,0.0,0.0,371.638747586732,0.0,18.623523399903572,654.3305459518474,0.0,57.67472402907638,654.3305459518474,0.0,13.327458933055995,654.3305459518474
0.0,25.25815361111922,654.3305459518474,0.0,8.904372125578895,227.4833970750896,0.0,0.0,371.638747586732,0.0,14.607826166799367,654.3305459518474,0.0,57.558327007826975,654.3305459518474,0.0,13.443855954305391,654.3305459518474
0.0,27.08906651066218,654.3305459518474,0.0,9.796248995014828,212.27964607010443,0.0,1.023993610909027,347.662741197641,0.0,10.766724465569252,640.0972704174167,0.0,57.383731475952885,654.3305459518474,0.0,13.362077863345144,642.6926238151925
0.0,84.89511731672354,654.3305459518474,0.0,62.54688923683925,242.31715745957584,0.0,43.00773165817913,362.06892652418435,0.0,34.01186524312968,647.3067626119204,0.0,75.46642540856718,654.3305459518474,0.0,52.110278895967674,654.3305459518474
0.0,154.81299504139076,654.3305459518474,0.0,126.32866515616415,263.3800895845072,0.0,102.05802988726636,363.71535043399746,0.0,55.8570622758556,603.163824887776,0.0,97.4122997423188,651.7428456941661,0.0,106.69819101701856,654.3305459518474
0.0,205.21511703874836,654.3305459518474,0.0,192.85681042480354,337.66553792435,0.0,166.56962737453506,416.9710523336255,0.0,64.0065323727268,567.1703572605028,0.0,128.86510912737512,654.3305459518474,0.0,172.87714522190973,654.3305459518474
0.0,235.33872141997682,654.3305459518474,0.0,216.95134928139888,431.2266173494691,0.0,203.09206616362368,499.44470526452443,0.0,72.41237609243237,539.5827333529352,0.0,164.8794810410652,654.3305459518474,0.0,200.82382512968877,654.3305459518474
0.0,237.92621495764087,654.3305459518474,0.0,217.95176331197234,525.588027999047,0.0,204.2324567957821,582.8306707011501,0.0,66.9825162746983,506.5652496276335,0.0,183.66055710117587,654.3305459518474,0.0,199.08255018121793,654.3305459518474
0.0,213.67597977923685,654.3305459518474,0.0,200.0782838415213,605.650655072264,0.0,182.96138500919133,649.1997787085031,0.0,47.42127999613098,453.98652962376445,0.0,150.10156198367676,654.3305459518474,0.0,162.9832206867259,654.3305459518474
0.0,165.48540118561783,654.3305459518474,0.0,159.74300330180822,653.4450577137106,0.0,140.01185186163693,654.3305459518474,0.0,36.23444799682183,390.22097762058627,0.0,127.05777580816772,654.3305459518474,0.0,79.22963942461902,633.5601853764664
0.0,104.52559145586913,654.3305459518474,0.0,92.90028589970981,646.3453436134205,0.0,73.33587013130074,627.6664160831481,0.0,24.81164246517214,315.0326200857584,0.0,101.15908312220671,654.3305459518474,0.0,42.230573200579194,575.7907585770456
0.0,41.200042881001615,595.530588832849,0.0,21.120055835052227,567.4653994484727,0.0,10.530928662213764,538.1973447453619,0.0,12.787952617210006,227.82057270296843,0.0,64.05465922687108,618.3852051787185,0.0,16.309801814710976,492.1005603917566
0.0,23.10480871800537,614.0144358072533,0.0,1.5131612762421651,568.6759284694664,0.0,0.349191063748192,538.4766975963604,0.0,14.375032124300569,239.3205984024089,0.0,54.88119551909084,654.3305459518474,0.0,15.364406804920447,504.3920858356929
0.0,20.31128020801983,630.2634599736692,0.0,1.9787493612397546,570.2589279584582,0.0,0.4655880849975893,538.8491680643584,0.0,16.411979996165023,252.45018239934092,0.0,54.124614880969766,654.3305459518474,0.0,15.364406804920447,516.6836112796293
0.0,19.55469956989875,645.9072196295882,0.0,2.444337446237344,572.2143979154481,0.0,0.7565806381210826,539.4544325748553,0.0,18.216133825530683,267.02308945976546,0.0,53.89182083847097,654.3305459518474,0.0,13.96764254992768,527.8577253195715
0.0,18.099736804281285,654.3305459518474,0.0,3.4337121268572206,574.9613676169339,0.0,1.4549627656174666,540.6184027873493,0.0,22.23183105863489,284.8085543066734,0.0,54.24101190221916,654.3305459518474,0.0,12.57087829493491,537.9144279555194
0.0,17.92514127240719,654.3305459518474,0.0,4.190292764978303,578.3136018289165,0.0,1.9787493612397546,542.2014022763411,0.0,25.374550632368617,305.1081948125683,0.0,54.47380594471795,654.3305459518474,0.0,12.279885741811418,547.7383365489685
0.0,19.61289808052345,654.3305459518474,0.0,3.899300211854811,581.4330419984003,0.0,2.036947871864453,543.8309605738327,0.0,29.85583595047041,328.9928635729446,0.0,54.41560743409325,654.3305459518474,0.0,13.152863401181898,558.260627269914
0.0,23.10480871800537,654.3305459518474,0.0,2.793528509985536,583.6678648063887,0.0,1.6877568081162613,545.1811660203257,0.0,33.522342119826426,355.8107372688057,0.0,54.06641637034505,654.3305459518474,0.0,14.142238081801773,569.5744177353555
0.0,25.84013871736621,654.3305459518474,0.0,1.74595531874096,585.0646290613814,0.0,1.5131612762421651,546.3916950413194,0.0,36.141275097937864,384.72375734715604,0.0,53.775423817221565,654.3305459518474,0.0,10.359334891196362,577.8618856483126
0.0,25.78194020674151,654.3305459518474,0.0,1.222168723118672,586.0423640398764,0.0,1.9787493612397546,547.9746945303112,0.0,36.78145871480955,414.1489243190037,0.0,53.30983573222398,654.3305459518474,0.0,3.6665061693560155,580.7950905837974
0.0,25.374550632368617,654.3305459518474,0.0,0.9311761699951786,586.7873049758725,0.0,3.550109148106618,550.8147818487965,0.0,34.919106374819194,442.0842094188591,0.0,52.727850625976984,654.3305459518474,0.0,0.23279404249879465,580.9813258177965
0.0,25.549146164242714,654.3305459518474,0.0,0.6401836168716852,587.2994518693699,0.0,5.587057019971072,555.2844274647734,0.0,30.787012120465597,466.71381911523156,0.0,51.44748339223362,654.3305459518474,0.0,0.0,580.9813258177965
0.0,26.829513397986084,654.3305459518474,0.0,0.349191063748192,587.5788047203685,0.0,7.042019785588539,560.9180432932443,0.0,26.014734249240302,487.5256065146238,0.0,49.87612360536675,654.3305459518474,0.0,0.0,580.9813258177965
0.0,26.713116376736686,654.3305459518474,0.0,0.349191063748192,587.858157571367,0.0,6.867424253714441,566.4119826962159,0.0,22.581022122383082,505.59042421253025,0.0,48.886748924746875,654.3305459518474,0.0,0.05819851062469866,581.0278846262962
0.0,26.596719355487288,654.3305459518474,0.0,0.8147791487457813,588.5099808903636,0.0,6.751027232465045,571.812804482188,0.0,20.660471271768024,522.1188012299447,0.0,48.421160839749284,654.3305459518474,0.0,0.7565806381210826,581.6331491367931
0.0,28.55974899650334,654.3305459518474,0.0,6.524592169649753,570.0345730600134,0.0,7.134837226502387,553.9476417086904,0.0,18.623523399903572,515.7423246298482,0.0,48.86316934441132,654.3305459518474,0.0,3.2009180843584266,559.8340672211516
0.0,92.10237189364597,654.3305459518474,0.0,82.59897179015309,616.1137504921359,0.0,55.5142301917909,578.3590258621232,0.0,38.74952418406583,526.7419439771008,0.0,93.37152204845069,654.3305459518474,0.0,13.27879889195655,548.1128661131081
0.0,179.08831068055864,654.3305459518474,0.0,147.587196712373,654.1835078620343,0.0,117.64754860355883,592.4770647449702,0.0,76.51621039618033,503.2581543732812,0.0,146.23855931152448,654.3305459518474,0.0,31.252955663433294,479.3658217765414
0.0,229.18522128499745,654.3305459518474,0.0,187.05735945282748,654.3305459518474,0.0,158.59943317980805,639.3566112888167,0.0,124.5589525281026,522.9053163957633,0.0,205.12998172896133,654.3305459518474,0.0,41.78388432564706,421.1497061021885
0.0,257.168021003494,654.3305459518474,0.0,213.22346511157644,654.3305459518474,0.0,177.07379696657154,654.3305459518474,0.0,158.09118857542438,569.3782672561028,0.0,226.56460969747258,654.3305459518474,0.0,46.43508480535286,367.58479090754133
0.0,263.32452289933013,654.3305459518474,0.0,214.53059141549707,654.3305459518474,0.0,152.71502462702998,654.3305459518474,0.0,172.7259515413861,627.5590284892118,0.0,218.57083592241,654.3305459518474,0.0,50.718195011245,318.30298591878636
0.0,244.83911976261305,654.3305459518474,0.0,198.82935604822535,654.3305459518474,0.0,122.045554950272,654.3305459518474,0.0,178.23440996023868,654.3305459518474,0.0,212.06196347298396,654.3305459518474,0.0,42.49162719368364,260.79461311247
0.0,149.35602069550927,654.3305459518474,0.0,160.6741794718034,654.3305459518474,0.0,99.00176877476297,653.3323147266103,0.0,175.05071247653228,654.3305459518474,0.0,158.13481278828363,654.3305459518474,0.0,28.764460817381554,189.55907392985156
0.0,80.76416848482816,635.0947144366755,0.0,98.94825063440838,653.2787965862558,0.0,54.22918258777743,607.5614973143878,0.0,122.21043428363579,654.3305459518474,0.0,101.86082246852988,654.3305459518474,0.0,18.765178610901923,108.32425254075349
0.0,56.07978466187396,591.1744990985495,0.0,29.701995967060228,582.9807925533161,0.0,10.030721646927026,517.5922189613148,0.0,42.648824395920634,596.979370347768,0.0,50.676861643302246,605.0074075951496,0.0,14.957017230547557,23.281269771301055
0.0,54.99759254034023,635.1725731308217,0.0,11.872496167438527,592.4787894872669,0.0,1.5131612762421651,518.8027479823085,0.0,19.321905527399956,612.436894769688,0.0,45.91862488288725,641.7423075014594,0.0,17.2849576555355,37.109235895729455
0.0,55.34678360408843,654.3305459518474,0.0,13.56025297555479,603.3269918677107,0.0,2.15334489311385,520.5254238967996,0.0,18.041538293656586,626.8701254046133,0.0,49.17774147787037,654.3305459518474,0.0,18.623523399903572,52.00805461565231
0.0,55.46318062533782,654.3305459518474,0.0,13.269260422431296,613.9424002056558,0.0,1.9787493612397546,522.1084233857914,0.0,18.390729357404776,641.5827088905371,0.0,51.85487296660651,654.3305459518474,0.0,20.660471271768024,68.53643163306674
0.0,55.34678360408843,654.3305459518474,0.0,13.734848507428882,624.9302790115988,0.0,1.2803672337433705,523.1327171727861,0.0,18.27433233615538,654.3305459518474,0.0,53.251637221599275,654.3305459518474,0.0,23.04661020738067,86.97371979897127
0.0,55.98696722096011,654.3305459518474,0.0,13.269260422431296,635.5456873495439,0.0,0.698382127496384,523.6914228747833,0.0,19.089111484901164,654.3305459518474,0.0,53.54262977472277,654.3305459518474,0.0,24.734367015496932,106.76121341136883
0.0,57.09273892282938,654.3305459518474,0.0,12.803672337433706,645.7886252194909,0.0,0.2909925531234933,523.924216917282,0.0,21.533448931138505,654.3305459518474,0.0,54.124614880969766,654.3305459518474,0.0,26.014734249240302,127.57300081076107
0.0,57.67472402907638,654.3305459518474,0.0,9.253563189327087,653.1914757709526,0.0,0.11639702124939733,524.0173345342815,0.0,23.919587866751147,654.3305459518474,0.0,54.29921041284385,654.3305459518474,0.0,28.168079142354156,150.1074641246444
0.0,57.500128497202276,654.3305459518474,0.0,5.9944465943439615,654.3305459518474,0.0,0.11639702124939733,524.110452151281,0.0,25.49094765361801,654.3305459518474,0.0,53.775423817221565,654.3305459518474,0.0,30.263225524843307,174.31804454451904
0.0,57.67472402907638,654.3305459518474,0.0,4.481285318101797,654.3305459518474,0.0,0.6401836168716852,524.6225990447784,0.0,25.14175658986982,654.3305459518474,0.0,52.61145360472759,654.3305459518474,0.0,29.85583595047041,198.20271330489538
0.0,57.383731475952885,654.3305459518474,0.0,3.841101701230112,654.3305459518474,0.0,1.5131612762421651,525.8331280657721,0.0,23.163007228630068,654.3305459518474,0.0,52.3204610516041,654.3305459518474,0.0,26.538520844862592,219.43352998078547
0.0,57.441929986577584,654.3305459518474,0.0,3.2009180843584266,654.3305459518474,0.0,2.61893297811144,527.9282744482613,0.0,20.25308169739513,654.3305459518474,0.0,53.193438710974576,654.3305459518474,0.0,24.908962547371026,239.36070001868228
0.0,57.32553296532818,654.3305459518474,0.0,2.61893297811144,654.3305459518474,0.0,4.015697233104208,531.1408322347446,0.0,18.448927868029475,654.3305459518474,0.0,52.727850625976984,654.3305459518474,0.0,25.72374169611681,259.93969337557576
0.0,57.20913594407879,654.3305459518474,0.0,2.5025359568620424,654.3305459518474,0.0,5.470659998721674,535.517360233722,0.0,15.888193400542736,654.3305459518474,0.0,51.913071477231206,654.3305459518474,0.0,25.025359568620424,279.9599810304721
0.0,57.20913594407879,654.3305459518474,0.0,2.5025359568620424,654.3305459518474,0.0,6.285439147467455,540.545711551696,0.0,13.56025297555479,654.3305459518474,0.0,51.15649083911013,654.3305459518474,0.0,24.152381909249943,299.28188655787204
0.0,59.65665288015788,654.3305459518474,0.0,2.3861389356126455,631.71668488746,0.0,5.8198510624698665,521.3655626141658,0.0,10.184739359322265,639.5152853111697,0.0,52.397558772294246,654.3305459518474,0.0,25.19995510049452,299.4418506382677
0.0,113.986512768961,654.3305459518474,0.0,17.563587707262105,624.2802725947221,0.0,36.87313073326517,530.864067200778,0.0,37.10592477576397,649.2000251317809,0.0,110.10143139690155,654.3305459518474,0.0,34.854726613496055,307.3256319290645
0.0,161.20661589202567,654.3305459518474,0.0,41.09186117783417,565.3721337725563,0.0,114.99549757558657,542.8604652612472,0.0,82.0909049147545,631.2909300465353,0.0,170.6366309516253,654.3305459518474,0.0,56.53318797445972,263.85881990352425
0.0,197.90365021298837,654.3305459518474,0.0,62.071940411301455,527.4440741838578,0.0,174.4107065886457,602.3890305321638,0.0,114.88545953402067,643.1992976737519,0.0,199.14957624542765,654.3305459518474,0.0,79.03746783412276,242.89628773764701
0.0,209.5671096472487,654.3305459518474,0.0,81.07009079368721,508.51416497754497,0.0,199.18472836267202,654.3305459518474,0.0,134.7912065060661,654.3305459518474,0.0,179.93435154076678,654.3305459518474,0.0,104.10716253154266,246.18201776288115
0.0,189.76989983634087,654.3305459518474,0.0,85.84872764459602,494.362892622141,0.0,218.43139250778026,654.3305459518474,0.0,121.97949657953546,654.3305459518474,0.0,155.22638813747704,654.3305459518474,0.0,123.1839115150469,264.72914697491865
0.0,165.1940531745242,654.3305459518474,0.0,67.64177683062047,462.00466945276145,0.0,194.37147258147405,654.3305459518474,0.0,92.95848441033452,647.289030362182,0.0,140.26919317794443,654.3305459518474,0.0,129.84062042616978,288.60164331585446
0.0,152.7315343117418,654.3305459518474,0.0,44.77258618698554,406.777255639747,0.0,155.35117820579347,654.3305459518474,0.0,75.43419600363166,622.7232263658136,0.0,107.75627037126156,654.3305459518474,0.0,117.72729262713554,302.7834774175629
0.0,100.38360327402016,654.3305459518474,0.0,19.463738467383365,326.2409941071304,0.0,96.94106359357792,651.2716095454253,0.0,39.65261813244041,562.3758444982541,0.0,58.02895092106478,612.3594968729121,0.0,69.22214190005744,272.00561931762036
0.0,62.42978129964962,616.7603272514971,0.0,2.928824741300384,229.1698188484308,0.0,27.631930045334972,578.9035395907604,0.0,3.704304589486917,466.080149087741,0.0,31.57035182876398,543.9298487016761,0.0,30.09498897265271,202.10060829027307
0.0,57.09273892282938,654.3305459518474,0.0,2.9681240418596317,231.5443180819185,0.0,13.85124552867828,589.984536013703,0.0,0.9893746806198773,466.87164883223693,0.0,25.78194020674151,564.5554008670692,0.0,17.168560634286106,215.83545679770197
0.0,57.32553296532818,654.3305459518474,0.0,4.714079360600592,235.315581570399,0.0,13.734848507428882,600.972414819646,0.0,1.8041538293656585,468.31497189572946,0.0,22.581022122383082,582.6202185649757,0.0,10.999518508068046,224.6350716041564
0.0,56.97634190157999,654.3305459518474,0.0,5.761652551845168,239.92490361187512,0.0,14.025841060552379,612.193087668088,0.0,3.6665061693560155,471.24817683121427,0.0,19.61289808052345,598.3105370293945,0.0,7.624004891835525,230.7342755176248
0.0,56.6853493484565,654.3305459518474,0.0,5.645255530595771,244.44110803635175,0.0,14.025841060552379,623.4137605165299,0.0,5.9944465943439615,476.04373410668944,0.0,16.52837701741442,611.5332386433261,0.0,6.169042126218058,235.66950921859925
0.0,56.33615828470831,654.3305459518474,0.0,4.481285318101797,248.0261362908332,0.0,13.443855954305391,634.1688452799742,0.0,5.8198510624698665,480.69961495666536,0.0,14.840620209298159,623.4057348107646,0.0,8.205989998082512,242.23430121706525
0.0,56.0451657315848,654.3305459518474,0.0,2.9681240418596317,250.4006355243209,0.0,12.745473826809006,644.3652243414215,0.0,4.597682339351194,484.37776082814634,0.0,13.443855954305391,634.1608195742089,0.0,11.697900635564432,251.5926217255168
0.0,55.695974667836616,654.3305459518474,0.0,1.74595531874096,251.79739977931368,0.0,12.454481273685513,654.3288093603699,0.0,4.015697233104208,487.5903186146297,0.0,13.152863401181898,644.6831102951544,0.0,14.142238081801773,262.90641219095824
0.0,55.695974667836616,654.3305459518474,0.0,1.1057717018692748,252.6820171408091,0.0,11.115915529317444,654.3305459518474,0.0,3.1427195737337277,490.1044942736167,0.0,14.607826166799367,654.3305459518474,0.0,13.385657443680692,273.6149381459028
0.0,56.7435478590812,654.3305459518474,0.0,0.9893746806198773,253.473516885305,0.0,9.60275425307528,654.3305459518474,0.0,3.084521063109029,492.5721111241039,0.0,14.898818719922858,654.3305459518474,0.0,11.523305103690335,282.83358222885505
0.0,57.383731475952885,654.3305459518474,0.0,1.1057717018692748,254.35813424680043,0.0,8.787975104329497,654.3305459518474,0.0,3.1427195737337277,495.0862867830909,0.0,14.258635103051171,654.3305459518474,0.0,11.174114039942143,291.77287346080874
0.0,57.558327007826975,654.3305459518474,0.0,1.0475731912445758,255.19619279979608,0.0,8.962570636203594,654.3305459518474,0.0,3.1427195737337277,497.60046244207786,0.0,14.491429145549967,654.3305459518474,0.0,11.75609914618913,301.17775277776
0.0,57.500128497202276,654.3305459518474,0.0,0.4655880849975893,255.56866326779416,0.0,9.95194531682347,654.3305459518474,0.0,3.608307658731317,500.4871085690629,0.0,15.422605315545146,654.3305459518474,0.0,11.872496167438527,310.67574971171086
0.0,57.034540412204684,654.3305459518474,0.0,0.11639702124939733,255.66178088479367,0.0,11.34870957181624,654.3305459518474,0.0,3.4337121268572206,503.2340782705487,0.0,16.295582974915625,654.3305459518474,0.0,11.174114039942143,319.61504094366455
0.0,56.33615828470831,654.3305459518474,0.0,0.05819851062469866,255.70833969329342,0.0,12.105290209937321,654.3305459518474,0.0,3.2009180843584266,505.79481273803543,0.0,17.75054574053309,654.3305459518474,0.0,11.406908082440939,328.7405674096173
0.0,58.20169011454042,654.3305459518474,0.0,0.0,230.70833969329342,0.0,12.62907680555961,641.959622757407,0.0,3.259116594983125,484.0539293330186,0.0,19.96208914427164,649.292635096119,0.0,10.533930423070458,314.27449783268776
0.0,112.30661582095661,654.3305459518474,0.0,10.29813461971497,216.0064743130084,0.0,46.68827893834545,654.3305459518474,0.0,13.091663129700507,472.1455924627191,0.0,43.196190571878475,654.3305459518474,0.0,30.92734418002065,319.0163731767043
0.0,168.1181975455545,654.3305459518474,0.0,37.604630910622355,153.61110522363074,0.0,120.87672663852288,654.3305459518474,0.0,35.836596891974196,407.9821893546933,0.0,117.8345066368298,654.3305459518474,0.0,54.40059862980978,273.4169718065141
0.0,206.81288043782243,654.3305459518474,0.0,80.21283285454044,133.82393807817118,0.0,165.45113771329878,654.3305459518474,0.0,57.356182441287466,365.3383717959807,0.0,204.54835208068445,654.3305459518474,0.0,79.61980839833987,253.03678020485395
0.0,224.39536735514997,654.3305459518474,0.0,123.90322691999226,152.946519614165,0.0,187.1264195844207,654.3305459518474,0.0,64.71445296974845,330.05282476572916,0.0,231.63459455947498,654.3305459518474,0.0,89.59233153464218,242.62911173949612
0.0,202.88364166594857,654.3305459518474,0.0,141.71064801970675,186.3150380299304,0.0,151.68299342702403,654.3305459518474,0.0,61.54179483599567,291.59461960172484,0.0,238.0506495679872,654.3305459518474,0.0,114.62272693150284,254.32729328469838
0.0,154.0418401055042,654.3305459518474,0.0,132.89423523578657,212.63042621855965,0.0,91.87611455981573,646.2066605116631,0.0,50.46032050798232,242.05494010970716,0.0,221.11620612764318,654.3305459518474,0.0,106.70287138728865,259.6895903945293
0.0,105.2928559859737,654.3305459518474,0.0,100.58416791158345,213.0977605478264,0.0,50.66785636073216,596.8745168723952,0.0,32.83535480025376,174.89029490996091,0.0,178.55366246396784,654.3305459518474,0.0,55.39465368069975,215.08424407522907
0.0,75.99657098387297,630.3271169357204,0.0,51.3239374268126,164.421697974639,0.0,43.74523535724971,540.619752229645,0.0,16.075506891783835,90.96580180174475,0.0,88.37934582307867,642.7098917749261,0.0,28.220274131265466,143.30451820649455
0.0,57.363331385459084,587.6904483211795,0.0,8.548999811132258,72.97069778577125,0.0,30.047829811981615,470.6675820416266,0.01342905142696793,9.020769146828293,0.0,0.0,25.089917058928624,567.7998088338547,0.0,12.325544022054167,55.630062228548724
0.0,54.35740892346856,631.1763754599543,0.0,1.4549627656174666,74.13466799826523,0.0,30.437821056717404,495.0178388870005,0.0,10.941319997443347,8.753055997954679,0.0,22.98841169675597,586.1905381912595,0.0,12.338084252436117,65.50052963049762
0.0,53.42623275347337,654.3305459518474,0.0,2.269741914363248,75.95046152975583,0.0,32.125577864833666,520.7183011788675,0.0,11.639702124939733,18.064817697906463,0.0,27.469697014857765,608.1662958031458,0.0,15.306208294295748,77.74549626593422
0.0,52.96064466847578,654.3305459518474,0.0,2.9099255312349332,78.27840195474377,0.0,32.47476892858185,546.698116321733,0.0,12.978267869307802,28.447431993352705,0.0,31.543592758586676,633.4011700100151,0.0,17.459553187409597,91.7131388158619
0.0,53.54262977472277,654.3305459518474,0.0,3.2009180843584266,80.83913642223051,0.0,28.34267467422825,569.3722560611155,0.0,15.539002336794544,40.87863386278834,0.0,33.638739141075824,654.3305459518474,0.0,20.485875739893928,108.10183940777704
0.0,54.41560743409325,654.3305459518474,0.0,2.9099255312349332,83.16707684721845,0.0,24.908962547371026,589.2994260990124,0.0,19.26370701677526,56.28959947620855,0.0,31.834585311710175,654.3305459518474,0.0,21.067860846140917,124.95612808468977
0.0,55.28858509346373,654.3305459518474,0.0,2.61893297811144,85.2622232297076,0.0,20.544074250518626,605.7346854994273,0.0,21.882639994886695,73.79571147211792,0.0,27.00410892986018,654.3305459518474,0.0,19.030912974276465,140.18085846411094
0.0,56.0451657315848,654.3305459518474,0.0,2.444337446237344,87.21769318669747,0.0,16.295582974915625,618.7711518793598,0.0,23.686793824252355,92.7451465315198,0.0,25.19995510049452,654.3305459518474,0.0,16.702972549288514,153.54323650354175
0.0,56.510753816582394,654.3305459518474,0.0,2.444337446237344,89.17316314368735,0.0,16.295582974915625,631.8076182592922,0.0,24.094183398625244,112.02049325041999,0.0,23.803190845501753,654.3305459518474,0.0,15.364406804920447,165.8347619474781
0.0,56.7435478590812,654.3305459518474,0.0,2.735329999360837,91.36142714317602,0.0,17.634148719283694,645.9149372347192,0.0,24.734367015496932,131.80798686281753,0.0,22.75561765425718,654.3305459518474,0.0,13.734848507428882,176.8226407534212
0.0,56.918143390955294,654.3305459518474,0.0,3.084521063109029,93.82904399366323,0.0,17.052163613036708,654.3305459518474,0.0,25.49094765361801,152.20074498571194,0.0,22.63922063300778,654.3305459518474,0.0,12.978267869307802,187.20525504886746
0.0,56.918143390955294,654.3305459518474,0.0,3.3755136162325226,96.52945488664925,0.0,11.81429765681383,654.3305459518474,0.0,24.035984888000545,171.42953289611236,0.0,22.75561765425718,654.3305459518474,0.0,12.105290209937321,196.88948721681732
0.0,56.80174636970589,654.3305459518474,0.0,3.9574987224795093,99.69545386463285,0.0,14.840620209298159,654.3305459518474,0.0,22.17363254801019,189.1684389345205,0.0,20.718669782392723,654.3305459518474,0.0,10.359334891196362,205.1769551297744
0.0,56.80174636970589,654.3305459518474,0.0,5.296064466847579,103.93230543811092,0.0,18.914515953027067,654.3305459518474,0.0,21.067860846140917,206.02272761143325,0.0,18.914515953027067,654.3305459518474,0.0,9.544555742450582,212.81259972373488
0.0,56.6853493484565,654.3305459518474,0.0,6.92562276433914,109.47280364958223,0.0,15.131612762421653,654.3305459518474,0.0,19.61289808052345,221.71304607585202,0.0,19.438302548649354,654.3305459518474,0.0,9.311761699951786,220.2620090836963
0.0,56.6853493484565,654.3305459518474,0.0,7.740401913084923,92.21320556266716,0.0,19.35184408741901,648.6823900392665,0.0,17.110362123661407,213.82340819951344,0.0,21.343133679040708,650.6736796308882,0.0,8.380585529956607,203.64259461365293
0.0,73.18564414425032,654.3305459518474,0.0,32.898233681148554,98.531792507586,0.0,81.63299896088373,654.3305459518474,0.0,39.77351779497485,225.64222243549332,0.0,56.36813091211087,654.3305459518474,0.0,18.755817870361724,197.39841248401467
0.0,99.52634533487338,653.8568912867208,0.0,59.429250123869416,57.96104263145542,0.0,143.37464751850243,654.3305459518474,0.0,82.42419852929393,208.06642096478726,0.0,166.4403346649336,654.3305459518474,0.0,42.03557757821131,139.43399006222597
0.0,112.89646078731545,654.3305459518474,0.0,78.60199603812929,36.56303866958471,0.0,175.27414577849092,654.3305459518474,0.0,135.85114219870755,236.74733472375328,0.0,209.60058315507965,654.3305459518474,0.0,81.50574031866577,120.93973038089175
0.0,119.78914323077882,654.3305459518474,0.0,96.90644466328878,33.46948333287349,0.0,191.96475582638254,654.3305459518474,0.0,150.54878404556405,277.1863619602045,0.0,215.02258311270185,654.3305459518474,0.0,113.70727048173136,131.90554676627684
0.0,121.16232790543606,654.3305459518474,0.0,107.78338489940899,39.69619125240068,0.0,195.92861352854555,654.3305459518474,0.0,167.22835474350208,330.96904575500616,0.0,174.46554788044358,654.3305459518474,0.0,98.43232389889793,130.33787066517476
0.0,126.62362716361753,654.3305459518474,0.0,90.74826415803925,30.44445541043993,0.0,159.9095612445854,654.3305459518474,0.0,146.0044421175824,367.7725994490721,0.0,101.19105574960928,654.3305459518474,0.0,86.62888786305265,116.96675852822742
0.0,112.97037901816384,654.3305459518474,0.6053183035756291,68.95022628598444,0.0,0.0,86.63188962390936,640.9624355757568,0.0,117.76359016683809,381.98347158254256,0.0,77.4253078662683,631.7558538181157,0.0,74.32524481192063,91.29200334014804
0.0,81.85104097663198,636.1815869284794,51.1443350577304,48.8556649422696,0.0,0.0,36.89821119402907,577.8606467697858,0.0,80.44209194922738,362.42556353176997,0.0,48.517513228475,580.2733670465907,0.0,41.999457767493816,33.29146110764186
0.0,61.654301451463084,597.8358883799425,69.20980838969265,30.79019161030734,0.0,0.0,14.502468495503567,492.36311526528937,0.0,39.11425723905266,301.53982077082264,0.0,30.285304224750508,510.5586712713412,58.392333123724676,8.316205768633463,0.0
0.0,57.32553296532818,643.696314752205,0.0,31.019806162964386,24.81584493037151,0.0,15.306208294295748,504.60808190072595,0.0,30.321424035468006,325.79695999919704,0.0,32.88215850295474,536.864398073705,0.0,0.4655880849975893,0.3724704679980715
0.0,56.859944880330595,654.3305459518474,0.0,31.60179126921138,50.097277945740615,0.0,15.364406804920447,516.8996073446623,0.0,29.681240418596317,349.5419523340741,0.0,35.326495949192086,565.1255948330587,0.0,0.4655880849975893,0.744940935996143
0.0,56.219761263458906,654.3305459518474,0.0,34.162525736698115,77.42729853509911,0.0,15.422605315545146,529.2376915970984,0.0,29.332049354848124,373.0075918179526,0.0,33.23134956670293,591.710674486421,0.0,0.9893746806198773,1.5364406804920447
0.0,55.46318062533782,654.3305459518474,0.0,37.47984084230594,107.41117120894387,0.0,16.062788932416833,542.0879227430319,0.0,27.993483610480055,395.4023787063366,0.0,28.750064248601138,614.7107258853019,0.0,2.15334489311385,3.2591165949831247
0.0,54.41560743409325,654.3305459518474,0.0,40.15697233104208,139.53674907377754,0.0,13.0946648905572,552.5636546554776,0.0,26.887711908610783,416.9125482332252,0.0,25.374550632368617,635.0103663911968,0.0,4.073895743728906,6.518233189966249
0.0,52.96064466847578,654.3305459518474,0.0,41.14634701166195,172.4538266831071,0.0,10.242937869946964,560.7580049514352,0.0,26.1311312704897,437.81745324961696,0.0,23.163007228630068,653.5407721741009,0.0,6.51823318996625,11.732819741939249
0.0,51.73847594535711,654.3305459518474,0.0,42.193920202906526,206.20896284543232,0.0,10.592128933695157,569.2317080983913,0.0,25.72374169611681,458.3964466065104,0.0,22.930213186131272,654.3305459518474,0.0,7.798600423709622,17.971700080906945
0.0,51.15649083911013,654.3305459518474,0.0,43.7070814791487,241.17462802875127,0.0,10.301136380571663,577.4726172028486,0.0,25.31635212174392,478.6495283039055,0.0,25.49094765361801,654.3305459518474,0.0,9.544555742450582,25.607344674867413
0.0,50.167116158490245,654.3305459518474,0.0,43.5324859472746,276.00061678657096,0.0,7.85679893433432,583.758056350316,0.0,27.00410892986018,500.2528154477937,0.0,29.73943892922102,654.3305459518474,0.0,12.512679784310212,35.61748850231558
0.0,50.05071913724085,654.3305459518474,0.0,43.00869935165231,310.4075762678928,0.0,8.380585529956607,590.4625247742813,0.0,26.596719355487288,521.5301909321835,0.0,34.104327226073416,654.3305459518474,0.0,15.829994889918037,48.28148441425001
0.0,49.87612360536675,654.3305459518474,0.0,42.54311126665472,344.44206528121657,0.0,9.95194531682347,598.42408102774,0.0,26.713116376736686,542.9006840335728,0.0,37.36344382105654,654.3305459518474,0.0,18.914515953027067,63.41309717667166
0.0,50.92369679661133,654.3305459518474,0.0,43.7070814791487,379.4077304645355,0.0,11.290511061191541,607.4564898766932,0.0,26.65491786611199,564.2246183264624,0.0,39.4585902035457,654.3305459518474,0.0,19.321905527399956,78.87062159859163
0.0,52.553255094102894,654.3305459518474,0.0,44.05627254289689,414.65274849885304,0.0,13.734848507428882,618.4443686826363,0.0,24.908962547371026,584.1517883643593,0.0,41.08814850103725,654.3305459518474,0.0,17.2849576555355,92.69858772302003
0.0,53.775423817221565,654.3305459518474,0.0,44.40546360664508,450.1771193841691,0.0,17.86694276178249,632.7379228920623,0.0,22.98841169675597,602.542517721764,0.0,42.89230233040291,654.3305459518474,0.0,13.618451486179488,103.59334891196362
0.0,55.34678360408843,654.3305459518474,0.0,45.74402935101315,466.7723428649796,0.0,21.009662335516218,628.7475852275785,0.0,20.835066803642118,598.3775845254062,0.0,42.717706798528816,654.3305459518474,0.0,14.467849565214419,93.06119847717804
0.0,71.58752528720615,654.3305459518474,0.0,60.81294096152506,495.4226956341996,0.0,29.632580377496875,632.453649529576,0.0,43.00905480962243,612.7848283731041,0.0,61.800814761716595,654.3305459518474,0.0,48.17000077414021,111.59719909649021
0.0,94.0807657969156,648.411311748763,0.0,90.0510274530011,485.4737230872007,0.0,35.55478735040584,568.0084368799818,0.0,99.71251340365626,612.4973417767603,0.0,95.87891610456788,650.2094620564153,0.0,89.43177711357839,101.0289762100686
0.0,146.07950577088906,654.3305459518474,0.0,125.26633993816907,505.686795037736,0.0,54.516817922074125,522.5252548020559,0.0,156.46781152863127,654.3305459518474,0.0,128.0143878968969,654.3305459518474,0.0,143.96449248486127,136.20057019795763
0.0,215.36188024895472,654.3305459518474,0.0,167.33503556624117,559.554823490729,0.0,101.04171840748413,523.3586295280431,0.0,187.45971319896012,654.3305459518474,0.0,140.093096765642,654.3305459518474,0.0,196.32964412323494,213.2642854965456
0.0,200.502183100606,654.3305459518474,0.0,181.03862236220772,624.3857213804952,0.0,115.5207850516372,535.7752575693529,0.0,169.07816685311047,654.3305459518474,0.0,133.79025928853744,654.3305459518474,0.0,207.94426578741076,299.6196981264742
0.0,172.5633630529388,654.3305459518474,0.0,177.71026790664627,654.3305459518474,0.0,94.50140651761068,530.2766640869636,0.0,184.51516873743606,654.3305459518474,0.0,116.02531697922393,654.3305459518474,0.0,165.81419215887223,352.271051853572
0.0,124.37746482958983,654.3305459518474,0.0,135.80362758006635,654.3305459518474,0.0,63.517364707393675,493.79402879435725,0.0,123.03625278233518,654.3305459518474,0.0,89.56035890723962,643.890904859087,0.0,133.09355577045446,378.74589646993553
0.0,89.04575532317247,643.3763012750198,0.0,89.16868905309043,643.4992350049379,0.0,35.679221960752145,429.4732507551094,0.0,79.10838430411445,633.4389302559618,0.0,65.75681260376776,609.6477174628548,0.0,84.20609592976734,362.9519923997029
0.0,56.61929097771994,599.9955922527398,0.0,45.76928754076211,589.2685225457,0.0,12.441941043303565,341.91519179841293,0.0,23.932305826118153,557.37123608208,0.0,44.73425457989947,554.3819720427542,0.0,47.9478906236249,310.8998830233278
0.0,56.394356795333,645.1110776890063,0.0,40.68075892666436,621.8131296870315,0.0,12.047091699312622,351.55286515786304,0.0,14.025841060552379,568.591908930522,0.0,42.65950828790412,588.5095786730775,0.0,35.38469445981679,339.2076385911812
0.0,56.510753816582394,654.3305459518474,0.0,39.98237679916799,653.7990311263659,0.0,14.607826166799367,363.2391260913025,0.0,13.793047018053581,579.6263465449648,0.0,44.40546360664508,624.0339495583936,0.0,33.638739141075824,366.1186299040419
0.0,56.6271508378318,654.3305459518474,0.0,40.15697233104208,654.3305459518474,0.0,15.18981127304635,375.3909751097396,0.0,13.85124552867828,590.7073429679074,0.0,46.09322041476134,654.3305459518474,0.0,32.940357013579444,392.4709155149054
0.0,56.7435478590812,654.3305459518474,0.0,39.2257961610469,654.3305459518474,0.0,21.009662335516218,392.1987049781526,0.0,13.618451486179488,601.6021041568509,0.0,45.74402935101315,654.3305459518474,0.0,33.05675403482884,418.9163187427685
0.0,57.20913594407879,654.3305459518474,0.0,37.36344382105654,654.3305459518474,0.0,22.581022122383082,410.26352267605904,0.0,13.0946648905572,612.0778360692967,0.0,43.12509637290171,654.3305459518474,0.0,33.92973169419932,446.06010409812797
0.0,57.441929986577584,654.3305459518474,0.0,36.95605424668366,654.3305459518474,0.0,20.77686829301742,426.88501731047296,0.0,10.824922976193951,620.7377744502519,0.0,40.15697233104208,654.3305459518474,0.0,35.966679566063775,474.83344775097896
0.0,57.616525518451674,654.3305459518474,0.0,36.432267651061366,654.3305459518474,0.0,18.099736804281285,441.364806753898,0.0,9.719151274324677,628.5130954697116,0.0,37.47984084230594,654.3305459518474,0.0,37.829031906054134,505.09667327582224
0.0,57.67472402907638,654.3305459518474,0.0,35.21009892794269,654.3305459518474,0.0,17.2849576555355,455.1927728783264,0.0,8.846173614954198,635.590034361675,0.0,35.85028254481438,654.3305459518474,0.0,39.2839946716716,536.5238690131595
0.0,57.67472402907638,654.3305459518474,0.0,34.33712126857221,654.3305459518474,0.0,16.411979996165023,468.32235687525844,0.0,8.32238701933191,642.2479439771405,0.0,32.940357013579444,654.3305459518474,0.0,40.62256041603966,569.0219173459911
0.0,57.67472402907638,654.3305459518474,0.0,33.46414360920173,654.3305459518474,0.0,13.211061911806597,478.8912064047037,0.0,7.85679893433432,648.5333831246079,0.0,30.5542180779668,654.3305459518474,0.0,42.25211871353123,602.8236123168161
0.0,57.616525518451674,654.3305459518474,0.0,32.00918084358427,654.3305459518474,0.0,11.697900635564432,488.24952691315525,0.0,8.089592976833115,654.3305459518474,0.0,29.27385084422343,654.3305459518474,0.0,42.65950828790412,636.9512189471394
0.0,57.441929986577584,654.3305459518474,0.0,32.35837190733246,654.3305459518474,0.0,13.734848507428882,499.2374057190984,0.0,8.380585529956607,654.3305459518474,0.0,29.215652333598733,654.3305459518474,0.0,42.89230233040291,654.3305459518474
0.0,57.09273892282938,654.3305459518474,0.0,30.96160765233969,654.3305459518474,0.0,16.411979996165023,512.3669897160304,0.0,8.031394466208416,654.3305459518474,0.0,30.787012120465597,654.3305459518474,0.0,42.310317224155924,654.3305459518474
0.0,56.103364242209516,654.3305459518474,0.0,31.834585311710175,654.3305459518474,0.0,18.157935314905984,526.8933379679552,0.0,7.274813828087333,654.3305459518474,0.0,33.638739141075824,654.3305459518474,0.0,42.25211871353123,654.3305459518474
0.0,57.49544812693219,654.3305459518474,0.0,32.06737935420897,654.3305459518474,0.0,19.771773892173847,521.6651118601291,0.0,10.172199128940317,639.5027450807877,0.0,35.376834599704935,654.3305459518474,0.0,44.591098488472774,654.3305459518474
0.0,118.04636740187962,654.3305459518474,0.0,56.22797658154087,654.3305459518474,0.0,56.511287003537575,546.8741414629591,0.0,73.03533910865201,654.3305459518474,0.0,68.65587651403413,654.3305459518474,0.0,91.79548189131373,654.3305459518474
0.0,176.27402662210923,654.3305459518474,0.0,87.00598341943638,641.3365293712837,0.0,122.88373595036829,565.1811302232537,0.0,145.90562115495518,654.3305459518474,0.0,122.74040212995655,654.3305459518474,0.0,150.97789686187406,654.3305459518474
0.0,214.352105477841,654.3305459518474,0.0,95.5046445800558,636.8411739513396,0.0,186.41381861712898,634.3121851169569,0.0,191.93967536561863,654.3305459518474,0.0,139.7770237517546,654.3305459518474,0.0,204.41270039139948,654.3305459518474
0.0,228.90191086300072,654.3305459518474,0.0,105.70528138858681,641.405399062209,0.0,221.506375101364,654.3305459518474,0.0,219.94137429418066,654.3305459518474,0.0,143.43399145158537,654.3305459518474,0.0,237.918177368544,654.3305459518474
0.0,230.85708064390494,654.3305459518474,0.0,90.95730089121744,632.3626999534264,0.0,228.17562424286882,654.3305459518474,0.0,224.1458858989543,654.3305459518474,0.0,125.51017333062147,654.3305459518474,0.0,241.42898721609134,654.3305459518474
0.0,163.8476275700443,654.3305459518474,0.0,77.64070357912999,610.0034035325564,0.0,209.03431776905634,654.3305459518474,0.0,205.05023770538457,654.3305459518474,0.0,101.90648074877265,654.3305459518474,0.0,225.9259269610293,654.3305459518474
0.0,147.40553128487517,654.3305459518474,0.0,57.60601935545324,567.6094228880096,0.0,168.84219332076995,654.3305459518474,0.0,159.423573069094,654.3305459518474,0.0,76.36651759608507,630.6970635479324,0.0,192.42513035415485,654.3305459518474
0.0,106.21299280601528,654.3305459518474,0.0,39.650761794041955,507.26018468205154,0.0,110.09860736502992,654.3305459518474,0.0,86.17584000843702,640.5063859602844,0.0,52.87922203548565,583.5762855834181,0.0,137.17981401558023,654.3305459518474
0.0,60.64920705061951,614.9797530024669,0.0,24.46227367243889,431.7224583544904,0.0,50.04153612568571,604.3720820775332,0.0,17.153018643047464,557.659404603332,0.0,27.97308351998626,511.5493691034044,0.0,68.45584506342604,622.7863910152735
0.0,56.2779597740836,654.3305459518474,0.0,27.12050595110958,453.4188631153781,0.0,35.50109148106618,632.7729552623861,0.0,3.2009180843584266,560.2201390708187,0.0,25.083558079245122,531.6162155668005,0.0,51.796674455981815,654.3305459518474
0.0,56.80174636970589,654.3305459518474,0.0,31.36899722671258,478.51406089674816,0.0,28.750064248601138,654.3305459518474,0.0,2.735329999360837,562.4084030703074,0.0,25.083558079245122,551.6830620301967,0.0,52.2622625409794,654.3305459518474
0.0,57.383731475952885,654.3305459518474,0.0,33.23134956670293,505.0991405501105,0.0,20.136684676145737,654.3305459518474,0.0,3.4337121268572206,565.1553727717932,0.0,26.072932759865,572.5414082380887,0.0,52.4368580728535,654.3305459518474
0.0,57.67472402907638,654.3305459518474,0.0,33.522342119826426,531.9170142459717,0.0,15.946391911167435,654.3305459518474,0.0,5.063270424348783,569.2059891112722,0.0,29.390247865472826,596.0536065304669,0.0,53.30983573222398,654.3305459518474
0.0,57.67472402907638,654.3305459518474,0.0,34.22072424732281,559.2935936438299,0.0,16.17918595366623,654.3305459518474,0.0,6.169042126218058,574.1412228122466,0.0,26.014734249240302,616.8653939298592,0.0,53.95001934909566,654.3305459518474
0.0,57.67472402907638,654.3305459518474,0.0,33.87153318357462,586.3908201906896,0.0,16.52837701741442,654.3305459518474,0.0,7.914997444959019,580.4732207682139,0.0,25.72374169611681,637.4443872867527,0.0,54.24101190221916,654.3305459518474
0.0,57.67472402907638,654.3305459518474,0.0,32.35837190733246,612.2775177165556,0.0,16.17918595366623,654.3305459518474,0.0,9.777349784949376,588.2951005961734,0.0,25.72374169611681,654.3305459518474,0.0,54.41560743409325,654.3305459518474
0.0,57.67472402907638,654.3305459518474,0.0,31.48539424796198,637.4658331149252,0.0,15.829994889918037,654.3305459518474,0.0,13.734848507428882,599.2829794021164,0.0,25.374550632368617,654.3305459518474,0.0,54.93939402971553,654.3305459518474
0.0,57.67472402907638,654.3305459518474,0.0,28.168079142354156,654.3305459518474,0.0,16.062788932416833,654.3305459518474,0.0,13.211061911806597,609.8518289315617,0.0,26.1311312704897,654.3305459518474,0.0,55.172188072214325,654.3305459518474
0.0,57.558327007826975,654.3305459518474,0.0,24.85076403674633,654.3305459518474,0.0,16.411979996165023,654.3305459518474,0.0,11.75609914618913,619.2567082485131,0.0,26.1893297811144,654.3305459518474,0.0,55.40498211471312,654.3305459518474
0.0,57.558327007826975,654.3305459518474,0.0,20.602272761143325,654.3305459518474,0.0,17.92514127240719,654.3305459518474,0.0,11.115915529317444,628.149440671967,0.0,25.31635212174392,654.3305459518474,0.0,56.4525553059577,654.3305459518474
0.0,57.500128497202276,654.3305459518474,0.0,17.575950208658995,654.3305459518474,0.0,19.089111484901164,654.3305459518474,0.0,10.126540848697566,636.250673350925,0.0,27.70249105735656,654.3305459518474,0.0,56.918143390955294,654.3305459518474
0.0,57.32553296532818,654.3305459518474,0.0,17.110362123661407,654.3305459518474,0.0,20.194883186770436,654.3305459518474,0.0,9.369960210576485,643.7466415193862,0.0,26.363925312988492,654.3305459518474,0.0,57.20913594407879,654.3305459518474
0.0,57.09273892282938,654.3305459518474,0.0,16.93576659178731,654.3305459518474,0.0,18.79811893177767,654.3305459518474,0.0,9.719151274324677,651.521962538846,0.0,25.665543185492112,654.3305459518474,0.0,57.32553296532818,654.3305459518474
0.0,56.80174636970589,654.3305459518474,0.0,18.041538293656586,647.372084245504,0.0,14.084039571177078,643.4145855230245,0.0,9.835548295574075,636.35751083442,0.0,27.46501664458767,654.3305459518474,0.0,57.500128497202276,654.3305459518474
0.0,70.50533316567243,654.3305459518474,0.0,23.61923457308746,645.9913188185915,0.0,21.775781443162558,640.1903669661871,0.0,14.540266915634469,625.8977777500545,0.0,75.72801258862678,654.3305459518474,0.0,64.10181838754218,654.3305459518474
0.0,98.37023498249125,652.7007809343387,0.0,38.455352141100576,584.446670959692,0.0,36.073893575758035,576.2642605419451,0.0,23.94184429564341,549.8396220456979,0.0,125.38777278765868,654.3305459518474,0.0,77.81326504362058,632.143810995468
0.0,127.77505714572955,654.3305459518474,0.0,61.91756724093611,546.3642382006282,0.0,54.33268392067477,530.5969444626198,0.0,47.377300325301626,497.2169223709995,0.0,152.5007743366265,654.3305459518474,0.0,95.84562032572202,627.9894313211901
0.0,202.0767223773146,654.3305459518474,0.0,92.32748380501796,538.6917220056462,0.0,94.82048129235476,525.4174257549746,0.0,89.61105301572259,486.8279753867221,0.0,180.3735360135572,654.3305459518474,0.0,99.82519774810874,627.8146290692988
0.0,223.76304359839014,654.3305459518474,0.0,92.16860799336757,530.8603299990137,0.0,161.7543375259536,574.8208957757374,0.0,112.15145268610313,496.5491375356046,0.0,172.90672832395865,654.3305459518474,0.0,87.3626788853263,615.1773079546251
0.0,198.84586573293714,654.3305459518474,0.0,75.81932914911229,506.679659148126,0.0,190.47799816234755,647.2032943056155,0.0,120.13100762137034,512.6539436327008,0.0,139.41697106703785,654.3305459518474,0.0,75.13295406504268,590.3102620196678
0.0,160.60891106555496,654.3305459518474,0.0,54.24940494928617,460.92906409741215,0.0,165.36732555495502,654.3305459518474,0.0,106.97946737163173,518.2375175300062,0.0,112.85451518386961,654.3305459518474,0.0,72.86003266083767,563.1702946805054
0.0,121.00663158362741,654.3305459518474,0.0,31.115980822705044,392.0450449201172,0.0,113.54786148312577,654.3305459518474,0.0,101.55110843432601,519.478404277467,0.0,76.90152127064601,631.2320672224935,0.0,64.04361987691748,527.2139145574229
0.0,67.92569948812024,622.2562454399676,0.0,15.391165875097748,307.43621079521495,0.0,57.492446366075484,611.8229923179229,0.0,56.970338379866604,476.4487426573336,0.0,28.253214452141208,559.4852816746347,0.0,57.67472402907638,484.88863858649927
0.0,55.055791050964935,654.3305459518474,0.0,14.025841060552379,318.65688364365684,0.0,45.04564722351677,647.8595100967362,0.0,43.7070814791487,511.41440784065253,0.0,12.861870848058405,569.7747783530815,0.0,57.616525518451674,530.9818590012607
0.0,54.18281339159446,654.3305459518474,0.0,13.443855954305391,329.41196840710114,0.0,44.87105169164267,654.3305459518474,0.0,49.41053552036916,550.9428362569479,0.0,10.88312148681865,578.4812755425364,0.0,57.20913594407879,576.7491677565237
0.0,52.96064466847578,654.3305459518474,0.0,12.338084252436117,339.28243580905,0.0,41.72833211790894,654.3305459518474,0.0,51.331086370984224,592.0077053537352,0.0,9.369960210576485,585.9772437109976,0.0,56.510753816582394,621.9577708097896
0.0,51.913071477231206,654.3305459518474,0.0,12.745473826809006,349.4788148704972,0.0,39.1675976504222,654.3305459518474,0.0,51.971269987855905,633.58472134402,0.0,9.777349784949376,593.7991235389571,0.0,54.76479849784145,654.3305459518474
0.0,50.92369679661133,654.3305459518474,0.0,11.988893188687923,359.06992942144757,0.0,37.94542892730353,654.3305459518474,0.0,52.96064466847578,654.3305459518474,0.0,11.75609914618913,603.2040028559085,0.0,49.75972658411735,654.3305459518474
0.0,50.167116158490245,654.3305459518474,0.0,10.417533401821059,367.4039561429044,0.0,38.469215522925815,654.3305459518474,0.0,53.717225306596866,654.3305459518474,0.0,12.512679784310212,613.2141466833566,0.0,43.00869935165231,654.3305459518474
0.0,49.643329562867955,654.3305459518474,0.0,8.846173614954198,374.4808950348678,0.0,37.47984084230594,654.3305459518474,0.0,54.76479849784145,654.3305459518474,0.0,11.639702124939733,622.5259083833084,0.0,37.36344382105654,654.3305459518474
0.0,49.643329562867955,654.3305459518474,0.0,7.565806381210827,380.5335401398364,0.0,33.75513616232522,654.3305459518474,0.0,55.34678360408843,654.3305459518474,0.0,10.766724465569252,631.1392879557638,0.0,40.38976637354087,654.3305459518474
0.0,49.58513105224326,654.3305459518474,0.0,6.285439147467455,385.56189145781036,0.0,29.44844637609752,654.3305459518474,0.0,56.4525553059577,654.3305459518474,0.0,10.01014382744817,639.1474030177224,0.0,43.823478500398096,654.3305459518474
0.0,49.58513105224326,654.3305459518474,0.0,5.587057019971072,390.0315370737872,0.0,31.42719573733728,654.3305459518474,0.0,56.7435478590812,654.3305459518474,0.0,9.835548295574075,647.0158416541816,0.0,49.23593998849507,654.3305459518474
0.0,49.87612360536675,654.3305459518474,0.0,5.470659998721674,394.40806507276454,0.0,43.4160889260252,654.3305459518474,0.0,56.918143390955294,654.3305459518474,0.0,9.660952763699978,654.3305459518474,0.0,52.3204610516041,654.3305459518474
0.0,49.75972658411735,654.3305459518474,0.0,5.8198510624698665,399.06394592274046,0.0,51.796674455981815,654.3305459518474,0.0,56.2779597740836,654.3305459518474,0.0,9.369960210576485,654.3305459518474,0.0,52.90244615785109,654.3305459518474
0.0,49.06134445662097,654.3305459518474,0.0,6.460034679341552,404.2319736662137,0.0,50.749101264737234,654.3305459518474,0.0,55.87057019971072,654.3305459518474,0.0,9.311761699951786,654.3305459518474,0.0,51.331086370984224,654.3305459518474
0.0,47.37358764850471,654.3305459518474,0.0,7.216615317462634,410.00526592018383,0.0,48.53755786099868,654.3305459518474,0.0,55.92876871033541,654.3305459518474,0.0,9.428158721201184,654.3305459518474,0.0,46.03502190413665,654.3305459518474
0.0,48.0562500557774,654.3305459518474,0.0,8.6133795724554,393.61864549263925,0.0,48.82855041412218,654.3305459518474,0.0,57.336572315281785,654.3305459518474,0.0,15.730996198305743,645.0615421501532,0.0,35.21009892794269,654.3305459518474
0.0,77.21723882656329,654.3305459518474,0.0,35.24507331620195,401.8147041456008,0.0,79.6222769722414,654.3305459518474,0.0,97.1166268189252,654.3305459518474,0.0,89.46171567359744,654.3305459518474,0.0,42.79030187793393,654.3305459518474
0.0,120.21393113478882,654.3305459518474,0.0,75.19654386187771,377.0112480074785,0.0,122.37831537785627,654.3305459518474,0.0,155.95303021557908,654.3305459518474,0.0,159.51171013973774,654.3305459518474,0.0,65.08218778559197,619.4127337374393
0.0,160.98804068932222,654.3305459518474,0.0,73.28853324164459,350.2997812491231,0.0,152.73003343131344,654.3305459518474,0.0,145.39534248318802,654.3305459518474,0.0,208.89619750586985,654.3305459518474,0.0,76.83678605135276,596.2495197887921
0.0,134.2792492248855,654.3305459518474,0.0,63.429227636749914,313.729008885873,0.0,169.43168282915866,654.3305459518474,0.0,135.7688309207921,654.3305459518474,0.0,231.4161970857566,654.3305459518474,0.0,94.79672398303416,591.0462437718263
0.0,111.70105113437408,654.3305459518474,0.0,56.917175697482115,270.6461845833551,0.0,153.1830812859291,654.3305459518474,0.0,163.3081212541983,654.3305459518474,0.0,232.3426928854817,654.3305459518474,0.0,136.19997780448563,620.0062260154148
0.0,156.24870313897264,654.3305459518474,0.0,54.30292308964077,224.94910767299586,0.0,134.7197568491192,654.3305459518474,0.0,189.02435854817338,654.3305459518474,0.0,213.92970709918464,654.3305459518474,0.0,154.9589751646891,654.3305459518474
0.0,143.16958023965412,654.3305459518474,0.0,52.98793692560825,177.93704459860413,0.0,123.56436429025746,654.3305459518474,0.0,151.53612465880042,654.3305459518474,0.0,174.99437030430607,654.3305459518474,0.0,117.97094829060286,654.3305459518474
0.0,104.82408841113437,654.3305459518474,0.0,34.81560504192187,112.752649640526,0.0,99.0467161390655,653.3772620909128,0.0,105.05688245363316,654.3305459518474,0.0,113.32195960726565,654.3305459518474,0.0,89.06633314265133,643.3968790944987
0.0,69.21710607181721,623.5476520236646,0.0,13.804086368007185,26.556736008533193,0.0,60.9418782131564,614.3191403040693,0.0,60.71058505108596,615.0411310029333,0.0,31.402470734543495,585.7330166863909,0.0,54.26627009196811,597.6631491864667
0.0,55.172188072214325,654.3305459518474,0.0,11.465106593065636,35.728821282985706,0.0,48.47935935037398,653.1026277843685,0.0,51.50568190285831,654.3305459518474,0.0,0.0,585.7330166863909,0.0,46.55880849975893,634.9101959862738
0.0,55.52137913596252,654.3305459518474,0.0,10.650327444319855,44.24908323844159,0.0,48.130168286625796,654.3305459518474,0.0,51.331086370984224,654.3305459518474,0.0,0.349191063748192,586.0123695373894,0.0,44.69645615976857,654.3305459518474
0.0,55.92876871033541,654.3305459518474,0.0,9.020769146828293,51.465698555904225,0.0,48.77035190349748,654.3305459518474,0.0,52.4368580728535,654.3305459518474,0.0,2.444337446237344,587.9678394943793,0.0,41.78653062853363,654.3305459518474
0.0,55.81237168908602,654.3305459518474,0.0,7.274813828087333,57.28554961837409,0.0,50.51630722223844,654.3305459518474,0.0,52.90244615785109,654.3305459518474,0.0,7.100218296213236,593.6480141313499,0.0,39.74958275666919,654.3305459518474
0.0,55.92876871033541,654.3305459518474,0.0,6.110843615593359,62.17422451084878,0.0,51.62207892410771,654.3305459518474,0.0,53.193438710974576,654.3305459518474,0.0,11.639702124939733,602.9597758313017,0.0,39.2257961610469,654.3305459518474
0.0,56.219761263458906,654.3305459518474,0.0,5.179667445598181,66.31795846732733,0.0,52.029468498480604,654.3305459518474,0.0,53.42623275347337,654.3305459518474,0.0,12.978267869307802,613.342390126748,0.0,39.2839946716716,654.3305459518474
0.0,56.6271508378318,654.3305459518474,0.0,4.364888296852399,69.80986910480925,0.0,52.2622625409794,654.3305459518474,0.0,53.251637221599275,654.3305459518474,0.0,11.930694678063224,622.8869458691986,0.0,38.469215522925815,654.3305459518474
0.0,56.97634190157999,654.3305459518474,0.0,4.073895743728906,73.06898569979238,0.0,52.14586551973,654.3305459518474,0.0,52.84424764722639,654.3305459518474,0.0,11.988893188687923,632.478060420149,0.0,37.36344382105654,654.3305459518474
0.0,57.034540412204684,654.3305459518474,0.0,3.3755136162325226,75.76939659277839,0.0,53.01884317910048,654.3305459518474,0.0,52.96064466847578,654.3305459518474,0.0,11.697900635564432,641.8363809286005,0.0,38.06182594855293,654.3305459518474
0.0,57.034540412204684,654.3305459518474,0.0,2.9099255312349332,78.09733701776634,0.0,53.83362232784627,654.3305459518474,0.0,53.30983573222398,654.3305459518474,0.0,11.988893188687923,651.4274954795509,0.0,38.76020807604931,654.3305459518474
0.0,56.7435478590812,654.3305459518474,0.0,2.735329999360837,80.285601017255,0.0,54.124614880969766,654.3305459518474,0.0,53.65902679597217,654.3305459518474,0.0,14.142238081801773,654.3305459518474,0.0,37.65443637418004,654.3305459518474
0.0,55.98696722096011,654.3305459518474,0.0,2.793528509985536,82.52042382524343,0.0,53.775423817221565,654.3305459518474,0.0,52.96064466847578,654.3305459518474,0.0,17.2849576555355,654.3305459518474,0.0,35.38469445981679,654.3305459518474
0.0,54.82299700846614,654.3305459518474,0.0,2.6771314887361384,84.66212901623234,0.0,52.84424764722639,654.3305459518474,0.0,50.80729977536193,654.3305459518474,0.0,20.194883186770436,654.3305459518474,0.0,35.03550339606859,654.3305459518474
0.0,52.3204610516041,654.3305459518474,0.0,2.560734467486741,86.71071659022174,0.0,51.214689349734826,654.3305459518474,0.0,48.82855041412218,654.3305459518474,0.0,22.464625101133684,654.3305459518474,0.0,32.649364460455956,654.3305459518474
0.0,50.81833912531553,654.3305459518474,0.0,2.7274701392489877,64.43818672947071,0.0,52.00120854787495,654.3305459518474,0.0,46.20961743601074,654.3305459518474,0.0,35.0482213554356,654.3305459518474,0.0,28.517270206102342,654.3305459518474
0.0,103.23400714318711,654.3305459518474,0.0,40.0914471472607,76.51134444727927,0.0,106.08573416379734,654.3305459518474,0.0,61.432724487902945,654.3305459518474,0.0,115.43564974185014,654.3305459518474,0.0,49.79470097237662,654.3305459518474
0.0,174.28291475947256,654.3305459518474,0.0,107.3683131939093,82.40599500240671,0.0,164.98819593118776,654.3305459518474,0.0,115.02490294865044,654.3305459518474,0.0,183.95040423184113,654.3305459518474,0.0,72.8369862674573,627.1675322193047
0.0,224.5860380652179,654.3305459518474,0.0,168.2841432528286,137.0333096046696,0.0,211.45639878640142,654.3305459518474,0.0,174.43543159143945,654.3305459518474,0.0,245.14433115553183,654.3305459518474,0.0,95.68577682059843,622.8533090399031
0.0,249.83986676403714,654.3305459518474,0.0,188.18989022487403,207.58522178456883,0.0,232.49149704065167,654.3305459518474,0.0,190.6336944841562,654.3305459518474,0.0,269.7877370685134,654.3305459518474,0.0,123.05365111197229,641.296229929481
0.0,251.29014915938453,654.3305459518474,0.0,193.25165976879444,282.1865495996044,0.0,231.0254949250806,654.3305459518474,0.0,196.75407656927484,654.3305459518474,0.0,253.32674157327884,654.3305459518474,0.0,147.35740443073092,654.3305459518474
0.0,226.01909985991324,654.3305459518474,0.0,162.47365293089894,332.16547194432354,0.0,202.91207934553927,654.3305459518474,0.0,167.72052416969194,654.3305459518474,0.0,229.46499675918227,654.3305459518474,0.0,109.72919393977298,654.3305459518474
0.0,185.13177277397216,654.3305459518474,0.0,125.60988293817398,352.6533782948627,0.0,126.92265730583793,654.3305459518474,0.0,147.0456563291435,654.3305459518474,0.0,161.20661589202567,654.3305459518474,0.0,77.22095150336021,631.5514974552076
0.0,117.18964264968801,654.3305459518474,0.0,62.12227906181431,314.775657356677,0.0,84.41831215278728,638.7488581046347,0.0,88.1527330312783,642.4832789831257,0.0,121.55399775958524,654.3305459518474,0.0,31.21047687303229,562.7619743282398
0.0,32.51124419726946,586.8417901491168,0.0,9.956803416078627,224.73246077275564,0.0,49.973799145535764,588.7226572501704,0.0,33.0458924138603,575.529171396986,0.0,65.0676134878265,619.3981594396739,0.0,7.619324521565426,470.38129884980526
0.0,12.861870848058405,597.1312868275636,0.0,0.6401836168716852,225.244607666253,0.0,35.442892970441484,617.0769716265236,0.0,19.67109659114815,591.2660486699045,0.0,57.500128497202276,654.3305459518474,0.0,3.3755136162325226,473.0817097427913
0.0,19.787493612397544,612.9612817174816,0.0,1.74595531874096,226.64137192124576,0.0,32.940357013579444,643.4292572373871,0.0,16.17918595366623,604.2093974328375,0.0,57.15093743345409,654.3305459518474,0.0,1.6877568081162613,474.4319151892843
0.0,33.46414360920173,639.732596604843,0.0,2.61893297811144,228.73651830373493,0.0,29.797637439845715,654.3305459518474,0.0,12.047091699312622,613.8470707922876,0.0,56.6271508378318,654.3305459518474,0.0,0.6401836168716852,474.94406208278167
0.0,44.638257649143874,654.3305459518474,0.0,3.7829031906054134,231.76284085621927,0.0,27.41149850423307,654.3305459518474,0.0,8.205989998082512,620.4118627907536,0.0,55.87057019971072,654.3305459518474,0.0,0.349191063748192,475.22341493378025
0.0,49.93432211599145,654.3305459518474,0.0,5.761652551845168,236.3721628976954,0.0,25.083558079245122,654.3305459518474,0.0,6.169042126218058,625.347096491728,0.0,54.64840147659204,654.3305459518474,0.0,0.6401836168716852,475.7355618272776
0.0,51.331086370984224,654.3305459518474,0.0,10.824922976193951,245.03210127865057,0.0,25.083558079245122,654.3305459518474,0.0,5.005071913724085,629.3511540227073,0.0,53.775423817221565,654.3305459518474,0.0,1.6295582974915626,477.03920846527086
0.0,53.36803424284868,654.3305459518474,0.0,16.819369570537912,258.4875969350809,0.0,26.1311312704897,654.3305459518474,0.0,4.597682339351194,633.0292998941883,0.0,52.553255094102894,654.3305459518474,0.0,3.317315105607824,479.6930605497571
0.0,54.99759254034023,654.3305459518474,0.0,17.634148719283694,272.59491591050784,0.0,25.84013871736621,654.3305459518474,0.0,4.888674892474688,636.940239808168,0.0,50.45810871161374,654.3305459518474,0.0,5.587057019971072,484.16270616573394
0.0,55.695974667836616,654.3305459518474,0.0,14.433230634925268,284.14150041844806,0.0,24.152381909249943,654.3305459518474,0.0,6.0526451049686605,641.782355892143,0.0,49.00314594599627,654.3305459518474,0.0,7.624004891835525,490.2619100792024
0.0,54.532004455342644,654.3305459518474,0.0,9.719151274324677,291.9168214379078,0.0,22.813816164881878,654.3305459518474,0.0,7.042019785588539,647.4159717206138,0.0,49.468734030993865,654.3305459518474,0.0,11.290511061191541,499.29431892815563
0.0,52.14586551973,654.3305459518474,0.0,6.460034679341552,297.08484918138106,0.0,21.7662429736373,654.3305459518474,0.0,7.216615317462634,653.1892639745839,0.0,49.52693254161856,654.3305459518474,0.0,16.411979996165023,512.4239029250876
0.0,50.51630722223844,654.3305459518474,0.0,5.412461488096976,301.41481837185864,0.0,20.31128020801983,654.3305459518474,0.0,7.682203402460224,654.3305459518474,0.0,46.61700701038363,654.3305459518474,0.0,21.7662429736373,529.8368973039975
0.0,48.362962329124585,654.3305459518474,0.0,4.3066897862277,304.8601702008408,0.0,18.507126378654174,654.3305459518474,0.0,8.031394466208416,654.3305459518474,0.0,43.24149339415111,654.3305459518474,0.0,26.713116376736686,551.2073904053868
0.0,43.823478500398096,654.3305459518474,0.0,4.132094254353605,308.1658456043237,0.0,17.052163613036708,654.3305459518474,0.0,7.682203402460224,654.3305459518474,0.0,39.3421931822963,654.3305459518474,0.0,31.25260020546318,576.2094705697574
0.0,45.45471540730306,654.3305459518474,0.0,8.836812874414,292.0026584787377,0.0,17.75054574053309,647.0810916923805,0.0,12.995666198944907,642.3262121507923,0.0,37.50977940232499,654.3305459518474,0.0,35.78422417407783,584.8368499090196
0.0,113.3655838201249,654.3305459518474,0.0,72.65002823418631,330.1226810660868,0.0,35.163117496256646,654.3305459518474,0.0,80.60600358911799,654.3305459518474,0.0,83.66508873349301,654.3305459518474,0.0,65.41866088997317,617.1717786209981
0.0,177.3062355511002,654.3305459518474,0.0,144.9226054540188,366.0607654293018,0.0,60.42162656534598,614.7521725171933,0.0,141.50611392781363,654.3305459518474,0.0,133.8235550673833,654.3305459518474,0.0,133.70062133746532,644.1322756909703
0.0,225.19478224164217,654.3305459518474,0.0,179.38919716117755,429.5721231582438,0.0,81.10753375584801,595.8597062730414,0.0,178.63729689332655,654.3305459518474,0.0,184.7243831995993,654.3305459518474,0.0,211.33064102461185,654.3305459518474
0.0,249.2389824477247,654.3305459518474,0.0,186.83242527044052,499.0380633745962,0.0,100.32425934093723,596.1191137457912,0.0,198.88437506900829,654.3305459518474,0.0,213.69355583785904,654.3305459518474,0.0,236.07004386834896,654.3305459518474
0.0,249.8430462538789,654.3305459518474,0.0,176.98415901549944,560.6253905869958,0.0,98.45554802126338,594.5746617670545,0.0,200.59103108718998,654.3305459518474,0.0,219.90207499362143,654.3305459518474,0.0,239.98038343015736,654.3305459518474
0.0,227.03841310055216,654.3305459518474,0.0,154.73943226851245,604.4169364018057,0.0,84.31313221047654,578.887793977531,0.0,177.3301705894059,654.3305459518474,0.0,200.74354791915687,654.3305459518474,0.0,193.69931633719978,654.3305459518474
0.0,186.3681603368862,654.3305459518474,0.0,114.80368144306044,616.2598815562541,0.0,64.65439812072528,543.5421920982564,0.0,147.417281550769,654.3305459518474,0.0,131.77424469412193,654.3305459518474,0.0,152.723852180615,654.3305459518474
0.0,120.32300148288155,654.3305459518474,0.0,44.54765200459861,560.8075335608527,0.0,42.51352816460579,486.0557202628621,0.0,88.54943871366771,642.8799846655152,0.0,64.70977259947836,619.0403185513258,0.0,99.720017805798,654.0505637576454
0.0,35.772039401666,590.1025853535134,0.0,4.728298200395943,465.53583176124863,0.0,23.375401180635066,409.4311214434972,0.0,23.079905986226528,565.9598906517417,0.0,21.411048388175722,540.4513669395014,0.0,54.19085098069136,608.2414147383367
0.0,3.9574987224795093,593.268584331497,0.0,1.5131612762421651,466.7463607822424,0.0,21.999037016136093,427.03035105640606,0.0,5.412461488096976,570.2898598422192,0.0,2.3861389356126455,542.3602780879916,0.0,43.5906844578993,643.1139623046562
0.0,3.0263225524843302,595.6896423734845,0.0,6.110843615593359,471.6350356747171,0.0,25.49094765361801,447.42310917930047,0.0,6.401836168716853,575.4113287771927,0.0,3.7247046799807144,545.3400418319761,0.0,46.15141892538605,654.3305459518474
0.0,3.899300211854811,598.8090825429683,0.0,10.708525954944554,480.20185643867273,0.0,28.750064248601138,470.4231605781814,0.0,7.216615317462634,581.1846210311628,0.0,2.9099255312349332,547.667982256964,0.0,46.79160254225773,654.3305459518474
0.0,5.9362480837192635,603.5580810099437,0.0,12.803672337433706,490.4447943086197,0.0,32.35837190733246,496.3098581040474,0.0,7.682203402460224,587.330383753131,0.0,3.0263225524843302,550.0890402989514,0.0,45.80222786163785,654.3305459518474
0.0,7.682203402460224,609.7038437319119,0.0,12.978267869307802,500.8274086040659,0.0,34.27892275794751,523.7329963104054,0.0,7.565806381210827,593.3830288580996,0.0,4.888674892474688,553.9999802129312,0.0,41.90292764978304,654.3305459518474
0.0,9.486357231825883,617.2929295173726,0.0,14.840620209298159,512.6999047715044,0.0,35.21009892794269,551.9010754527595,0.0,6.809225743089744,598.8304094525714,0.0,7.624004891835525,560.0991841263996,0.0,37.47984084230594,654.3305459518474
0.0,12.745473826809006,627.4893085788199,0.0,18.157935314905984,527.2262530234292,0.0,37.130649778557746,581.6055952756058,0.0,5.8198510624698665,603.4862903025473,0.0,11.34870957181624,569.1781517838525,0.0,38.12002445917762,654.3305459518474
0.0,14.666024677424062,639.2221283207591,0.0,19.845692123022243,543.102806721847,0.0,38.87660509729871,612.7068793534447,0.0,4.655880849975893,607.2109949825281,0.0,14.025841060552379,580.3988246322945,0.0,39.74958275666919,654.3305459518474
0.0,15.364406804920447,651.5136537646955,0.0,18.972714463651766,558.2809782927684,0.0,38.64381105479991,643.6219281972847,0.0,4.073895743728906,610.4701115775111,0.0,15.829994889918037,593.0628205442289,0.0,37.42164233168124,654.3305459518474
0.0,14.549627656174666,654.3305459518474,0.0,19.90389063364694,574.2040907996859,0.0,38.06182594855293,654.3305459518474,0.0,3.7829031906054134,613.4964341299955,0.0,18.099736804281285,607.5426099876539,0.0,35.21009892794269,654.3305459518474
0.0,13.676649996804183,654.3305459518474,0.0,23.279404249879466,592.8276141995894,0.0,38.294619991051725,654.3305459518474,0.0,3.6665061693560155,616.4296390654803,0.0,21.242456378015014,624.536575090066,0.0,32.125577864833666,654.3305459518474
0.0,14.200436592426472,654.3305459518474,0.0,26.014734249240302,613.6394015989817,0.0,41.37914105416075,654.3305459518474,0.0,3.550109148106618,619.2697263839656,0.0,24.035984888000545,643.7653630004664,0.0,32.41657041795716,654.3305459518474
0.0,14.549627656174666,654.3305459518474,0.0,27.17870446173428,635.3823651683692,0.0,47.48998466975411,654.3305459518474,0.0,3.7247046799807144,622.2494901279501,0.0,22.98841169675597,654.3305459518474,0.0,31.543592758586676,654.3305459518474
0.0,15.364406804920447,654.3305459518474,0.0,26.713116376736686,654.3305459518474,0.0,49.17774147787037,654.3305459518474,0.0,3.841101701230112,625.3223714889342,0.0,21.358853399264408,654.3305459518474,0.0,31.019806162964386,654.3305459518474
0.0,21.49264875015091,650.8231947019983,0.0,33.26764710640549,654.3305459518474,0.0,48.82855041412218,654.3305459518474,0.0,9.527335141798535,609.8497066307327,0.0,22.057235526760792,651.3877814786082,0.0,33.64977849102943,654.3305459518474
0.0,89.79350840770853,654.3305459518474,0.0,110.37388019792971,654.3305459518474,0.0,66.41103733144973,654.3305459518474,0.0,57.930307687422605,636.1939527806708,0.0,47.44636045689487,654.3305459518474,0.0,105.39070925512777,654.3305459518474
0.0,172.87228712265457,654.3305459518474,0.0,170.121059674085,654.3305459518474,0.0,103.4918816464498,654.3305459518474,0.0,95.56955752833412,631.7635103090049,0.0,61.360840324438065,615.6913862762855,0.0,77.97885529292458,632.309401244772
0.0,216.0703340329315,654.3305459518474,0.0,210.38710235321977,654.3305459518474,0.0,132.33829828377665,654.3305459518474,0.0,116.51501783151224,644.9755245742147,0.0,181.3033890321091,654.3305459518474,0.0,119.48110780598833,647.8942874895627
0.0,236.86795787441284,654.3305459518474,0.0,235.46783640059328,654.3305459518474,0.0,167.51899183865547,654.3305459518474,0.0,129.74983705263944,654.3305459518474,0.0,210.92996588789256,654.3305459518474,0.0,108.85250360360558,654.3305459518474
0.0,236.87899722436646,654.3305459518474,0.0,248.75767464250342,654.3305459518474,0.0,203.23919170938026,654.3305459518474,0.0,145.23399809763606,654.3305459518474,0.0,206.47058154071289,654.3305459518474,0.0,87.80636599940175,642.1369119512492
0.0,218.4078129274447,654.3305459518474,0.0,235.0084295662941,654.3305459518474,0.0,178.9700573209108,654.3305459518474,0.0,132.67866179393982,654.3305459518474,0.0,179.37480059239712,654.3305459518474,0.0,91.64278733036177,633.779699281611
0.0,180.68678499557294,654.3305459518474,0.0,202.74234191292035,654.3305459518474,0.0,132.44833632534255,654.3305459518474,0.0,134.81628696682998,654.3305459518474,0.0,180.35463680349176,654.3305459518474,0.0,117.86709149973542,648.0733724813994
0.0,122.9325737204528,654.3305459518474,0.0,153.61722993047925,654.3305459518474,0.0,71.85493825999411,626.1854842118415,0.0,107.27381714358202,654.3305459518474,0.0,138.57057474885963,654.3305459518474,0.0,111.30002053968468,654.3305459518474
0.0,48.946981502755094,603.2775274546025,0.0,77.21087984687979,631.5414257987272,0.0,57.26733445470348,583.452818666545,0.0,34.26037900585218,588.5909249576996,0.0,58.82483085974511,613.1553768115925,0.0,58.68467652917511,613.0152224810225
0.0,25.14175658986982,623.3909327264984,0.0,53.36803424284868,654.3305459518474,0.0,57.67472402907638,629.5925978898061,0.0,14.72422318804876,600.3703035081386,0.0,44.05627254289689,648.40039484591,0.0,50.34171169036434,653.2885918333141
0.0,28.924659780475235,646.5306605508786,0.0,50.92369679661133,654.3305459518474,0.0,57.616525518451674,654.3305459518474,0.0,20.660471271768024,616.898680525553,0.0,45.51123530851436,654.3305459518474,0.0,50.57450573286314,654.3305459518474
0.0,28.459071695477647,654.3305459518474,0.0,51.272887860359525,654.3305459518474,0.0,57.034540412204684,654.3305459518474,0.0,22.98841169675597,635.2894098829578,0.0,39.92417828854328,654.3305459518474,0.0,48.24656530787519,654.3305459518474
0.0,27.17870446173428,654.3305459518474,0.0,52.14586551973,654.3305459518474,0.0,56.33615828470831,654.3305459518474,0.0,22.75561765425718,653.4939040063636,0.0,38.76020807604931,654.3305459518474,0.0,46.09322041476134,654.3305459518474
0.0,25.025359568620424,654.3305459518474,0.0,54.64840147659204,654.3305459518474,0.0,55.637776157211924,654.3305459518474,0.0,22.057235526760792,654.3305459518474,0.0,38.87660509729871,654.3305459518474,0.0,45.685830840388455,654.3305459518474
0.0,21.184257867390315,654.3305459518474,0.0,57.15093743345409,654.3305459518474,0.0,54.64840147659204,654.3305459518474,0.0,20.25308169739513,654.3305459518474,0.0,40.56436190541496,654.3305459518474,0.0,42.310317224155924,654.3305459518474
0.0,22.464625101133684,654.3305459518474,0.0,57.616525518451674,654.3305459518474,0.0,53.36803424284868,654.3305459518474,0.0,16.87756808116261,654.3305459518474,0.0,39.86597977791859,654.3305459518474,0.0,45.45303679788965,654.3305459518474
0.0,27.17870446173428,654.3305459518474,0.0,57.441929986577584,654.3305459518474,0.0,51.971269987855905,654.3305459518474,0.0,14.666024677424062,654.3305459518474,0.0,40.971751479787855,654.3305459518474,0.0,51.09829232848543,654.3305459518474
0.0,33.638739141075824,654.3305459518474,0.0,57.500128497202276,654.3305459518474,0.0,50.45810871161374,654.3305459518474,0.0,14.78242169867346,654.3305459518474,0.0,43.939875521647494,654.3305459518474,0.0,52.2040640303547,654.3305459518474
0.0,36.665061693560155,654.3305459518474,0.0,57.034540412204684,654.3305459518474,0.0,47.897374244127,654.3305459518474,0.0,13.56025297555479,654.3305459518474,0.0,46.20961743601074,654.3305459518474,0.0,51.44748339223362,654.3305459518474
0.0,37.130649778557746,654.3305459518474,0.0,55.98696722096011,654.3305459518474,0.0,44.81285318101797,654.3305459518474,0.0,10.242937869946964,654.3305459518474,0.0,46.79160254225773,654.3305459518474,0.0,50.45810871161374,654.3305459518474
0.0,36.08307658731317,654.3305459518474,0.0,54.88119551909084,654.3305459518474,0.0,41.26274403291135,654.3305459518474,0.0,8.438784040581305,654.3305459518474,0.0,46.966198074131825,654.3305459518474,0.0,50.10891764786555,654.3305459518474
0.0,36.25767211918726,654.3305459518474,0.0,54.06641637034505,654.3305459518474,0.0,37.01425275730835,654.3305459518474,0.0,7.042019785588539,654.3305459518474,0.0,44.81285318101797,654.3305459518474,0.0,47.7227787122529,654.3305459518474
0.0,37.130649778557746,654.3305459518474,0.0,53.600828285347475,654.3305459518474,0.0,32.47476892858185,654.3305459518474,0.0,6.576431700590949,654.3305459518474,0.0,42.25211871353123,654.3305459518474,0.0,49.99252062661615,654.3305459518474
0.0,44.624216538333584,654.3305459518474,0.0,55.307484303529186,654.3305459518474,0.0,33.57903975002278,654.3305459518474,0.0,10.640966703779657,639.9715126556271,0.0,42.99615912127036,654.3305459518474,0.0,53.193438710974576,654.3305459518474
0.0,93.0571276439767,654.3305459518474,0.0,89.20781062466463,654.3305459518474,0.0,87.55502820480763,654.3305459518474,0.0,64.78837120059684,654.3305459518474,0.0,89.38894286520727,654.3305459518474,0.0,61.42468689880604,654.3305459518474
0.0,137.24940733412868,654.3305459518474,0.0,132.382277954606,654.3305459518474,0.0,152.8185259599273,654.3305459518474,0.0,125.20399424422943,654.3305459518474,0.0,153.4349522674784,654.3305459518474,0.0,82.09487436908438,636.4254203209318
0.0,185.19147216502523,654.3305459518474,0.0,184.55561346045354,654.3305459518474,0.0,198.54268840740184,654.3305459518474,0.0,179.39855790171774,654.3305459518474,0.0,207.94408805842573,654.3305459518474,0.0,101.78354701885468,637.8522579360156
0.0,163.7141876771279,654.3305459518474,0.0,221.85035260788692,654.3305459518474,0.0,226.08815999150647,654.3305459518474,0.0,219.71961960163546,654.3305459518474,0.0,240.34379333370092,654.3305459518474,0.0,125.62639262288582,654.3305459518474
0.0,176.04609067886557,654.3305459518474,0.0,237.75762294748017,654.3305459518474,0.0,226.7094443983127,654.3305459518474,0.0,243.2273152527287,654.3305459518474,0.0,243.14050133352822,654.3305459518474,0.0,135.5328573884516,654.3305459518474
0.0,203.15123236772158,654.3305459518474,0.0,212.34023806674045,654.3305459518474,0.0,202.70772298263117,654.3305459518474,0.0,236.1787587584716,654.3305459518474,0.0,227.57138270772958,654.3305459518474,0.0,137.58084461026962,654.3305459518474
0.0,191.5601902838813,654.3305459518474,0.0,141.11055366788244,654.3305459518474,0.0,163.25645945224215,654.3305459518474,0.0,208.2083215413719,654.3305459518474,0.0,189.2337507393217,654.3305459518474,0.0,133.54306867725822,654.3305459518474
0.0,132.26305690148496,654.3305459518474,0.0,96.15551208891097,650.4860580407584,0.0,117.3655613330054,654.3305459518474,0.0,146.30461768226104,654.3305459518474,0.0,133.63138347688704,654.3305459518474,0.0,114.66131531612186,654.3305459518474
0.0,47.65707579948646,601.9876217513339,0.0,62.28980469806467,612.7758627388231,0.0,53.3148715604642,607.6454175123116,0.0,70.08390248048926,624.4144484323367,0.0,59.240080294229855,613.5706262460773,0.0,69.44672062447425,623.7772665763216
0.0,17.517751698034296,616.0018231097613,0.0,55.055791050964935,654.3305459518474,0.0,30.205027014218608,631.8094391236865,0.0,50.865498285986625,654.3305459518474,0.0,35.79208403418968,642.2042934734291,0.0,57.67472402907638,654.3305459518474
0.0,15.655399358043942,628.5261425961965,0.0,54.47380594471795,654.3305459518474,0.0,29.215652333598733,654.3305459518474,0.0,52.66965211535229,654.3305459518474,0.0,31.310798716087884,654.3305459518474,0.0,57.67472402907638,654.3305459518474
0.0,17.2849576555355,642.3541087206248,0.0,53.717225306596866,654.3305459518474,0.0,27.993483610480055,654.3305459518474,0.0,52.553255094102894,654.3305459518474,0.0,27.12050595110958,654.3305459518474,0.0,57.67472402907638,654.3305459518474
0.0,19.845692123022243,654.3305459518474,0.0,52.3786595622288,654.3305459518474,0.0,27.353299993608367,654.3305459518474,0.0,50.865498285986625,654.3305459518474,0.0,22.057235526760792,654.3305459518474,0.0,57.67472402907638,654.3305459518474
0.0,20.835066803642118,654.3305459518474,0.0,50.98189530723602,654.3305459518474,0.0,27.17870446173428,654.3305459518474,0.0,47.7227787122529,654.3305459518474,0.0,20.194883186770436,654.3305459518474,0.0,57.67472402907638,654.3305459518474
0.0,19.96208914427164,654.3305459518474,0.0,49.23593998849507,654.3305459518474,0.0,27.469697014857765,654.3305459518474,0.0,41.90292764978304,654.3305459518474,0.0,18.914515953027067,654.3305459518474,0.0,57.558327007826975,654.3305459518474
0.0,19.030912974276465,654.3305459518474,0.0,47.664580201628205,654.3305459518474,0.0,26.014734249240302,654.3305459518474,0.0,37.829031906054134,654.3305459518474,0.0,17.983339783031887,654.3305459518474,0.0,57.09273892282938,654.3305459518474
0.0,17.110362123661407,654.3305459518474,0.0,45.91862488288725,654.3305459518474,0.0,25.549146164242714,654.3305459518474,0.0,34.569915311071,654.3305459518474,0.0,18.390729357404776,654.3305459518474,0.0,56.56895232720709,654.3305459518474
0.0,15.946391911167435,654.3305459518474,0.0,41.37914105416075,654.3305459518474,0.0,24.734367015496932,654.3305459518474,0.0,32.00918084358427,654.3305459518474,0.0,17.75054574053309,654.3305459518474,0.0,56.0451657315848,654.3305459518474
0.0,15.946391911167435,654.3305459518474,0.0,36.31587062981197,654.3305459518474,0.0,22.930213186131272,654.3305459518474,0.0,30.03043148234451,654.3305459518474,0.0,17.75054574053309,654.3305459518474,0.0,55.113989561589634,654.3305459518474
0.0,15.364406804920447,654.3305459518474,0.0,33.75513616232522,654.3305459518474,0.0,20.31128020801983,654.3305459518474,0.0,27.877086589230657,654.3305459518474,0.0,16.237384464290926,654.3305459518474,0.0,53.717225306596866,654.3305459518474
0.0,13.734848507428882,654.3305459518474,0.0,31.776386801085472,654.3305459518474,0.0,16.52837701741442,654.3305459518474,0.0,23.51219829237826,654.3305459518474,0.0,14.142238081801773,654.3305459518474,0.0,51.56388041348302,654.3305459518474
0.0,14.78242169867346,654.3305459518474,0.0,30.96160765233969,654.3305459518474,0.0,12.047091699312622,654.3305459518474,0.0,17.459553187409597,654.3305459518474,0.0,13.211061911806597,654.3305459518474,0.0,47.7227787122529,654.3305459518474
0.0,16.17918595366623,654.3305459518474,0.0,29.332049354848124,654.3305459518474,0.0,9.777349784949376,654.3305459518474,0.0,17.110362123661407,654.3305459518474,0.0,13.56025297555479,654.3305459518474,0.0,38.87660509729871,654.3305459518474
0.0,30.903586870700046,654.3305459518474,0.0,28.742204388489288,654.3305459518474,0.0,14.947656490007361,644.2782024418548,0.0,29.75683725885812,654.3305459518474,0.0,14.375032124300569,643.705578076148,0.0,27.69463119724471,654.3305459518474
0.0,112.40782630893747,654.3305459518474,0.0,58.94608598024966,654.3305459518474,0.0,65.72422774086213,654.3305459518474,0.0,99.47168177206055,654.3305459518474,0.0,35.52970688964194,652.1293435878615,0.0,40.872930517160626,654.3305459518474
0.0,177.83805973581937,654.3305459518474,0.0,111.27829729774759,654.3305459518474,0.0,99.71737150291142,654.0479174547588,0.0,184.14857934405077,654.3305459518474,0.0,76.63260741742972,628.7619510052913,0.0,84.83073755540039,639.1612835072478
0.0,225.0392636488186,654.3305459518474,0.0,139.17145906517206,654.3305459518474,0.0,133.13639001882558,654.3305459518474,0.0,222.19053838906504,654.3305459518474,0.0,152.26497853327103,654.3305459518474,0.0,170.308195436341,654.3305459518474
0.0,242.8687634484403,654.3305459518474,0.0,152.39523893634566,654.3305459518474,0.0,175.93808670468323,654.3305459518474,0.0,244.00429598134357,654.3305459518474,0.0,201.8822599419019,654.3305459518474,0.0,196.94924992062775,654.3305459518474
0.0,242.5306117346457,654.3305459518474,0.0,104.75988637879627,654.3305459518474,0.0,193.64800999321375,654.3305459518474,0.0,249.1714231965598,654.3305459518474,0.0,212.31887028277347,654.3305459518474,0.0,199.32752899612856,654.3305459518474
0.0,224.59107389345812,654.3305459518474,0.0,82.53405884187478,636.8646047937222,0.0,190.1372001456664,654.3305459518474,0.0,234.98016961568842,654.3305459518474,0.0,190.83708315359112,654.3305459518474,0.0,158.61947781233172,654.3305459518474
0.0,187.10284000408515,654.3305459518474,0.0,66.73532566341909,603.5999304571412,0.0,118.33339050067325,654.3305459518474,0.0,195.97241547038982,654.3305459518474,0.0,151.3543801827547,654.3305459518474,0.0,125.43961231859987,654.3305459518474
0.0,128.25857674731944,654.3305459518474,0.0,47.10803101411523,550.7079614712565,0.0,36.93768822357337,591.2682341754207,0.0,128.39351752066415,654.3305459518474,0.0,93.97929853140181,648.3098444832492,0.0,86.98090295867249,641.3114489105199
0.0,52.44207163007876,606.7726175819262,0.0,28.48583076565495,479.1937922369114,0.0,6.447494448959603,497.71572862438035,0.0,53.82911968656122,608.1596656384086,0.0,23.699689512604422,572.0095339958536,0.0,35.2652956777107,576.5767445882306
0.0,27.76068956798126,628.9811692363112,0.0,27.12050595110958,500.8901969977991,0.0,7.216615317462634,503.48902087835046,0.0,43.4160889260252,642.8925367792287,0.0,1.3385657443680692,573.0803865913481,0.0,27.93528509985536,598.9249726681148
0.0,38.469215522925815,654.3305459518474,0.0,26.48032233423789,522.0744548651894,0.0,12.57087829493491,513.5457235142984,0.0,45.97682339351194,654.3305459518474,0.0,1.1057717018692748,573.9650039528435,0.0,32.00918084358427,624.5323173429822
0.0,43.5324859472746,654.3305459518474,0.0,27.586094036107163,544.1433300940752,0.0,18.79811893177767,528.5842186597206,0.0,48.24656530787519,654.3305459518474,0.0,0.9311761699951786,574.7099448888397,0.0,36.95605424668366,654.0971607403292
0.0,40.73895743728906,654.3305459518474,0.0,26.945910419235485,565.7000584294635,0.0,21.184257867390315,545.5316249536329,0.0,45.860426372262545,654.3305459518474,0.0,1.1639702124939733,575.6411210588349,0.0,38.23642148042702,654.3305459518474
0.0,37.01425275730835,654.3305459518474,0.0,27.00410892986018,587.3033455733516,0.0,18.914515953027067,560.6632377160546,0.0,45.685830840388455,654.3305459518474,0.0,2.3279404249879465,577.5034733988252,0.0,41.32094254353605,654.3305459518474
0.0,36.490466161686065,654.3305459518474,0.0,26.713116376736686,608.673838674741,0.0,16.52837701741442,573.8859393299862,0.0,43.5324859472746,654.3305459518474,0.0,4.190292764978303,580.8557076108078,0.0,43.12509637290171,654.3305459518474
0.0,38.23642148042702,654.3305459518474,0.0,27.062307440484883,630.3236846271288,0.0,16.295582974915625,586.9224057099186,0.0,40.50616339479026,654.3305459518474,0.0,5.587057019971072,585.3253532267847,0.0,42.89230233040291,654.3305459518474
0.0,40.447964884165565,654.3305459518474,0.0,27.29510148298367,652.1597658135158,0.0,14.491429145549967,598.5155490263586,0.0,34.628113821695706,654.3305459518474,0.0,7.158416806837935,591.0520866722551,0.0,40.62256041603966,654.3305459518474
0.0,40.09877382041737,654.3305459518474,0.0,28.34267467422825,654.3305459518474,0.0,10.359334891196362,606.8030169393157,0.0,23.86138935612645,654.3305459518474,0.0,7.333012338712031,596.9184965432247,0.0,37.88723041667883,654.3305459518474
0.0,39.92417828854328,654.3305459518474,0.0,28.808262759225837,654.3305459518474,0.0,4.888674892474688,610.7139568532955,0.0,19.90389063364694,654.3305459518474,0.0,6.110843615593359,601.8071714356994,0.0,35.79208403418968,654.3305459518474
0.0,38.58561254417521,654.3305459518474,0.0,29.15745382297403,654.3305459518474,0.0,1.5131612762421651,611.9244858742892,0.0,19.90389063364694,654.3305459518474,0.0,5.9944465943439615,606.6027287111746,0.0,33.75513616232522,654.3305459518474
0.0,36.60686318293546,654.3305459518474,0.0,28.982858291099934,654.3305459518474,0.0,0.5237865956222879,612.343515150787,0.0,20.485875739893928,654.3305459518474,0.0,6.227240636842756,611.5845212206488,0.0,31.834585311710175,654.3305459518474
0.0,35.50109148106618,654.3305459518474,0.0,28.982858291099934,654.3305459518474,0.0,0.4655880849975893,612.715985618785,0.0,20.485875739893928,654.3305459518474,0.0,6.809225743089744,617.0319018151206,0.0,30.5542180779668,654.3305459518474
0.0,36.19947360856257,654.3305459518474,0.0,29.27385084422343,654.3305459518474,0.0,0.87297765937048,613.4143677462814,0.0,18.099736804281285,654.3305459518474,0.0,7.333012338712031,622.8983116860902,0.0,29.681240418596317,654.3305459518474
0.0,46.78860078140103,654.3305459518474,0.0,34.31672117807841,654.3305459518474,0.0,1.6295582974915626,590.043926043773,0.0,15.18981127304635,644.5203572248937,0.0,14.524547195410769,612.4228588815009,0.0,29.06781587190193,654.3305459518474
0.0,122.26359696602029,654.3305459518474,0.0,75.20254738359111,654.3305459518474,0.0,18.103094023108092,583.147020066881,0.0,38.58914749198708,654.3305459518474,0.0,69.26179665858679,647.8322962083704,0.0,80.69378520179163,654.3305459518474
0.0,186.19471022747035,654.3305459518474,0.0,123.93113141262782,654.3305459518474,0.0,46.61603931691045,529.7630593837915,0.0,98.00285562461787,652.3334015764652,0.0,138.44349383562673,654.3305459518474,0.0,123.2705477052623,654.3305459518474
0.0,216.41899190972453,654.3305459518474,0.0,151.46724225619224,654.3305459518474,0.0,77.46796438565435,507.23102376944587,0.0,133.17886880922654,654.3305459518474,0.0,176.36269687970812,654.3305459518474,0.0,171.62150299096015,654.3305459518474
0.0,186.2119308281224,654.3305459518474,0.0,158.90729087561346,654.3305459518474,0.0,111.26761340576411,516.2451144940571,0.0,155.83416462042814,654.3305459518474,0.0,193.3521593408351,654.3305459518474,0.0,223.21435427098908,654.3305459518474
0.0,185.16117814703608,654.3305459518474,0.0,127.61803767247763,654.3305459518474,0.0,127.62007173986115,538.3411718859461,0.0,158.8825658728197,654.3305459518474,0.0,185.08311273287276,654.3305459518474,0.0,235.02565016694615,654.3305459518474
0.0,181.8721229920339,654.3305459518474,0.0,123.57708224962445,654.3305459518474,0.0,114.27671535759639,549.7625441720232,0.0,150.91555116793444,654.3305459518474,0.0,138.26721969433922,654.3305459518474,0.0,230.37127019739862,654.3305459518474
0.0,158.53734426340137,654.3305459518474,0.0,119.00448037103715,654.3305459518474,0.0,84.73191659277315,534.4944607647964,0.0,124.36563551514811,654.3305459518474,0.0,119.1809322413097,654.3305459518474,0.0,197.54527613768505,654.3305459518474
0.0,109.68768284284516,654.3305459518474,0.0,81.26773271894172,635.5982786707891,0.0,44.61371037533515,479.1081711401315,0.0,68.01136798486247,622.3419139367098,0.0,81.54636277066831,635.8769087225157,0.0,123.06901537422587,654.3305459518474
0.0,65.15893004831202,619.4894760001594,0.0,47.25418886639862,582.8524675371877,0.0,9.506935051304737,388.6151061914362,0.0,15.43532327491215,537.7772372116219,0.0,34.68331057146371,570.5602192939795,0.0,52.91048374694798,607.2410296987954
0.0,53.01884317910048,654.3305459518474,0.0,36.665061693560155,612.1845168920358,0.0,0.11639702124939733,388.7082238084357,0.0,7.624004891835525,543.8764411250903,0.0,26.596719355487288,591.8375947783693,0.0,42.193920202906526,640.9961658611206
0.0,55.34678360408843,654.3305459518474,0.0,35.26829743856739,640.3991548428897,0.0,0.11639702124939733,388.8013414254352,0.0,7.914997444959019,550.2084390810576,0.0,27.29510148298367,613.6736759647563,0.0,40.38976637354087,654.3305459518474
0.0,55.87057019971072,654.3305459518474,0.0,34.628113821695706,654.3305459518474,0.0,0.7565806381210826,389.4066059359321,0.0,8.205989998082512,556.7732310795236,0.0,25.25815361111922,633.8801988536517,0.0,35.67568701294028,654.3305459518474
0.0,54.706599987216734,654.3305459518474,0.0,33.23134956670293,654.3305459518474,0.0,2.560734467486741,391.45519350992146,0.0,8.089592976833115,563.2449054609901,0.0,22.75561765425718,652.0846929770574,0.0,31.310798716087884,654.3305459518474
0.0,53.600828285347475,654.3305459518474,0.0,31.776386801085472,654.3305459518474,0.0,4.830476381849989,395.31957461540145,0.0,6.867424253714441,568.7388448639617,0.0,20.835066803642118,654.3305459518474,0.0,27.527895525482467,654.3305459518474
0.0,55.34678360408843,654.3305459518474,0.0,29.506644886722224,654.3305459518474,0.0,5.9944465943439615,400.1151318908766,0.0,5.528858509346373,573.1619316714389,0.0,19.787493612397544,654.3305459518474,0.0,27.586094036107163,654.3305459518474
0.0,56.80174636970589,654.3305459518474,0.0,28.168079142354156,654.3305459518474,0.0,7.216615317462634,405.88842414484674,0.0,5.470659998721674,577.5384596704163,0.0,20.194883186770436,654.3305459518474,0.0,25.956535738615603,654.3305459518474
0.0,56.80174636970589,654.3305459518474,0.0,26.713116376736686,654.3305459518474,0.0,10.184739359322265,414.03621563230456,0.0,5.9944465943439615,582.3340169458914,0.0,18.79811893177767,654.3305459518474,0.0,23.62859531362766,654.3305459518474
0.0,55.754173178461315,654.3305459518474,0.0,24.210580419874642,654.3305459518474,0.0,14.142238081801773,425.35000609774596,0.0,6.51823318996625,587.5486034978644,0.0,18.216133825530683,654.3305459518474,0.0,22.057235526760792,654.3305459518474
0.0,53.89182083847097,654.3305459518474,0.0,22.63922063300778,654.3305459518474,0.0,16.237384464290926,438.3399136691787,0.0,4.830476381849989,591.4129846033444,0.0,18.099736804281285,654.3305459518474,0.0,20.485875739893928,654.3305459518474
0.0,51.04009381786073,654.3305459518474,0.0,21.358853399264408,654.3305459518474,0.0,18.099736804281285,452.81970311260375,0.0,1.222168723118672,592.3907195818393,0.0,19.438302548649354,654.3305459518474,0.0,18.216133825530683,654.3305459518474
0.0,48.77035190349748,654.3305459518474,0.0,20.42767722926923,654.3305459518474,0.0,19.321905527399956,468.2772275345237,0.0,0.11639702124939733,592.4838371988388,0.0,21.126059356765616,654.3305459518474,0.0,17.459553187409597,654.3305459518474
0.0,44.521860627894476,654.3305459518474,0.0,19.089111484901164,654.3305459518474,0.0,19.496501059274053,483.87442838194295,0.0,0.698382127496384,593.042542900836,0.0,22.23183105863489,654.3305459518474,0.0,16.64477403866382,654.3305459518474
0.0,39.74958275666919,654.3305459518474,0.0,16.295582974915625,654.3305459518474,0.0,22.057235526760792,501.52021680335156,0.0,2.036947871864453,594.6721011983276,0.0,21.475250420513806,654.3305459518474,0.0,16.295582974915625,654.3305459518474
0.0,44.221507334230786,654.3305459518474,0.0,16.314482184981077,645.6450281368285,0.0,28.926338389888638,504.6612875152625,0.0,2.793528509985536,572.4656297083131,0.0,25.90469620767441,654.3305459518474,0.0,20.989262245022417,650.3198081968699
0.0,91.59580589867574,654.3305459518474,0.0,48.36031602623801,654.3305459518474,0.0,103.34440064272313,567.3368080294409,0.0,19.235624795154667,566.7012545034678,0.0,79.27662085630507,654.3305459518474,0.0,66.64586544133205,654.3305459518474
0.0,161.1723524197066,654.3305459518474,0.0,114.43859293010348,654.3305459518474,0.0,177.49973029303976,629.3365922638727,0.0,46.46820285521367,513.1694573586815,0.0,128.31191715868897,654.3305459518474,0.0,134.75640984679185,654.3305459518474
0.0,215.13094254485435,654.3305459518474,0.0,115.8856958356091,654.3305459518474,0.0,233.81452079378107,654.3305459518474,0.0,76.14829785135174,489.3177552100332,0.0,147.28012898105567,654.3305459518474,0.0,199.48658253676405,654.3305459518474
0.0,251.02573794745325,654.3305459518474,0.0,149.54536825413388,654.3305459518474,0.0,264.8315029248738,654.3305459518474,0.0,106.16972405112617,494.2535344509342,0.0,161.80635478587985,654.3305459518474,0.0,232.67898826087782,654.3305459518474
0.0,252.8252114065488,654.3305459518474,0.0,119.74419586647632,654.3305459518474,0.0,272.66472227887266,654.3305459518474,0.0,131.92844013550226,519.796286559336,0.0,163.98327925932924,654.3305459518474,0.0,236.25267698931998,654.3305459518474
0.0,230.118076064406,654.3305459518474,0.0,121.73716406751142,654.3305459518474,0.0,252.84543376805755,654.3305459518474,0.0,131.75384460362815,545.1993622422385,0.0,135.9406024207946,654.3305459518474,0.0,216.0716571843748,654.3305459518474
0.0,188.7698412637375,654.3305459518474,0.0,88.35594397172817,642.6864899235756,0.0,205.25724037117925,654.3305459518474,0.0,138.23913747271865,575.7906722204134,0.0,94.75274431220481,649.0832902640523,0.0,182.60547950778954,654.3305459518474
0.0,129.52922778255248,654.3305459518474,0.0,54.598773742019425,597.2852636655949,0.0,140.80384139453525,654.3305459518474,0.0,79.70476597914185,555.4954381995552,0.0,61.78359416106454,610.8668844251168,0.0,129.18321620864603,654.3305459518474
0.0,58.98220579096717,613.3127517428146,0.0,11.691719384865985,508.97698305046094,0.0,68.70117933630677,623.0317252881541,0.0,23.81608653385382,479.31152473340904,0.0,40.24510940168583,551.1119938268026,0.0,56.47966983410512,610.8102157859526
0.0,33.522342119826426,640.1306254386758,0.0,3.6665061693560155,511.91018798594575,0.0,51.796674455981815,654.3305459518474,0.0,3.9574987224795093,482.4775237113927,0.0,37.36344382105654,581.0027488836479,0.0,30.03043148234451,634.8345609718282
0.0,33.40594509857703,654.3305459518474,0.0,2.9099255312349332,514.2381284109337,0.0,50.80729977536193,654.3305459518474,0.0,5.878049573094565,487.17996336986835,0.0,36.25767211918726,610.0088865789977,0.0,29.332049354848124,654.3305459518474
0.0,27.76068956798126,654.3305459518474,0.0,2.2115434037385495,516.0073631339245,0.0,49.17774147787037,654.3305459518474,0.0,6.692828721840346,492.5342263473406,0.0,35.26829743856739,638.2235245298516,0.0,28.400873184852944,654.3305459518474
0.0,24.26877893049934,654.3305459518474,0.0,1.6877568081162613,517.3575685804175,0.0,47.664580201628205,654.3305459518474,0.0,7.449409359961429,498.49375383530975,0.0,35.67568701294028,654.3305459518474,0.0,27.469697014857765,654.3305459518474
0.0,23.803190845501753,654.3305459518474,0.0,1.1639702124939733,518.2887447504127,0.0,46.20961743601074,654.3305459518474,0.0,9.020769146828293,505.7103691527724,0.0,36.665061693560155,654.3305459518474,0.0,25.72374169611681,654.3305459518474
0.0,25.14175658986982,654.3305459518474,0.0,0.698382127496384,518.8474504524098,0.0,42.54311126665472,654.3305459518474,0.0,8.6715780830801,512.6476316192364,0.0,35.908481055439076,654.3305459518474,0.0,23.453999781753563,654.3305459518474
0.0,24.967161057995725,654.3305459518474,0.0,0.2909925531234933,519.0802444949086,0.0,45.51123530851436,654.3305459518474,0.0,7.507607870586128,518.6537179157053,0.0,32.47476892858185,654.3305459518474,0.0,23.51219829237826,654.3305459518474
0.0,25.25815361111922,654.3305459518474,0.0,0.11639702124939733,519.1733621119081,0.0,55.52137913596252,654.3305459518474,0.0,6.0526451049686605,523.4958339996803,0.0,30.437821056717404,654.3305459518474,0.0,24.094183398625244,654.3305459518474
0.0,27.70249105735656,654.3305459518474,0.0,0.0,519.1733621119081,0.0,57.441929986577584,654.3305459518474,0.0,4.830476381849989,527.3602151051603,0.0,29.09925531234933,654.3305459518474,0.0,23.279404249879466,654.3305459518474
0.0,27.17870446173428,654.3305459518474,0.0,0.0,519.1733621119081,0.0,57.32553296532818,654.3305459518474,0.0,3.4337121268572206,530.107184806646,0.0,27.70249105735656,654.3305459518474,0.0,21.882639994886695,654.3305459518474
0.0,26.363925312988492,654.3305459518474,0.0,0.05819851062469866,519.2199209204078,0.0,57.09273892282938,654.3305459518474,0.0,2.444337446237344,532.0626547636359,0.0,25.374550632368617,654.3305459518474,0.0,21.067860846140917,654.3305459518474
0.0,23.279404249879466,654.3305459518474,0.0,0.174595531874096,519.3595973459071,0.0,57.034540412204684,654.3305459518474,0.0,2.15334489311385,533.785330678127,0.0,22.581022122383082,654.3305459518474,0.0,20.02028765489634,654.3305459518474
0.0,19.845692123022243,654.3305459518474,0.0,0.40738957437289064,519.6855090054054,0.0,56.80174636970589,654.3305459518474,0.0,2.5025359568620424,535.7873594436167,0.0,19.72929510177285,654.3305459518474,0.0,18.565324889278873,654.3305459518474
0.0,19.147309995525863,654.3305459518474,0.0,0.87297765937048,520.3838911329018,0.0,56.56895232720709,654.3305459518474,0.0,3.49191063748192,538.5808879536022,0.0,17.459553187409597,654.3305459518474,0.0,16.295582974915625,654.3305459518474
0.0,32.117895733706874,654.3305459518474,0.0,7.649263081584478,503.0331542144863,0.0,56.7860266494822,654.3305459518474,0.0,13.30555796213385,526.8864459157361,0.0,14.72422318804876,644.0547691398962,0.0,21.286613777829416,650.6171597296768
0.0,104.3401343030265,654.3305459518474,0.0,58.78288525629928,530.0594624195257,0.0,90.34502176698129,654.3305459518474,0.0,74.52024043428852,566.5026382631669,0.0,22.988589425741026,642.0433585656372,0.0,71.90748870687553,654.3305459518474
0.0,176.430256130873,654.3305459518474,0.0,111.5649649385711,539.3114343703826,0.0,122.66294895129627,654.3305459518474,0.0,127.2630208160011,588.3130549159678,0.0,50.00727265336668,592.0506312190039,0.0,129.51386352029888,654.3305459518474
0.0,215.72582333945337,654.3305459518474,0.0,166.74422290640916,592.7068126955099,0.0,146.10626484106635,654.3305459518474,0.0,152.86286108872676,630.6033437869492,0.0,93.29813700455746,585.3487682235614,0.0,178.4217234514798,654.3305459518474
0.0,230.57298025742014,654.3305459518474,0.0,189.95474475368047,654.3305459518474,0.0,168.2927930774286,654.3305459518474,0.0,163.59982472326203,654.3305459518474,0.0,178.2471279196057,647.9464705592459,0.0,210.4076801726986,654.3305459518474
0.0,219.28865044692705,654.3305459518474,0.0,188.87255263214672,654.3305459518474,0.0,176.04273346003876,654.3305459518474,0.0,175.81851019359206,654.3305459518474,0.0,189.80205019272847,654.3305459518474,0.0,211.11074267046507,654.3305459518474
0.0,207.37985673978596,654.3305459518474,0.0,168.61761459635312,654.3305459518474,0.0,142.76687103555133,654.3305459518474,0.0,180.96991768858462,654.3305459518474,0.0,163.22855495960664,654.3305459518474,0.0,179.20806492063485,654.3305459518474
0.0,153.1459937817384,654.3305459518474,0.0,125.60988293817398,654.3305459518474,0.0,115.79384608816842,654.3305459518474,0.0,154.28470580448342,654.3305459518474,0.0,132.20989421910048,654.3305459518474,0.0,125.45233027796687,654.3305459518474
0.0,80.56202391828863,634.8925698701361,0.0,62.80494146908699,617.1354874209344,0.0,95.06546010726538,649.3960060591128,0.0,76.58226876691688,630.9128147187643,0.0,82.47621578922019,636.8067617410676,0.0,72.95488416913504,627.2854301209825
0.0,14.33591055272638,549.2284804228625,0.0,11.263929719999298,528.3994171409337,0.0,63.065284546251206,612.461290605364,0.0,23.21502448855632,554.1278392073206,0.0,25.89233370627752,562.6990954473451,0.0,37.03951094705731,564.3249410680398
0.0,0.0,549.2284804228625,0.0,0.05819851062469866,528.4459759494334,0.0,53.89182083847097,654.3305459518474,0.0,10.999518508068046,562.927454013775,0.0,4.772277871225291,566.5169177443254,0.0,34.569915311071,591.9808733168966
0.0,0.0,549.2284804228625,0.0,0.11639702124939733,528.5390935664329,0.0,53.48443126409807,654.3305459518474,0.0,8.438784040581305,569.67848124624,0.0,3.7247046799807144,569.49668148831,0.0,36.83965722543426,621.4525990972439
0.0,1.4549627656174666,550.3924506353565,0.0,0.349191063748192,528.8184464174315,0.0,53.54262977472277,654.3305459518474,0.0,10.242937869946964,577.8728315421976,0.0,2.2115434037385495,571.2659162113008,0.0,36.95605424668366,651.0174424945909
0.0,6.867424253714441,555.886390038328,0.0,0.7565806381210826,529.4237109279284,0.0,53.54262977472277,654.3305459518474,0.0,5.9944465943439615,582.6683888176727,0.0,0.9893746806198773,572.0574159557967,0.0,36.95605424668366,654.3305459518474
0.0,11.232312550566842,564.8722400787815,0.0,1.3385657443680692,530.4945635234228,0.0,53.54262977472277,654.3305459518474,0.0,4.481285318101797,586.2534170721542,0.0,0.9893746806198773,572.8489157002927,0.0,38.00362743792823,654.3305459518474
0.0,14.258635103051171,576.2791481612225,0.0,1.4549627656174666,531.6585337359168,0.0,53.65902679597217,654.3305459518474,0.0,8.6715780830801,593.1906795386183,0.0,2.5025359568620424,574.8509444657823,0.0,40.50616339479026,654.3305459518474
0.0,15.71359786866864,588.8500264561574,0.0,0.9893746806198773,532.4500334804127,0.0,54.06641637034505,654.3305459518474,0.0,12.105290209937321,602.8749117065681,0.0,5.296064466847579,579.0877960392603,0.0,43.4742874366499,654.3305459518474
0.0,17.2267591449108,602.631433772086,0.0,0.5237865956222879,532.8690627569105,0.0,54.24101190221916,654.3305459518474,0.0,10.708525954944554,611.4417324705238,0.0,8.147791487457813,585.6060292292266,0.0,45.51123530851436,654.3305459518474
0.0,20.31128020801983,618.8804579385019,0.0,0.349191063748192,533.148415607909,0.0,53.01884317910048,654.3305459518474,0.0,10.999518508068046,620.2413472769782,0.0,10.242937869946964,593.8003795251841,0.0,46.84980105288243,654.3305459518474
0.0,21.7662429736373,636.2934523174117,0.0,0.2909925531234933,533.3812096504078,0.0,51.389284881608916,654.3305459518474,0.0,17.2849576555355,634.0693134014066,0.0,10.941319997443347,602.5534355231388,0.0,47.7809772228776,654.3305459518474
0.0,22.057235526760792,653.9392407388203,0.0,0.40738957437289064,533.707121309906,0.0,50.63270424348784,654.3305459518474,0.0,24.559771483622836,653.7171305883048,0.0,9.486357231825883,610.1425213085995,0.0,48.130168286625796,654.3305459518474
0.0,21.882639994886695,654.3305459518474,0.0,0.5819851062469866,534.1727093949036,0.0,49.17774147787037,654.3305459518474,0.0,28.168079142354156,654.3305459518474,0.0,7.624004891835525,616.2417252220679,0.0,47.25719062725532,654.3305459518474
0.0,22.872014675506573,654.3305459518474,0.0,0.87297765937048,534.8710915224,0.0,48.130168286625796,654.3305459518474,0.0,29.797637439845715,654.3305459518474,0.0,6.576431700590949,621.5028705825406,0.0,46.26781594663544,654.3305459518474
0.0,23.977786377375846,654.3305459518474,0.0,1.0475731912445758,535.7091500753957,0.0,47.7227787122529,654.3305459518474,0.0,32.940357013579444,654.3305459518474,0.0,5.528858509346373,625.9259573900177,0.0,43.299691904775806,654.3305459518474
0.0,27.70249105735656,654.3305459518474,0.0,7.924535914484273,518.63368598988,0.0,50.686222383842434,654.3305459518474,0.0,35.93524012561637,654.3305459518474,0.0,16.40111837519648,617.3270757652142,0.0,38.52741403355052,654.3305459518474
0.0,31.145741653739037,654.3305459518474,0.0,71.3460814201074,555.7105511259658,0.0,86.58419727628308,654.3305459518474,0.0,70.6975047561687,654.3305459518474,0.0,89.2635405613878,654.3305459518474,0.0,43.6034024172663,654.3305459518474
0.0,42.148617380633894,596.4791633324813,0.0,143.53370105913788,590.5375119732761,0.0,110.91153017537724,654.3305459518474,0.0,125.92074239483611,654.3305459518474,0.0,163.3906102610988,654.3305459518474,0.0,50.68489923239915,605.0154451842466
0.0,55.3740758612209,551.8532391937023,0.0,192.57685722163365,654.3305459518474,0.0,173.2430236993548,654.3305459518474,0.0,183.17624753509787,654.3305459518474,0.0,210.66573240494637,654.3305459518474,0.0,62.50573359788153,567.5211787821281
0.0,73.86883973847819,525.7220789321805,0.0,212.57224214475113,654.3305459518474,0.0,251.8120794166083,654.3305459518474,0.0,238.7015170768424,654.3305459518474,0.0,233.15897291465583,654.3305459518474,0.0,67.79093644376056,535.3121152258886
0.0,76.25815816393259,501.98023709611306,0.0,201.54896632736248,654.3305459518474,0.0,259.9505101635259,654.3305459518474,0.0,243.5933714591588,654.3305459518474,0.0,232.399212786693,654.3305459518474,0.0,59.287594912871064,494.5997101387597
0.0,77.86731637093034,479.8475534670434,0.0,174.4327852885529,654.3305459518474,0.0,236.77928761681392,654.3305459518474,0.0,220.95379536818092,654.3305459518474,0.0,198.42496823470916,654.3305459518474,0.0,47.61945510834063,442.2191652471003
0.0,70.9289756472242,450.7765291142676,0.0,141.13016379388816,654.3305459518474,0.0,172.76789714483192,654.3305459518474,0.0,168.55234619010469,654.3305459518474,0.0,138.26889830375265,654.3305459518474,0.0,31.20729738319055,373.42646263029087
0.0,40.51119922303049,391.28772833729806,0.0,99.45313801996522,653.7836839718126,0.0,118.96500334149286,654.3305459518474,0.0,109.92515725561405,654.3305459518474,0.0,66.02625964393921,620.3568055957866,0.0,22.46798231996049,295.89444495025134
0.0,17.462732677251353,308.7504610145494,0.0,19.58163636906111,573.3653203408737,0.0,64.77829954411641,619.1088454959638,0.0,68.17421325084274,622.5047592026901,0.0,16.253281913499684,536.6100875092862,0.0,12.259485651317622,208.15393060156896
0.0,12.978267869307802,319.1330753099956,0.0,7.85679893433432,579.6507594883411,0.0,50.45810871161374,654.3305459518474,0.0,56.33615828470831,654.3305459518474,0.0,3.899300211854811,539.7295276787701,0.0,12.512679784310212,218.16407442901712
0.0,10.766724465569252,327.746454882451,0.0,9.311761699951786,587.1001688483026,0.0,50.51630722223844,654.3305459518474,0.0,56.219761263458906,654.3305459518474,0.0,2.9681240418596317,542.1040269122577,0.0,18.79811893177767,233.20256957443925
0.0,10.592128933695157,336.2201580294071,0.0,9.719151274324677,594.8754898677623,0.0,49.75972658411735,654.3305459518474,0.0,56.510753816582394,654.3305459518474,0.0,0.698382127496384,542.6627326142549,0.0,26.247528291739094,254.20059220783054
0.0,10.417533401821059,344.55418475086395,0.0,9.95194531682347,602.8370461212211,0.0,50.167116158490245,654.3305459518474,0.0,56.6853493484565,654.3305459518474,0.0,0.05819851062469866,542.7092914227546,0.0,33.34774658795233,280.8787894781924
0.0,9.020769146828293,351.7708000683266,0.0,10.301136380571663,611.0779552256784,0.0,47.25719062725532,654.3305459518474,0.0,56.394356795333,654.3305459518474,0.0,0.2909925531234933,542.9420854652534,0.0,36.83965722543426,310.3505152585398
0.0,6.98382127496384,357.3578570882977,0.0,11.115915529317444,619.9706876491323,0.0,44.92925020226737,654.3305459518474,0.0,56.2779597740836,654.3305459518474,0.0,2.15334489311385,544.6647613797445,0.0,38.17822296980233,340.89309363438167
0.0,5.179667445598181,361.50159104477626,0.0,14.025841060552379,631.1913604975742,0.0,44.05627254289689,654.3305459518474,0.0,56.33615828470831,654.3305459518474,0.0,4.3066897862277,548.1101132087267,0.0,39.516788714170396,372.50652460571797
0.0,3.899300211854811,364.6210312142601,0.0,17.692347229908396,645.345238281501,0.0,42.54311126665472,654.3305459518474,0.0,56.394356795333,654.3305459518474,0.0,5.005071913724085,552.114170739706,0.0,41.78653062853363,405.9357491085449
0.0,2.61893297811144,366.7161775967492,0.0,20.07848616552104,654.3305459518474,0.0,40.56436190541496,654.3305459518474,0.0,55.98696722096011,654.3305459518474,0.0,4.015697233104208,555.3267285261893,0.0,40.85535445853846,438.6200326753756
0.0,1.6295582974915626,368.0198242347425,0.0,20.31128020801983,654.3305459518474,0.0,38.58561254417521,654.3305459518474,0.0,55.28858509346373,654.3305459518474,0.0,3.841101701230112,558.3996098871734,0.0,38.17822296980233,469.1626110512175
0.0,0.9311761699951786,368.76476517073866,0.0,18.856317442402368,654.3305459518474,0.0,36.37406914043667,654.3305459518474,0.0,54.706599987216734,654.3305459518474,0.0,4.772277871225291,562.2174321841536,0.0,37.36344382105654,499.05336610806273
0.0,0.40738957437289064,369.090676830237,0.0,16.353781485540324,654.3305459518474,0.0,32.53296743920656,654.3305459518474,0.0,53.775423817221565,654.3305459518474,0.0,6.51823318996625,567.4320187361266,0.0,35.326495949192086,527.3145628674164
0.0,0.11639702124939733,369.1837944472365,0.0,13.909444039302981,654.3305459518474,0.0,28.168079142354156,654.3305459518474,0.0,52.14586551973,654.3305459518474,0.0,9.078967657452992,574.695192862089,0.0,27.236902972358976,549.1040852453036
0.0,0.05819851062469866,369.23035325573625,0.0,12.396282763060816,654.3305459518474,0.0,26.596719355487288,654.3305459518474,0.0,49.87612360536675,654.3305459518474,0.0,10.417533401821059,583.0292195835459,0.0,19.089111484901164,564.3753744332246
0.0,3.362973385850574,347.5933266415868,0.0,11.084476088870046,640.4150220407174,0.0,37.638894382941395,654.3305459518474,0.0,55.258824262429734,654.3305459518474,0.0,26.894248617279345,584.5446184773693,0.0,29.001935230150444,567.576922617345
0.0,41.49139089209521,360.786439355263,0.0,33.02567005235156,646.8355580825987,0.0,116.63741837447503,654.3305459518474,0.0,101.37165480319675,654.3305459518474,0.0,105.49642238439368,648.9417563848842,0.0,100.84354329527447,628.2517572535645
0.0,92.17514470203615,352.96158405729915,0.0,32.06305444190898,578.8986125245077,0.0,187.7868255628011,654.3305459518474,0.0,146.3787136420945,654.3305459518474,0.0,170.38714949542964,654.3305459518474,0.0,168.485320125895,654.3305459518474
0.0,122.78641586816939,371.19071675183466,0.0,38.998215675773366,517.8968282002811,0.0,232.00568659414532,654.3305459518474,0.0,200.298004466683,654.3305459518474,0.0,212.3866072629234,654.3305459518474,0.0,224.58789440361636,654.3305459518474
0.0,116.5921155522024,384.46440919359657,0.0,42.3108504111111,460.2076786113922,0.0,258.56496298747186,654.3305459518474,0.0,225.1459444715577,654.3305459518474,0.0,233.3824062166144,654.3305459518474,0.0,245.66865093810935,654.3305459518474
0.0,146.63712133231235,421.77410625944646,0.0,48.13706045326447,408.34473906465666,0.0,266.0332715574987,654.3305459518474,0.0,219.602867122416,654.3305459518474,0.0,235.03872358428328,654.3305459518474,0.0,245.86214568004888,654.3305459518474
0.0,108.47408489577857,428.5533741760693,0.0,52.03168029484919,360.37641935950586,0.0,233.07984112658218,654.3305459518474,0.0,197.29208200469242,654.3305459518474,0.0,215.3768100046903,654.3305459518474,0.0,228.0972033707354,654.3305459518474
0.0,65.18322054458778,393.7365947206571,0.0,61.8988457598557,322.27526511936156,0.0,101.04754420021246,654.3305459518474,0.0,145.06840784833207,654.3305459518474,0.0,175.45995838930367,654.3305459518474,0.0,191.34983039925982,654.3305459518474
0.0,28.761459056524856,322.49805377718195,0.0,49.69588000974939,271.97114512911094,0.0,69.35876128281556,623.6893072346629,0.0,81.49116602090031,635.8217119727477,0.0,114.12101903578774,654.3305459518474,0.0,134.28614139152418,654.3305459518474
0.0,5.259944656130082,227.75799843331203,0.0,8.223388327719615,180.19453345683056,0.0,52.971684018429386,576.6609912530923,0.0,41.574314405513704,577.3960263782615,0.0,36.14648865516313,590.4770346070105,0.0,60.2155915930245,614.546137544872
0.0,1.9787493612397546,229.34099792230384,0.0,0.8147791487457813,180.8463567758272,0.0,52.0876670091053,618.3311248603766,0.0,29.15745382297403,600.7219894366407,0.0,7.449409359961429,596.4365620949796,0.0,31.310798716087884,639.5947765177423
0.0,3.084521063109029,231.80861477279106,0.0,2.9681240418596317,183.2208560093149,0.0,52.3786595622288,654.3305459518474,0.0,26.596719355487288,621.9993649210305,0.0,21.184257867390315,613.3839683888918,0.0,40.15697233104208,654.3305459518474
0.0,4.073895743728906,235.06773136777417,0.0,4.946873403099386,187.1783547317944,0.0,51.09829232848543,654.3305459518474,0.0,25.49094765361801,642.3921230439249,0.0,33.40594509857703,640.1087244677535,0.0,43.00869935165231,654.3305459518474
0.0,5.179667445598181,239.2114653242527,0.0,4.364888296852399,190.6702653692763,0.0,50.39991020098904,654.3305459518474,0.0,25.31635212174392,654.3305459518474,0.0,37.88723041667883,654.3305459518474,0.0,39.516788714170396,654.3305459518474
0.0,5.9944465943439615,244.0070225997279,0.0,3.2009180843584266,193.23099983676306,0.0,52.90244615785109,654.3305459518474,0.0,26.422123823613195,654.3305459518474,0.0,35.85028254481438,654.3305459518474,0.0,34.628113821695706,654.3305459518474
0.0,6.227240636842756,248.9888151092021,0.0,0.7565806381210826,193.83626434725994,0.0,54.124614880969766,654.3305459518474,0.0,30.03043148234451,654.3305459518474,0.0,31.659989779836074,654.3305459518474,0.0,32.125577864833666,654.3305459518474
0.0,5.878049573094565,253.69125476767775,0.0,0.0,193.83626434725994,0.0,54.29921041284385,654.3305459518474,0.0,34.6863123323204,654.3305459518474,0.0,28.808262759225837,654.3305459518474,0.0,31.543592758586676,654.3305459518474
0.0,5.528858509346373,258.11434157515487,0.0,0.23279404249879465,194.02249958125898,0.0,53.01884317910048,654.3305459518474,0.0,39.691384246044485,654.3305459518474,0.0,30.787012120465597,654.3305459518474,0.0,32.649364460455956,654.3305459518474
0.0,5.23786595622288,262.3046343401332,0.0,2.793528509985536,196.2573223892474,0.0,52.727850625976984,654.3305459518474,0.0,45.627632329763756,654.3305459518474,0.0,33.81333467294992,654.3305459518474,0.0,34.104327226073416,654.3305459518474
0.0,5.179667445598181,266.44836829661176,0.0,4.481285318101797,199.84235064372885,0.0,51.44748339223362,654.3305459518474,0.0,46.384212967884835,654.3305459518474,0.0,36.024878076688466,654.3305459518474,0.0,34.33712126857221,654.3305459518474
0.0,5.005071913724085,270.452425827591,0.0,7.100218296213236,205.52252528069943,0.0,50.167116158490245,654.3305459518474,0.0,46.55880849975893,654.3305459518474,0.0,39.400391692921,654.3305459518474,0.0,33.28954807732764,654.3305459518474
0.0,4.597682339351194,274.130571699072,0.0,12.338084252436117,215.39299268264833,0.0,49.58513105224326,654.3305459518474,0.0,46.26781594663544,654.3305459518474,0.0,36.19947360856257,654.3305459518474,0.0,29.44844637609752,654.3305459518474
0.0,3.6665061693560155,277.0637766345568,0.0,21.184257867390315,232.34039897656058,0.0,50.34171169036434,654.3305459518474,0.0,44.69645615976857,654.3305459518474,0.0,38.00362743792823,654.3305459518474,0.0,26.014734249240302,654.3305459518474
0.0,2.560734467486741,279.1123642085462,0.0,30.03043148234451,256.3647441624362,0.0,52.90244615785109,654.3305459518474,0.0,40.85535445853846,654.3305459518474,0.0,34.27892275794751,654.3305459518474,0.0,24.035984888000545,654.3305459518474
0.0,7.831718473570422,261.94408268211663,0.0,33.23134956670293,262.94982381579854,0.0,64.81441935483393,654.3305459518474,0.0,43.7087600885621,654.3305459518474,0.0,35.908481055439076,654.3305459518474,0.0,43.9495917201578,654.3305459518474
0.0,65.10930231373939,294.03152453310815,0.0,38.48343436272117,273.7365713059755,0.0,135.97018552284354,654.3305459518474,0.0,91.023359261954,654.3305459518474,0.0,49.24397757759198,654.3305459518474,0.0,122.1836752134585,654.3305459518474
0.0,140.5356384572592,326.4600352989155,0.0,45.58533126834781,219.32190257432327,0.0,203.22347198915656,654.3305459518474,0.0,146.93243879773584,654.3305459518474,0.0,75.82383179039732,630.1543777422447,0.0,176.58277296283995,654.3305459518474
0.0,191.57644319106018,399.72118985176365,0.0,56.885380799064606,176.2072833733879,0.0,237.13165817040385,654.3305459518474,0.0,178.09107613982695,654.3305459518474,0.0,152.0335076422155,654.3305459518474,0.0,192.8046154358922,654.3305459518474
0.0,214.4613535549188,491.2902726956987,0.0,63.7984633330218,140.0057467064097,0.0,234.30819110039926,654.3305459518474,0.0,189.19144967790572,654.3305459518474,0.0,239.8924240884987,654.3305459518474,0.0,192.2226303296452,654.3305459518474
0.0,212.580102004863,581.3543542995891,0.0,68.59750027442439,108.60324698083409,0.0,222.60225287573792,654.3305459518474,0.0,181.62714417712323,654.3305459518474,0.0,236.94938050740296,654.3305459518474,0.0,168.03845352197777,654.3305459518474
0.0,199.1942668321972,654.3305459518474,0.0,66.68948965419128,75.29273663502536,0.0,219.0457847479478,654.3305459518474,0.0,145.8833647260629,654.3305459518474,0.0,225.93078506028442,654.3305459518474,0.0,122.2057539133657,654.3305459518474
0.0,160.0921943655564,654.3305459518474,0.0,61.748797501790335,37.0415341368157,0.0,186.3126081291481,654.3305459518474,0.0,92.69707495925995,647.0276209111073,0.0,184.68004807079984,654.3305459518474,0.0,60.29118843328629,614.6217343851337
0.0,92.90028589970981,647.2308318515572,7.147595054526633,55.81087080865767,0.0,0.0,124.74405422297511,654.3305459518474,0.0,50.01495478449347,597.0425756956008,0.0,120.03165347178795,654.3305459518474,0.0,25.56822310329322,540.1899574884269
0.0,26.682032394259405,573.9128642458166,47.970531501519396,52.029468498480604,0.0,0.0,66.1389439883917,620.4694899402391,0.0,27.825247058289463,524.8678227538903,0.0,42.12803956115504,596.4585855130024,0.0,22.98841169675597,463.1783691851829
0.0,0.05819851062469866,573.9594230543164,0.0,52.553255094102894,42.04260407528232,0.0,48.944947435371574,654.3305459518474,0.0,27.00410892986018,546.4711098977784,0.0,20.893265314266817,613.1731977644158,0.0,40.79715594791376,495.81609394351386
0.0,0.0,573.9594230543164,0.0,52.96064466847578,84.41111981006296,0.0,52.61145360472759,654.3305459518474,0.0,29.15745382297403,569.7970729561576,0.0,14.200436592426472,624.533547038357,0.0,44.40546360664508,531.3404648288299
0.0,0.0,573.9594230543164,0.0,53.48443126409807,127.19866482134142,0.0,54.00821785972036,654.3305459518474,0.0,31.310798716087884,594.845711929028,0.0,13.269260422431296,635.1489553763021,0.0,39.1093991397975,562.6279841406679
0.0,0.23279404249879465,574.1456582883154,0.0,54.47380594471795,170.7777095771158,0.0,55.113989561589634,654.3305459518474,0.0,32.35837190733246,620.732409454894,0.0,14.142238081801773,646.4627458417435,0.0,35.966679566063775,591.4013277935189
0.0,0.9893746806198773,574.9371580328113,0.0,54.24101190221916,214.1705190988911,0.0,55.695974667836616,654.3305459518474,0.0,31.36899722671258,645.827607236264,0.0,16.93576659178731,654.3305459518474,0.0,35.79208403418968,620.0349950208707
0.0,2.15334489311385,576.6598339473024,0.0,53.775423817221565,257.19085815266834,0.0,55.695974667836616,654.3305459518474,0.0,31.136203184213784,654.3305459518474,0.0,19.089111484901164,654.3305459518474,0.0,37.36344382105654,649.925750077716
0.0,3.49191063748192,579.453362457288,0.0,53.42623275347337,299.931844355447,0.0,55.46318062533782,654.3305459518474,0.0,32.35837190733246,654.3305459518474,0.0,19.61289808052345,654.3305459518474,0.0,38.17822296980233,654.3305459518474
0.0,4.481285318101797,583.0383907117695,0.0,52.90244615785109,342.2538012817279,0.0,55.172188072214325,654.3305459518474,0.0,34.33712126857221,654.3305459518474,0.0,20.485875739893928,654.3305459518474,0.0,39.1093991397975,654.3305459518474
0.0,6.110843615593359,587.9270656042441,0.0,52.14586551973,383.97049369751187,0.0,55.055791050964935,654.3305459518474,0.0,36.31587062981197,654.3305459518474,0.0,19.67109659114815,654.3305459518474,0.0,38.87660509729871,654.3305459518474
0.0,7.9731959555837175,594.3056223687112,0.0,52.0876670091053,425.6406273047961,0.0,55.46318062533782,654.3305459518474,0.0,37.829031906054134,654.3305459518474,0.0,17.575950208658995,654.3305459518474,0.0,38.76020807604931,654.3305459518474
0.0,10.417533401821059,602.6396490901681,0.0,51.796674455981815,467.0779668695816,0.0,54.82299700846614,654.3305459518474,0.0,38.934803607923406,654.3305459518474,0.0,16.819369570537912,654.3305459518474,0.0,42.193920202906526,654.3305459518474
0.0,11.697900635564432,611.9979695986196,0.0,50.28351317973964,507.3047774133733,0.0,53.30983573222398,654.3305459518474,0.0,39.516788714170396,654.3305459518474,0.0,15.364406804920447,654.3305459518474,0.0,45.74402935101315,654.3305459518474
0.0,13.96764254992768,623.1720836385618,0.0,47.664580201628205,545.4364415746759,0.0,51.796674455981815,654.3305459518474,0.0,41.32094254353605,654.3305459518474,0.0,15.422605315545146,654.3305459518474,0.0,45.74402935101315,654.3305459518474
0.0,16.120987443041532,636.068873592995,0.0,44.69645615976857,581.1936065024908,0.0,51.73847594535711,654.3305459518474,0.0,41.78653062853363,654.3305459518474,0.0,14.491429145549967,654.3305459518474,0.0,45.27844126601556,654.3305459518474
0.0,29.223689922695634,639.4478255311516,0.0,41.90292764978304,594.7159486223172,0.0,54.94257351955729,654.3305459518474,0.0,46.27735441616069,654.3305459518474,0.0,24.165099868616952,653.4956458204643,0.0,48.130168286625796,654.3305459518474
0.0,94.59254534911112,654.3305459518474,0.0,67.11427755820128,628.4073706688782,0.0,91.30613649699552,654.3305459518474,0.0,96.9785065557387,654.3305459518474,0.0,81.60941938054816,654.3305459518474,0.0,71.31861143398987,654.3305459518474
0.0,169.3220002455629,654.3305459518474,0.0,94.23831845712272,622.6456891260009,0.0,136.6953267205172,654.3305459518474,0.0,163.05996294944592,654.3305459518474,0.0,154.9138500714015,654.3305459518474,0.0,106.47254591869138,654.3305459518474
0.0,208.41771373252024,654.3305459518474,0.0,170.20098142664676,654.3305459518474,0.0,211.03161088239142,654.3305459518474,0.0,216.35010950711634,654.3305459518474,0.0,212.91021612956067,654.3305459518474,0.0,131.63823754686686,654.3305459518474
0.0,224.25892570137688,654.3305459518474,0.0,200.10283111533005,654.3305459518474,0.0,245.16473124602567,654.3305459518474,0.0,236.94169837627618,654.3305459518474,0.0,238.34482161095247,654.3305459518474,0.0,155.08155343663694,654.3305459518474
0.0,228.0796273121132,654.3305459518474,0.0,193.64429731641684,654.3305459518474,0.0,257.7357872699456,654.3305459518474,0.0,239.77620479623434,654.3305459518474,0.0,233.83509861325996,654.3305459518474,0.0,176.08521225043975,654.3305459518474
0.0,212.11097897205354,654.3305459518474,0.0,165.01813449120684,654.3305459518474,0.0,249.46992015182502,654.3305459518474,0.0,221.99554276669716,654.3305459518474,0.0,202.23127327666504,654.3305459518474,0.0,158.85191639686042,654.3305459518474
0.0,176.01950933767333,654.3305459518474,0.0,129.98377651759648,654.3305459518474,0.0,206.91523634826152,654.3305459518474,0.0,187.73030566158982,654.3305459518474,0.0,130.08613242803557,654.3305459518474,0.0,155.60534003225922,654.3305459518474
0.0,117.32626203244615,654.3305459518474,0.0,86.9006257481406,641.231171699988,0.0,142.40213798056448,654.3305459518474,0.0,128.6060892016542,654.3305459518474,0.0,82.40044121997335,636.7309871718207,0.0,121.23156576601434,654.3305459518474
0.0,56.25155616187642,610.5821021137239,0.0,40.82727223691787,582.0584439369059,0.0,68.93265022736229,623.2631961792097,0.0,50.35160561785971,604.6821515697071,0.0,43.34552791400361,580.0765150858243,0.0,74.27101575562581,628.6015617074733
0.0,34.39531977919691,638.0983579370813,0.0,23.221205739254767,600.6354085283097,0.0,31.60179126921138,648.5446291945788,0.0,17.634148719283694,618.7894705451341,0.0,28.866461269850536,603.1696841017048,0.0,52.727850625976984,654.3305459518474
0.0,33.638739141075824,654.3305459518474,0.0,20.36947871864453,616.9309915032253,0.0,25.72374169611681,654.3305459518474,0.0,16.93576659178731,632.338083818564,0.0,30.437821056717404,627.5199409470787,0.0,50.92369679661133,654.3305459518474
0.0,32.59116594983125,654.3305459518474,0.0,20.718669782392723,633.5059273291395,0.0,22.29002956925959,654.3305459518474,0.0,15.18981127304635,644.4899328370011,0.0,32.241974886083064,653.3135208559452,0.0,49.23593998849507,654.3305459518474
0.0,33.46414360920173,654.3305459518474,0.0,22.581022122383082,651.570745027046,0.0,18.623523399903572,654.3305459518474,0.0,11.81429765681383,653.9413709624522,0.0,32.35837190733246,654.3305459518474,0.0,47.839175733502294,654.3305459518474
0.0,32.47476892858185,654.3305459518474,0.0,22.581022122383082,654.3305459518474,0.0,20.31128020801983,654.3305459518474,0.0,8.147791487457813,654.3305459518474,0.0,31.659989779836074,654.3305459518474,0.0,45.74402935101315,654.3305459518474
0.0,30.903409141714988,654.3305459518474,0.0,19.089111484901164,654.3305459518474,0.0,22.464625101133684,654.3305459518474,0.0,5.23786595622288,654.3305459518474,0.0,31.89278382233487,654.3305459518474,0.0,43.299691904775806,654.3305459518474
0.0,27.70249105735656,654.3305459518474,0.0,16.17918595366623,654.3305459518474,0.0,22.930213186131272,654.3305459518474,0.0,3.4337121268572206,654.3305459518474,0.0,32.59116594983125,654.3305459518474,0.0,40.447964884165565,654.3305459518474
0.0,24.035984888000545,654.3305459518474,0.0,15.073414251796954,654.3305459518474,0.0,22.464625101133684,654.3305459518474,0.0,2.793528509985536,654.3305459518474,0.0,32.940357013579444,654.3305459518474,0.0,37.53803935293064,654.3305459518474
0.0,20.36947871864453,654.3305459518474,0.0,14.025841060552379,654.3305459518474,0.0,20.718669782392723,654.3305459518474,0.0,3.0263225524843302,654.3305459518474,0.0,33.114952545453534,654.3305459518474,0.0,34.744510842945104,654.3305459518474
0.0,17.517751698034296,654.3305459518474,0.0,12.279885741811418,654.3305459518474,0.0,18.157935314905984,654.3305459518474,0.0,4.073895743728906,654.3305459518474,0.0,31.659989779836074,654.3305459518474,0.0,32.183776375458365,654.3305459518474
0.0,14.433230634925268,654.3305459518474,0.0,9.893746806198772,654.3305459518474,0.0,15.364406804920447,654.3305459518474,0.0,5.121468934973482,654.3305459518474,0.0,32.241974886083064,654.3305459518474,0.0,28.982858291099934,654.3305459518474
0.0,12.338084252436117,654.3305459518474,0.0,8.205989998082512,654.3305459518474,0.0,14.666024677424062,654.3305459518474,0.0,5.296064466847579,654.3305459518474,0.0,32.53296743920656,654.3305459518474,0.0,26.072932759865,654.3305459518474
0.0,10.417533401821059,654.3305459518474,0.0,6.809225743089744,654.3305459518474,0.0,16.470178506789722,654.3305459518474,0.0,4.539483828726496,654.3305459518474,0.0,33.34774658795233,654.3305459518474,0.0,23.163007228630068,654.3305459518474
0.0,9.311761699951786,654.3305459518474,0.0,4.714079360600592,654.3305459518474,0.0,17.92514127240719,654.3305459518474,0.0,3.7247046799807144,654.3305459518474,0.0,35.09370190669329,654.3305459518474,0.0,19.67109659114815,654.3305459518474
0.0,8.147791487457813,637.4783374393052,0.0,3.9574987224795093,633.2880446743269,0.0,43.339346663305164,654.3305459518474,0.0,23.172723427140376,652.5032693789877,0.0,57.26919079310194,654.3305459518474,0.0,29.141911831735392,654.3305459518474
0.0,28.6622826359275,640.4081635480471,0.0,18.18487211406834,626.4729167883952,0.0,124.06810625335605,654.3305459518474,0.0,108.23025150332616,654.3305459518474,0.0,135.44975614604803,654.3305459518474,0.0,90.50292988515852,654.3305459518474
0.0,65.61101020945448,606.0191737575016,0.0,53.326266368387905,579.7991831567831,0.0,197.3929370347032,654.3305459518474,0.0,178.3856036407623,654.3305459518474,0.0,203.10407320705048,654.3305459518474,0.0,157.35668663721052,654.3305459518474
0.0,99.04574844559234,605.0649222030939,0.0,121.81744127804332,597.2531361792178,0.0,244.22605067388875,654.3305459518474,0.0,222.97255494592017,654.3305459518474,0.0,253.1381049305944,654.3305459518474,0.0,210.81356886664318,654.3305459518474
0.0,125.13007601338104,625.1689830137988,0.0,170.6356632581521,653.7616667857395,0.0,267.18487926859575,654.3305459518474,0.0,244.58495793614725,654.3305459518474,0.0,277.7925501935296,654.3305459518474,0.0,236.89003657432005,654.3305459518474
0.0,128.9114783235581,648.2981656726453,0.0,186.65933061899474,654.3305459518474,0.0,268.78299812563995,654.3305459518474,0.0,245.17798239234781,654.3305459518474,0.0,281.35369869158984,654.3305459518474,0.0,239.31397393006358,654.3305459518474
0.0,123.60119501691516,654.3305459518474,0.0,188.1803517553488,654.3305459518474,0.0,250.0019220655293,654.3305459518474,0.0,225.9580773174169,654.3305459518474,0.0,264.13612255823415,654.3305459518474,0.0,220.87422907358922,654.3305459518474
0.0,112.95386933345202,654.3305459518474,0.0,162.52231297199842,654.3305459518474,0.0,211.65643023700954,654.3305459518474,0.0,186.55715243754074,654.3305459518474,0.0,224.2160914530058,654.3305459518474,0.0,184.16933489251466,654.3305459518474
0.0,77.62215982703466,631.9527057788821,0.0,104.7980402568973,654.3305459518474,0.0,152.92070414138135,654.3305459518474,0.0,125.50134577703643,654.3305459518474,0.0,163.46699706584872,654.3305459518474,0.0,122.53940298587524,654.3305459518474
0.0,24.882558935163843,556.8352647140459,0.0,41.43787275174062,595.768418703588,0.0,76.41367675675616,630.7442227086035,0.0,43.64005541493897,597.9706013667864,0.0,87.35013865494437,641.6806846067918,0.0,42.361189061623946,596.6917350134713
0.0,1.3385657443680692,557.9061173095404,0.0,5.23786595622288,599.9587114685663,0.0,37.829031906054134,654.3305459518474,0.0,3.7829031906054134,600.9969239192707,0.0,54.06641637034505,654.3305459518474,0.0,3.550109148106618,599.5318223319566
0.0,1.6877568081162613,559.2563227560333,0.0,9.195364678702388,607.3150032115283,0.0,39.3421931822963,654.3305459518474,0.0,10.766724465569252,609.6103034917261,0.0,53.30983573222398,654.3305459518474,0.0,2.61893297811144,601.6269687144458
0.0,1.2803672337433705,560.280616543028,0.0,15.073414251796954,619.3737346129658,0.0,40.447964884165565,654.3305459518474,0.0,13.0946648905572,620.0860354041719,0.0,50.39991020098904,654.3305459518474,0.0,1.8041538293656585,603.0702917779382
0.0,0.5819851062469866,560.7462046280256,0.0,18.623523399903572,634.2725533328886,0.0,41.670133607284235,654.3305459518474,0.0,11.988893188687923,629.6771499551222,0.0,46.326014457260136,654.3305459518474,0.0,1.1639702124939733,604.0014679479334
0.0,0.11639702124939733,560.8393222450251,0.0,18.448927868029475,649.0316956273122,0.0,41.90292764978304,654.3305459518474,0.0,9.369960210576485,637.1731181235834,0.0,42.019324671032436,654.3305459518474,0.0,0.6401836168716852,604.5136148414308
0.0,0.0,560.8393222450251,0.0,18.914515953027067,654.3305459518474,0.0,38.41101701230112,654.3305459518474,0.0,7.624004891835525,643.2723220370518,0.0,38.76020807604931,654.3305459518474,0.0,0.2909925531234933,604.7464088839296
0.0,0.0,560.8393222450251,0.0,20.31128020801983,654.3305459518474,0.0,35.79208403418968,654.3305459518474,0.0,7.85679893433432,649.5577611845192,0.0,32.241974886083064,654.3305459518474,0.0,0.11639702124939733,604.8395265009291
0.0,0.0,560.8393222450251,0.0,24.908962547371026,654.3305459518474,0.0,34.162525736698115,654.3305459518474,0.0,8.555181061830703,654.3305459518474,0.0,28.168079142354156,654.3305459518474,0.0,0.05819851062469866,604.8860853094288
0.0,0.0,560.8393222450251,0.0,27.527895525482467,654.3305459518474,0.0,33.638739141075824,654.3305459518474,0.0,7.449409359961429,654.3305459518474,0.0,31.310798716087884,654.3305459518474,0.0,0.05819851062469866,604.9326441179286
0.0,0.0,560.8393222450251,0.0,30.4960195673421,654.3305459518474,0.0,33.46414360920173,654.3305459518474,0.0,6.809225743089744,654.3305459518474,0.0,37.94542892730353,654.3305459518474,0.0,0.05819851062469866,604.9792029264283
0.0,0.0,560.8393222450251,0.0,32.76576148170535,654.3305459518474,0.0,37.712634884804736,654.3305459518474,0.0,8.089592976833115,654.3305459518474,0.0,45.103845734141466,654.3305459518474,0.0,0.0,604.9792029264283
0.0,0.0,560.8393222450251,0.0,36.432267651061366,654.3305459518474,0.0,41.20454552228665,654.3305459518474,0.0,9.777349784949376,654.3305459518474,0.0,49.58513105224326,654.3305459518474,0.0,0.0,604.9792029264283
0.0,0.0,560.8393222450251,0.0,38.12002445917762,654.3305459518474,0.0,40.73895743728906,654.3305459518474,0.0,11.872496167438527,654.3305459518474,0.0,52.029468498480604,654.3305459518474,0.0,0.0,604.9792029264283
0.0,0.05819851062469866,560.8858810535248,0.0,35.50109148106618,654.3305459518474,0.0,39.2839946716716,654.3305459518474,0.0,15.364406804920447,654.3305459518474,0.0,54.59020296596734,654.3305459518474,0.0,0.0,604.9792029264283
0.0,20.712666260679338,556.5985473142042,0.0,45.23145983432952,654.3305459518474,0.0,43.057537121736814,654.3305459518474,0.0,22.69591826320413,652.0264642150515,0.0,67.54506898392466,654.3305459518474,0.0,19.455878607271515,599.4350815336999
0.0,99.2849014677746,616.0264684884239,0.0,109.43484416782269,654.3305459518474,0.0,98.29031322992947,654.3305459518474,0.0,46.798316979911334,654.3305459518474,0.0,127.99849044768816,654.3305459518474,0.0,94.54874340726684,654.3305459518474
0.0,165.3206995812391,654.3305459518474,0.0,166.66526884732053,654.3305459518474,0.0,185.08443588431604,654.3305459518474,0.0,71.69191526502878,626.0224612168762,0.0,192.1955158014978,654.3305459518474,0.0,163.15631533817165,654.3305459518474
0.0,211.68354476515694,654.3305459518474,0.0,204.41773621963972,654.3305459518474,0.0,232.01354645425718,654.3305459518474,0.0,74.78279530782132,600.8052565246975,0.0,236.66924957524805,654.3305459518474,0.0,208.8946966254415,654.3305459518474
0.0,234.26960271578025,654.3305459518474,0.0,235.2335414776661,654.3305459518474,0.0,254.6578029155052,654.3305459518474,0.0,63.63844209891317,564.4436986236107,0.0,256.82351031001593,654.3305459518474,0.0,232.7878808799855,654.3305459518474
0.0,236.6007226306099,654.3305459518474,0.0,231.52455651790908,654.3305459518474,0.0,256.9574833898875,654.3305459518474,0.0,54.60495499271787,519.0486536163286,0.0,268.29347500233666,654.3305459518474,0.0,235.51853050907621,654.3305459518474
0.0,219.87549365242918,654.3305459518474,0.0,210.95504634865645,654.3305459518474,0.0,237.4151463213856,654.3305459518474,0.0,64.52713947850735,483.57579309483594,0.0,254.43101239471974,654.3305459518474,0.0,217.48617522697475,654.3305459518474
0.0,182.32906125243153,654.3305459518474,0.0,178.12119242883102,654.3305459518474,0.0,200.18646554468876,654.3305459518474,0.0,57.15782960009276,440.7336226949287,0.0,215.6088931312488,654.3305459518474,0.0,174.3117078970334,654.3305459518474
0.0,122.54576196555874,654.3305459518474,0.0,123.76775295969237,654.3305459518474,0.0,141.86916837338705,654.3305459518474,0.0,32.8666165117161,373.6002392066448,0.0,160.46107460385815,654.3305459518474,0.0,97.752840981467,652.0833869333144
0.0,42.115854788743206,596.4464007405907,0.0,49.15937545476009,603.4899214066074,0.0,68.93432883677568,623.264874788623,0.0,26.014734249240302,299.6149734558851,0.0,88.39771184618894,642.7282577980363,0.0,22.850291433569488,574.9336783668839
0.0,2.0951463824891516,598.122517846582,0.0,14.491429145549967,615.0830647230474,0.0,34.104327226073416,650.5483365694818,0.0,33.28954807732764,326.2466119177472,0.0,55.98696722096011,654.3305459518474,0.0,3.2009180843584266,577.4944128343707
0.0,3.6665061693560155,601.0557227820668,0.0,15.71359786866864,627.6539430179823,0.0,34.4535182898216,654.3305459518474,0.0,39.633185735419794,357.953160506083,0.0,56.103364242209516,654.3305459518474,0.0,3.9574987224795093,580.6604118123543
0.0,5.063270424348783,605.1063391215458,0.0,15.364406804920447,639.9454684619187,0.0,28.575468716727045,654.3305459518474,0.0,39.92417828854328,389.89250313691764,0.0,56.6271508378318,654.3305459518474,0.0,3.084521063109029,583.1280286628415
0.0,6.401836168716853,610.2278080565193,0.0,13.56025297555479,650.7936708423625,0.0,20.136684676145737,654.3305459518474,0.0,34.744510842945104,417.6881118112737,0.0,57.09273892282938,654.3305459518474,0.0,1.9787493612397546,584.7110281518334
0.0,8.729776593704798,617.2116293314831,0.0,11.930694678063224,654.3305459518474,0.0,9.95194531682347,654.3305459518474,0.0,28.982858291099934,440.87439844415366,0.0,57.32553296532818,654.3305459518474,0.0,0.9893746806198773,585.5025278963293
0.0,12.920069358683104,627.5476848184296,0.0,9.835548295574075,654.3305459518474,0.0,4.481285318101797,654.3305459518474,0.0,23.10480871800537,459.35824541855794,0.0,57.32553296532818,654.3305459518474,0.0,0.4655880849975893,585.8749983643273
0.0,16.237384464290926,640.5375923898623,0.0,8.32238701933191,654.3305459518474,0.0,4.946873403099386,654.3305459518474,0.0,18.507126378654174,474.1639465214813,0.0,57.15093743345409,654.3305459518474,0.0,0.23279404249879465,586.0612335983263
0.0,18.216133825530683,654.3305459518474,0.0,7.798600423709622,654.3305459518474,0.0,13.443855954305391,654.3305459518474,0.0,17.575950208658995,488.2247066884085,0.0,56.918143390955294,654.3305459518474,0.0,0.05819851062469866,586.1077924068261
0.0,17.401354676784898,654.3305459518474,0.0,8.846173614954198,654.3305459518474,0.0,34.162525736698115,654.3305459518474,0.0,17.575950208658995,502.2854668553357,0.0,56.6853493484565,654.3305459518474,0.0,0.05819851062469866,586.1543512153258
0.0,16.353781485540324,654.3305459518474,0.0,9.835548295574075,654.3305459518474,0.0,34.104327226073416,654.3305459518474,0.0,20.194883186770436,518.4413734047521,0.0,56.56895232720709,654.3305459518474,0.0,0.0,586.1543512153258
0.0,16.17918595366623,654.3305459518474,0.0,9.020769146828293,654.3305459518474,0.0,24.035984888000545,654.3305459518474,0.0,26.1893297811144,539.3928372296436,0.0,56.56895232720709,654.3305459518474,0.0,0.05819851062469866,586.2009100238256
0.0,17.2849576555355,654.3305459518474,0.0,8.26418850870721,654.3305459518474,0.0,18.856317442402368,654.3305459518474,0.0,31.25260020546318,564.3949173940142,0.0,56.6271508378318,654.3305459518474,0.0,0.05819851062469866,586.2474688323254
0.0,19.147309995525863,654.3305459518474,0.0,7.682203402460224,654.3305459518474,0.0,21.126059356765616,654.3305459518474,0.0,36.83965722543426,593.8666431743616,0.0,56.4525553059577,654.3305459518474,0.0,0.05819851062469866,586.2940276408251
0.0,22.057235526760792,654.3305459518474,0.0,6.98382127496384,654.3305459518474,0.0,18.623523399903572,654.3305459518474,0.0,42.07752318165713,627.5286617196873,0.0,56.219761263458906,654.3305459518474,0.0,0.11639702124939733,586.3871452578246
0.0,28.465430675161148,654.3305459518474,0.0,9.349560120082687,638.6801060719301,0.0,20.613312111096928,649.9438580629443,0.0,59.39409800662509,654.3305459518474,0.0,58.6515584793143,654.3305459518474,0.0,10.015001926703325,571.402147184528
0.0,68.2580254091865,654.3305459518474,0.0,41.05406275770328,651.5233562780927,0.0,53.04763631666131,654.3305459518474,0.0,118.55761376711996,654.3305459518474,0.0,82.22231074028738,654.3305459518474,0.0,56.094714417609545,596.2779187186156
0.0,117.37192031268889,654.3305459518474,0.0,106.10048619054787,654.3305459518474,0.0,105.26027112306808,654.3305459518474,0.0,185.57492670109247,654.3305459518474,0.0,97.42651858211414,651.7570645339615,0.0,105.52954043425447,600.7015510660192
0.0,154.66030048043882,654.3305459518474,0.0,165.88378547742062,654.3305459518474,0.0,200.31072242605,654.3305459518474,0.0,203.3162894300704,654.3305459518474,0.0,118.79040780961876,654.3305459518474,0.0,145.86482097396757,637.3934078451932
0.0,208.7510073470596,654.3305459518474,0.0,222.4205083996922,654.3305459518474,0.0,251.8500555657243,654.3305459518474,0.0,196.78851777057892,654.3305459518474,0.0,140.3713713593985,654.3305459518474,0.0,161.56605634123932,654.3305459518474
0.0,237.6870619354586,654.3305459518474,0.0,224.39457739066188,654.3305459518474,0.0,245.94824868330912,654.3305459518474,0.0,245.59570040073413,654.3305459518474,0.0,158.25271068996136,654.3305459518474,0.0,174.47844356879565,654.3305459518474
0.0,209.42263040437874,654.3305459518474,0.0,204.6980448807797,654.3305459518474,0.0,226.43099207557117,654.3305459518474,0.0,251.89535838799688,654.3305459518474,0.0,114.55445676439771,654.3305459518474,0.0,164.01357327731844,654.3305459518474
0.0,174.6571862839847,654.3305459518474,0.0,164.8126327058405,654.3305459518474,0.0,193.0812114202353,654.3305459518474,0.0,220.96633559856286,654.3305459518474,0.0,109.22845373753107,654.3305459518474,0.0,126.69993491981955,654.3305459518474
0.0,87.14428141160792,641.4748273634553,0.0,102.5157581121521,654.3305459518474,0.0,131.03603007911113,654.3305459518474,0.0,162.77329530862244,654.3305459518474,0.0,87.88664320993365,642.2171891617811,0.0,75.00004735908148,629.3305933109289
0.0,46.370171857074546,587.8449992205299,0.0,28.67182110545276,583.0023670573001,0.0,60.20119502424408,614.5317409760914,0.0,92.62580303129815,646.9563489831455,0.0,57.90619492013188,600.123384081913,0.0,18.41298578629704,547.7435790972258
0.0,37.712634884804736,618.0151071283736,0.0,0.05819851062469866,583.0489258657999,0.0,34.33712126857221,642.0014379909492,0.0,55.579577646587225,654.3305459518474,0.0,34.104327226073416,627.4068458627717,0.0,3.1427195737337277,550.2577547562129
0.0,33.75513616232522,645.0192160582338,0.0,1.5131612762421651,584.2594548867936,0.0,30.03043148234451,654.3305459518474,0.0,54.76479849784145,654.3305459518474,0.0,26.771314887361385,648.8238977726608,0.0,4.597682339351194,553.9359006276939
0.0,30.14682850359391,654.3305459518474,0.0,6.460034679341552,589.4274826302668,0.0,24.26877893049934,654.3305459518474,0.0,54.47380594471795,654.3305459518474,0.0,19.321905527399956,654.3305459518474,0.0,4.946873403099386,557.8933993501734
0.0,27.76068956798126,654.3305459518474,0.0,10.184739359322265,597.5752741177246,0.0,20.893265314266817,654.3305459518474,0.0,54.47380594471795,654.3305459518474,0.0,13.211061911806597,654.3305459518474,0.0,4.597682339351194,561.5715452216543
0.0,24.734367015496932,654.3305459518474,0.0,10.650327444319855,606.0955360731805,0.0,16.64477403866382,654.3305459518474,0.0,54.59020296596734,654.3305459518474,0.0,7.85679893433432,654.3305459518474,0.0,3.899300211854811,564.6909853911382
0.0,24.559771483622836,654.3305459518474,0.0,10.417533401821059,614.4295627946374,0.0,11.930694678063224,654.3305459518474,0.0,54.41560743409325,654.3305459518474,0.0,4.539483828726496,654.3305459518474,0.0,3.1427195737337277,567.2051610501252
0.0,23.453999781753563,654.3305459518474,0.0,9.311761699951786,621.8789721545988,0.0,7.740401913084923,654.3305459518474,0.0,53.775423817221565,654.3305459518474,0.0,2.444337446237344,654.3305459518474,0.0,2.61893297811144,569.3003074326143
0.0,21.824441484261996,654.3305459518474,0.0,7.216615317462634,627.652264408569,0.0,4.772277871225291,654.3305459518474,0.0,53.193438710974576,654.3305459518474,0.0,1.1639702124939733,654.3305459518474,0.0,2.6771314887361384,571.4420126236032
0.0,19.96208914427164,654.3305459518474,0.0,5.470659998721674,632.0287924075463,0.0,3.9574987224795093,654.3305459518474,0.0,52.49505658347819,654.3305459518474,0.0,0.8147791487457813,654.3305459518474,0.0,2.9099255312349332,573.7699530485911
0.0,17.634148719283694,654.3305459518474,0.0,4.597682339351194,635.7069382790273,0.0,4.190292764978303,654.3305459518474,0.0,52.14586551973,654.3305459518474,0.0,1.1639702124939733,654.3305459518474,0.0,2.61893297811144,575.8650994310802
0.0,15.946391911167435,654.3305459518474,0.0,5.296064466847579,639.9437898525053,0.0,4.423086807477099,654.3305459518474,0.0,51.68027743473242,654.3305459518474,0.0,1.74595531874096,654.3305459518474,0.0,2.444337446237344,577.8205693880701
0.0,15.597200847419243,654.3305459518474,0.0,6.110843615593359,644.83246474498,0.0,4.888674892474688,654.3305459518474,0.0,51.04009381786073,654.3305459518474,0.0,1.8623523399903572,654.3305459518474,0.0,2.61893297811144,579.9157157705592
0.0,15.655399358043942,654.3305459518474,0.0,6.227240636842756,649.8142572544542,0.0,5.9362480837192635,654.3305459518474,0.0,49.468734030993865,654.3305459518474,0.0,1.4549627656174666,654.3305459518474,0.0,3.1427195737337277,582.4298914295463
0.0,15.364406804920447,654.3305459518474,0.0,7.100218296213236,654.3305459518474,0.0,7.39121084933673,654.3305459518474,0.0,45.80222786163785,654.3305459518474,0.0,0.9311761699951786,654.3305459518474,0.0,3.49191063748192,585.2234199395318
0.0,30.43331841543236,654.3305459518474,0.0,12.177707560357373,641.5082535122048,0.0,31.94029844097608,654.3305459518474,0.0,63.573529150634855,654.3305459518474,0.0,18.222670534199242,647.5532164860466,0.0,7.188355366856986,567.4117753063888
0.0,94.10655717361972,654.3305459518474,0.0,57.050971048368616,654.3305459518474,0.0,110.95454215273341,654.3305459518474,0.0,131.38054077258926,654.3305459518474,0.0,89.9682816685677,654.3305459518474,0.0,36.75991320185752,576.8197058678749
0.0,170.04096019253814,654.3305459518474,0.0,151.58399473541175,654.3305459518474,0.0,176.40049529983904,654.3305459518474,0.0,192.30741018146216,654.3305459518474,0.0,155.78700545975704,654.3305459518474,0.0,72.72394646503471,549.5436523329096
0.0,220.8850906945578,654.3305459518474,0.0,217.75658996061938,654.3305459518474,0.0,219.12509426500654,654.3305459518474,0.0,231.53373952946424,654.3305459518474,0.0,206.94420721480736,654.3305459518474,0.0,105.25576848178304,553.748267118336
0.0,238.28980259016947,654.3305459518474,0.0,236.12241658624538,654.3305459518474,0.0,242.26169788142937,654.3305459518474,0.0,254.9613356990106,654.3305459518474,0.0,229.13073545116964,654.3305459518474,0.0,127.58227331973023,575.8140857741201
0.0,231.76989079078982,654.3305459518474,0.0,243.66632199653404,654.3305459518474,0.0,243.52952488479082,654.3305459518474,0.0,258.59490154749085,654.3305459518474,0.0,231.22120146338875,654.3305459518474,0.0,136.10769355052693,604.7002406145417
0.0,186.38856042738,654.3305459518474,0.0,225.95957819784525,654.3305459518474,0.0,227.24630441127212,654.3305459518474,0.0,237.36480767087275,654.3305459518474,0.0,213.63085468594934,654.3305459518474,0.0,130.4214601099585,629.0374087025085
0.0,157.95739322453792,654.3305459518474,0.0,188.8048156519968,654.3305459518474,0.0,192.58621796217386,654.3305459518474,0.0,167.351110744435,654.3305459518474,0.0,177.95781397589565,654.3305459518474,0.0,101.88961560609071,630.5491011873811
0.0,109.50408202840097,654.3305459518474,0.0,130.67783373279286,654.3305459518474,0.0,137.55947682630267,654.3305459518474,0.0,100.84036380543273,654.3305459518474,0.0,119.99756772845394,654.3305459518474,0.0,68.12926588654022,598.6783670739213
0.0,49.37945153789188,603.7099974897393,0.0,53.99153044602348,608.3220763978709,0.0,64.2958463164369,618.6263922682842,0.0,35.026320384513454,589.3568663363609,0.0,44.80084613759119,599.1313920894386,0.0,30.32328037386646,529.0016474477877
0.0,25.607344674867413,624.1958732296332,0.0,15.073414251796954,620.3808077993084,0.0,24.908962547371026,638.5535623061811,0.0,27.12050595110958,611.0532710972485,0.0,7.9731959555837175,605.5099488539056,0.0,14.025841060552379,540.2223202962297
0.0,30.088629992969206,648.2667772240086,0.0,21.882639994886695,637.8869197952178,0.0,24.501572972998137,654.3305459518474,0.0,38.23642148042702,641.6424082815902,0.0,11.523305103690335,614.7285929368579,0.0,18.099736804281285,554.7021097396547
0.0,35.326495949192086,654.3305459518474,0.0,28.808262759225837,654.3305459518474,0.0,20.31128020801983,654.3305459518474,0.0,41.26274403291135,654.3305459518474,0.0,12.803672337433706,624.9715308068049,0.0,20.42767722926923,571.0442515230701
0.0,39.80778126729388,654.3305459518474,0.0,28.109880631729453,654.3305459518474,0.0,17.86694276178249,654.3305459518474,0.0,40.56436190541496,654.3305459518474,0.0,12.16348872056202,634.7023217832545,0.0,21.242456378015014,588.0382166254822
0.0,42.48491275603003,654.3305459518474,0.0,25.25815361111922,654.3305459518474,0.0,15.888193400542736,654.3305459518474,0.0,42.42671424540532,654.3305459518474,0.0,10.068342338072869,642.7569956537128,0.0,20.194883186770436,604.1941231748986
0.0,44.17266956414628,654.3305459518474,0.0,24.38517595174874,654.3305459518474,0.0,14.607826166799367,654.3305459518474,0.0,45.685830840388455,654.3305459518474,0.0,7.216615317462634,648.5302879076829,0.0,18.390729357404776,618.9067066608224
0.0,47.02439658475652,654.3305459518474,0.0,24.79256552612163,654.3305459518474,0.0,13.327458933055995,654.3305459518474,0.0,49.17774147787037,654.3305459518474,0.0,4.830476381849989,652.3946690131629,0.0,16.702972549288514,632.2690847002532
0.0,47.43178615912941,654.3305459518474,0.0,25.14175658986982,654.3305459518474,0.0,13.443855954305391,654.3305459518474,0.0,51.796674455981815,654.3305459518474,0.0,3.2009180843584266,654.3305459518474,0.0,15.364406804920447,644.5606101441896
0.0,45.336639776640254,654.3305459518474,0.0,25.374550632368617,654.3305459518474,0.0,12.687275316184309,654.3305459518474,0.0,52.4368580728535,654.3305459518474,0.0,2.793528509985536,654.3305459518474,0.0,12.861870848058405,654.3305459518474
0.0,44.23086807477098,654.3305459518474,0.0,24.035984888000545,654.3305459518474,0.0,10.650327444319855,654.3305459518474,0.0,53.54262977472277,654.3305459518474,0.0,3.9574987224795093,654.3305459518474,0.0,10.417533401821059,654.3305459518474
0.0,43.299691904775806,654.3305459518474,0.0,21.358853399264408,654.3305459518474,0.0,13.734848507428882,654.3305459518474,0.0,54.82299700846614,654.3305459518474,0.0,7.158416806837935,654.3305459518474,0.0,8.089592976833115,654.3305459518474
0.0,43.4160889260252,654.3305459518474,0.0,18.73992042115297,654.3305459518474,0.0,12.221687231186719,654.3305459518474,0.0,53.54262977472277,654.3305459518474,0.0,13.734848507428882,654.3305459518474,0.0,7.682203402460224,654.3305459518474
0.0,44.40546360664508,654.3305459518474,0.0,16.52837701741442,654.3305459518474,0.0,16.93576659178731,654.3305459518474,0.0,50.22531466911495,654.3305459518474,0.0,20.544074250518626,654.3305459518474,0.0,8.089592976833115,654.3305459518474
0.0,43.18329488352641,654.3305459518474,0.0,14.666024677424062,654.3305459518474,0.0,15.24800978367105,654.3305459518474,0.0,50.167116158490245,654.3305459518474,0.0,20.194883186770436,654.3305459518474,0.0,7.85679893433432,654.3305459518474
0.0,44.74211444001131,654.3305459518474,0.0,37.705130482662994,654.3305459518474,0.0,16.98928473214191,646.3198306839893,0.0,54.728678687123946,654.3305459518474,0.0,41.39053586208447,654.3305459518474,0.0,27.188420660244585,654.3305459518474
0.0,73.10404378227514,654.3305459518474,0.0,110.37255704648642,654.3305459518474,0.0,62.041824122297356,654.3305459518474,0.0,73.34301907547238,654.3305459518474,0.0,115.00803780596851,654.3305459518474,0.0,98.66193845155499,654.3305459518474
0.0,117.01619254027214,654.3305459518474,0.0,173.00608247354106,654.3305459518474,0.0,158.78471260366564,654.3305459518474,0.0,187.48761769159566,654.3305459518474,0.0,176.62860897206772,654.3305459518474,0.0,156.81567944093618,654.3305459518474
0.0,177.49469446479955,654.3305459518474,0.0,215.61110492761742,654.3305459518474,0.0,218.03468682539088,654.3305459518474,0.0,258.0032002427336,654.3305459518474,0.0,217.810108100974,654.3305459518474,0.0,196.49505664355388,654.3305459518474
0.0,227.50046623773787,654.3305459518474,0.0,237.92974990545278,654.3305459518474,0.0,233.09255908594915,654.3305459518474,0.0,281.99388230846154,654.3305459518474,0.0,243.86131761890195,654.3305459518474,0.0,221.06304344525867,654.3305459518474
0.0,191.28473972199646,654.3305459518474,0.0,239.40361188113567,654.3305459518474,0.0,211.35271972451903,654.3305459518474,0.0,285.3143769039111,654.3305459518474,0.0,248.47789916831857,654.3305459518474,0.0,224.8523056155476,654.3305459518474
0.0,143.99857822819524,654.3305459518474,0.0,216.70433639910473,654.3305459518474,0.0,192.80911807717726,654.3305459518474,0.0,269.1129345213526,654.3305459518474,0.0,227.41286235404928,654.3305459518474,0.0,211.7496031358935,654.3305459518474
0.0,111.92448443633266,654.3305459518474,0.0,169.06430347128526,654.3305459518474,0.0,178.12869683097279,654.3305459518474,0.0,232.54801694186298,654.3305459518474,0.0,172.29180289683595,654.3305459518474,0.0,182.62005380555502,654.3305459518474
0.0,80.80832588464257,635.13887183649,0.0,97.06231871408247,651.3928646659299,0.0,121.30884121568955,654.3305459518474,0.0,172.500484172044,654.3305459518474,0.0,96.42345824865407,650.7540042005014,0.0,124.78406443947459,654.3305459518474
0.0,58.12945049310542,593.2683223295954,0.0,22.194388096474103,573.587252762404,0.0,62.94906525398686,617.2796112058343,0.0,90.66127250985375,644.9918184617011,0.0,52.82738250454446,603.5813867050458,0.0,50.96052752326906,605.2910734751165
0.0,47.19899211663062,631.0275160228999,0.0,0.7565806381210826,574.1925172729009,0.0,45.220242755390856,653.4558054101469,0.0,44.81285318101797,654.3305459518474,0.0,27.41149850423307,625.5105855084323,0.0,8.32238701933191,611.948983090582
0.0,45.627632329763756,654.3305459518474,0.0,0.5237865956222879,574.6115465493987,0.0,50.98189530723602,654.3305459518474,0.0,41.78653062853363,654.3305459518474,0.0,31.136203184213784,650.4195480558034,0.0,10.01014382744817,619.9570981525405
0.0,44.81285318101797,654.3305459518474,0.0,0.05819851062469866,574.6581053578984,0.0,53.95001934909566,654.3305459518474,0.0,40.15697233104208,654.3305459518474,0.0,30.5542180779668,654.3305459518474,0.0,9.195364678702388,627.3133898955025
0.0,43.88167701102279,654.3305459518474,0.0,0.0,574.6581053578984,0.0,55.113989561589634,654.3305459518474,0.0,39.57498722479509,654.3305459518474,0.0,29.44844637609752,654.3305459518474,0.0,6.92562276433914,632.8538881069738
0.0,41.495538075410145,654.3305459518474,0.0,0.349191063748192,574.9374582088969,0.0,56.394356795333,654.3305459518474,0.0,38.58561254417521,654.3305459518474,0.0,28.284476163603546,654.3305459518474,0.0,4.248491275603002,636.2526811274563
0.0,38.469215522925815,654.3305459518474,0.0,3.4337121268572206,577.6844279103827,0.0,56.918143390955294,654.3305459518474,0.0,34.628113821695706,654.3305459518474,0.0,28.982858291099934,654.3305459518474,0.0,2.6771314887361384,638.3943863184452
0.0,34.4535182898216,654.3305459518474,0.0,7.682203402460224,583.8301906323509,0.0,57.09273892282938,654.3305459518474,0.0,35.50109148106618,654.3305459518474,0.0,31.834585311710175,654.3305459518474,0.0,2.5025359568620424,640.3964150839348
0.0,29.332049354848124,654.3305459518474,0.0,10.824922976193951,592.490129013306,0.0,57.15093743345409,654.3305459518474,0.0,37.36344382105654,654.3305459518474,0.0,36.19947360856257,654.3305459518474,0.0,2.9099255312349332,642.7243555089227
0.0,25.25815361111922,654.3305459518474,0.0,11.174114039942143,601.4294202452597,0.0,57.26733445470348,654.3305459518474,0.0,39.98237679916799,654.3305459518474,0.0,39.516788714170396,654.3305459518474,0.0,3.899300211854811,645.8437956784065
0.0,22.11543403738549,654.3305459518474,0.0,10.301136380571663,609.6703293497171,0.0,57.26733445470348,654.3305459518474,0.0,43.998074032272186,654.3305459518474,0.0,42.36851573478063,654.3305459518474,0.0,4.888674892474688,649.7547355923863
0.0,17.401354676784898,654.3305459518474,0.0,9.893746806198772,617.5853267946761,0.0,57.32553296532818,654.3305459518474,0.0,44.92925020226737,654.3305459518474,0.0,43.64888296852399,654.3305459518474,0.0,5.005071913724085,653.7587931233655
0.0,13.443855954305391,654.3305459518474,0.0,11.581503614315034,626.8505296861282,0.0,57.383731475952885,654.3305459518474,0.0,40.73895743728906,654.3305459518474,0.0,43.64888296852399,654.3305459518474,0.0,5.470659998721674,654.3305459518474
0.0,11.174114039942143,654.3305459518474,0.0,13.50205446493009,637.6521732580723,0.0,57.500128497202276,654.3305459518474,0.0,28.168079142354156,654.3305459518474,0.0,43.4160889260252,654.3305459518474,0.0,7.333012338712031,654.3305459518474
0.0,9.60275425307528,654.3305459518474,0.0,15.829994889918037,650.3161691700067,0.0,57.558327007826975,654.3305459518474,0.0,19.438302548649354,654.3305459518474,0.0,42.89230233040291,654.3305459518474,0.0,9.835548295574075,654.3305459518474
0.0,16.106946332231235,645.4374922840786,0.0,25.50048612314327,650.7165580685213,0.0,59.323181536633385,654.3305459518474,0.0,43.394365684088115,654.3305459518474,0.0,50.0492182568125,654.3305459518474,0.0,19.164708325162962,648.4952542770104
0.0,45.59672607627152,654.3305459518474,0.0,57.18140918042831,654.3305459518474,0.0,94.36389848992725,654.3305459518474,0.0,110.31736029671842,654.3305459518474,0.0,74.59044598834001,654.3305459518474,0.0,55.232598379207616,654.3305459518474
0.0,99.84480787411442,654.1753538259618,0.0,113.45071912991195,654.3305459518474,0.0,154.8298601840727,654.3305459518474,0.0,177.86631968642507,654.3305459518474,0.0,110.2792064186174,654.3305459518474,0.0,104.42209012297178,654.3305459518474
0.0,136.60790056581368,654.3305459518474,0.0,200.61593381896884,654.3305459518474,0.0,228.6077388200355,654.3305459518474,0.0,227.81221433932527,654.3305459518474,0.0,146.72454748701585,654.3305459518474,0.0,142.70938344086687,654.3305459518474
0.0,159.61706781103356,654.3305459518474,0.0,241.70143601711953,654.3305459518474,0.0,250.67787003514832,654.3305459518474,0.0,241.3442073642744,654.3305459518474,0.0,181.41289388671981,654.3305459518474,0.0,167.7554985579512,654.3305459518474
0.0,157.12707208455345,654.3305459518474,0.0,242.6797713477858,654.3305459518474,0.0,266.7125767459446,654.3305459518474,0.0,238.96742916920198,654.3305459518474,0.0,91.63960784052001,645.9701537923675,0.0,155.5225942478258,654.3305459518474
0.0,131.44545372086753,654.3305459518474,0.0,211.1184248015919,654.3305459518474,0.0,249.00583294725578,654.3305459518474,0.0,252.82839089639057,654.3305459518474,0.0,84.82870348801687,630.7988572803844,0.0,105.22265043192225,654.3305459518474
0.0,104.20819529053847,654.3305459518474,0.0,152.56047372767955,654.3305459518474,0.0,214.50780179964966,654.3305459518474,0.0,209.77985905722386,654.3305459518474,0.0,82.08233413870242,612.8811914190868,0.0,59.81306011790675,614.1436060697541
0.0,66.56426507935686,620.8948110312042,0.0,79.53449535956776,633.8650413114151,0.0,157.19877851903328,654.3305459518474,0.0,137.76851355948088,654.3305459518474,0.0,67.00556266807867,579.8867540871655,0.0,28.289511991843764,542.433118061598
0.0,19.820789391243405,540.7156004224476,0.0,40.17604927009259,574.0410905815077,0.0,85.7363000776765,640.066846029524,0.0,48.6763890401254,603.0069349919728,0.0,54.77583784779504,534.6625919349606,0.0,8.86039245474955,451.2935105163475
0.0,0.2909925531234933,540.9483944649463,0.0,22.930213186131272,592.3852611304127,0.0,53.48443126409807,654.3305459518474,0.0,18.099736804281285,617.4867244353978,0.0,52.66965211535229,576.7983136272424,0.0,3.1427195737337277,453.8076861753345
0.0,0.11639702124939733,541.0415120819458,0.0,19.089111484901164,607.6565503183336,0.0,54.00821785972036,654.3305459518474,0.0,14.957017230547557,629.4523382198358,0.0,51.56388041348302,618.0494179580288,0.0,2.444337446237344,455.76315613232435
0.0,0.05819851062469866,541.0880708904456,0.0,13.85124552867828,618.7375467412762,0.0,54.41560743409325,654.3305459518474,0.0,17.92514127240719,643.7924512377616,0.0,49.00314594599627,654.3305459518474,0.0,4.015697233104208,458.97571391880774
0.0,0.0,541.0880708904456,0.0,11.057717018692745,627.5837203562304,0.0,54.76479849784145,654.3305459518474,0.0,26.538520844862592,654.3305459518474,0.0,48.82855041412218,654.3305459518474,0.0,7.274813828087333,464.7955649812776
0.0,0.05819851062469866,541.1346296989453,0.0,10.301136380571663,635.8246294606877,0.0,55.46318062533782,654.3305459518474,0.0,30.5542180779668,654.3305459518474,0.0,51.272887860359525,654.3305459518474,0.0,9.020769146828293,472.01218029874025
0.0,0.11639702124939733,541.2277473159448,0.0,10.301136380571663,644.0655385651451,0.0,56.16156275283421,654.3305459518474,0.0,34.8609078641945,654.3305459518474,0.0,52.3786595622288,654.3305459518474,0.0,9.544555742450582,479.6478248927007
0.0,0.7565806381210826,541.8330118264417,0.0,13.443855954305391,654.3305459518474,0.0,56.56895232720709,654.3305459518474,0.0,38.64381105479991,654.3305459518474,0.0,51.73847594535711,654.3305459518474,0.0,9.893746806198772,487.5628223376597
0.0,2.2115434037385495,543.6022465494326,0.0,19.089111484901164,654.3305459518474,0.0,56.219761263458906,654.3305459518474,0.0,37.53803935293064,654.3305459518474,0.0,50.45810871161374,654.3305459518474,0.0,9.078967657452992,494.8259964636221
0.0,3.9574987224795093,546.7682455274162,0.0,27.00410892986018,654.3305459518474,0.0,55.92876871033541,654.3305459518474,0.0,40.04057530979268,654.3305459518474,0.0,49.41053552036916,654.3305459518474,0.0,8.205989998082512,501.39078846208815
0.0,5.23786595622288,550.9585382923945,0.0,34.919106374819194,654.3305459518474,0.0,55.579577646587225,654.3305459518474,0.0,44.114471053521584,654.3305459518474,0.0,48.47935935037398,654.3305459518474,0.0,8.380585529956607,508.09525688605345
0.0,5.9362480837192635,555.7075367593699,0.0,42.25211871353123,654.3305459518474,0.0,54.99759254034023,654.3305459518474,0.0,47.664580201628205,654.3305459518474,0.0,48.944947435371574,654.3305459518474,0.0,7.682203402460224,514.2410196080216
0.0,5.8198510624698665,560.3634176093458,0.0,46.61700701038363,654.3305459518474,0.0,53.600828285347475,654.3305459518474,0.0,49.81792509474205,654.3305459518474,0.0,49.81792509474205,654.3305459518474,0.0,5.8198510624698665,518.8969004579975
0.0,5.23786595622288,564.553710374324,0.0,47.7809772228776,654.3305459518474,0.0,52.3204610516041,654.3305459518474,0.0,50.39991020098904,654.3305459518474,0.0,50.34171169036434,654.3305459518474,0.0,4.946873403099386,522.854399180477
0.0,4.423086807477099,568.0921798203058,0.0,48.07196977600109,654.3305459518474,0.0,51.796674455981815,654.3305459518474,0.0,49.58513105224326,654.3305459518474,0.0,49.81792509474205,654.3305459518474,0.0,4.481285318101797,526.4394274349585
0.0,7.386530479066632,550.4787102993724,0.0,47.19431174636052,654.3305459518474,0.0,50.39991020098904,654.3305459518474,0.0,71.41460836474548,654.3305459518474,0.0,59.72756935014959,654.3305459518474,0.0,26.675673414575897,527.7799661666191
0.0,42.79215821633239,564.7124368724384,0.0,68.63847818439704,654.3305459518474,0.0,66.80588667544068,654.3305459518474,0.0,135.79408911054108,654.3305459518474,0.0,104.76288813965297,654.3305459518474,0.0,94.30959038508453,583.2276384746867
0.0,99.01898937541503,563.7314262478534,0.0,114.9856036480912,654.3305459518474,0.0,144.88109435709097,654.3305459518474,0.0,189.92259439729278,654.3305459518474,0.0,150.30309431471318,654.3305459518474,0.0,163.9490157870102,634.3868511042949
0.0,143.28032919716023,598.3556896055816,0.0,162.75307294711365,654.3305459518474,0.0,230.88551832349566,654.3305459518474,0.0,216.9270587851231,654.3305459518474,0.0,172.48494218080538,654.3305459518474,0.0,216.37086505558023,654.3305459518474
0.0,190.8889226845323,654.3305459518474,0.0,153.72744570103023,654.3305459518474,0.0,241.22295224376984,654.3305459518474,0.0,235.43286201233403,654.3305459518474,0.0,155.6118767409278,654.3305459518474,0.0,235.95100054421303,654.3305459518474
0.0,207.88942449561287,654.3305459518474,0.0,135.38519865573983,654.3305459518474,0.0,183.6118970600764,654.3305459518474,0.0,231.9613514653459,654.3305459518474,0.0,149.21940131275113,654.3305459518474,0.0,220.5171781497292,654.3305459518474
0.0,190.58538990102687,654.3305459518474,0.0,93.99598594509867,648.3265318969461,0.0,142.07802737758018,654.3305459518474,0.0,178.25595547319074,654.3305459518474,0.0,131.99714480912536,654.3305459518474,0.0,190.6656671115588,654.3305459518474
0.0,157.33946603655846,654.3305459518474,0.0,94.8390250444501,643.1655569413962,0.0,122.52147146928297,654.3305459518474,0.0,100.19964700160587,654.3305459518474,0.0,108.92191919316895,654.3305459518474,0.0,140.92412882156663,654.3305459518474
0.0,108.35768787452918,654.3305459518474,0.0,86.62817694711242,629.7937338885085,0.0,108.05026468524174,654.3305459518474,0.0,81.46422922173795,635.7947751735853,0.0,71.45258451386142,625.7831304657088,0.0,77.5293423861208,631.8598883379682
0.0,35.50630503829145,589.8368509901388,0.0,62.11838865603233,591.9121225445409,0.0,69.94542675933265,624.2759727111801,0.0,61.01747505341821,596.8122502270036,0.0,37.69073391388259,563.4738643795914,0.0,23.358358308968075,555.2182466469362
0.0,0.23279404249879465,590.0230862241378,0.0,53.54262977472277,634.7462263643191,0.0,51.62207892410771,654.3305459518474,0.0,35.03550339606859,624.8406529438585,0.0,25.31635212174392,583.7269460769866,0.0,1.2803672337433705,556.2425404339309
0.0,1.4549627656174666,591.1870564366318,0.0,53.775423817221565,654.3305459518474,0.0,50.92369679661133,654.3305459518474,0.0,24.967161057995725,644.8143817902551,0.0,22.348228079884287,601.6055285408939,0.0,1.222168723118672,557.2202754124258
0.0,5.9362480837192635,595.9360549036072,0.0,53.48443126409807,654.3305459518474,0.0,49.81792509474205,654.3305459518474,0.0,14.840620209298159,654.3305459518474,0.0,19.380104038024655,617.1096117713137,0.0,1.1639702124939733,558.151451582421
0.0,12.105290209937321,605.6202870715571,0.0,52.553255094102894,654.3305459518474,0.0,49.23593998849507,654.3305459518474,0.0,10.417533401821059,654.3305459518474,0.0,16.99396510241201,630.7047838532433,0.0,0.87297765937048,558.8498337099174
0.0,19.147309995525863,620.9381350679778,0.0,51.272887860359525,654.3305459518474,0.0,49.87612360536675,654.3305459518474,0.0,11.115915529317444,654.3305459518474,0.0,16.004590421792134,643.508456190677,0.0,0.87297765937048,559.5482158374139
0.0,20.31128020801983,637.1871592343937,0.0,50.10891764786555,654.3305459518474,0.0,50.98189530723602,654.3305459518474,0.0,16.237384464290926,654.3305459518474,0.0,14.78242169867346,654.3305459518474,0.0,0.9893746806198773,560.3397155819098
0.0,22.057235526760792,654.3305459518474,0.0,50.749101264737234,654.3305459518474,0.0,52.3204610516041,654.3305459518474,0.0,19.496501059274053,654.3305459518474,0.0,13.327458933055995,654.3305459518474,0.0,1.1057717018692748,561.2243329434052
0.0,21.999037016136093,654.3305459518474,0.0,51.214689349734826,654.3305459518474,0.0,52.49505658347819,654.3305459518474,0.0,18.623523399903572,654.3305459518474,0.0,11.290511061191541,654.3305459518474,0.0,1.3385657443680692,562.2951855388997
0.0,22.69741914363248,654.3305459518474,0.0,50.92369679661133,654.3305459518474,0.0,51.68027743473242,654.3305459518474,0.0,15.073414251796954,654.3305459518474,0.0,10.242937869946964,654.3305459518474,0.0,1.2803672337433705,563.3194793258943
0.0,21.7662429736373,654.3305459518474,0.0,50.39991020098904,654.3305459518474,0.0,51.272887860359525,654.3305459518474,0.0,14.666024677424062,654.3305459518474,0.0,9.020769146828293,654.3305459518474,0.0,0.9893746806198773,564.1109790703903
0.0,21.242456378015014,654.3305459518474,0.0,50.98189530723602,654.3305459518474,0.0,50.865498285986625,654.3305459518474,0.0,14.898818719922858,654.3305459518474,0.0,8.380585529956607,654.3305459518474,0.0,0.7565806381210826,564.7162435808872
0.0,19.72929510177285,654.3305459518474,0.0,53.193438710974576,654.3305459518474,0.0,50.10891764786555,654.3305459518474,0.0,15.18981127304635,654.3305459518474,0.0,7.85679893433432,654.3305459518474,0.0,0.8147791487457813,565.3680668998838
0.0,17.517751698034296,654.3305459518474,0.0,54.47380594471795,654.3305459518474,0.0,49.41053552036916,654.3305459518474,0.0,14.666024677424062,654.3305459518474,0.0,7.740401913084923,654.3305459518474,0.0,1.6295582974915626,566.671713537877
0.0,18.27433233615538,654.3305459518474,0.0,55.113989561589634,654.3305459518474,0.0,48.59575637162338,654.3305459518474,0.0,14.549627656174666,654.3305459518474,0.0,7.798600423709622,654.3305459518474,0.0,3.3755136162325226,569.3721244308631
0.0,24.904282177100928,654.2348281289484,0.0,60.87414123300645,654.3305459518474,0.0,51.818753155889006,654.3305459518474,0.0,22.31528775900854,651.645833710856,0.0,14.458488824674223,643.7890347765216,0.0,6.645669561169248,551.0177939920324
0.0,63.06413912379297,654.3305459518474,0.0,113.78047779663952,654.3305459518474,0.0,82.78239487561223,654.3305459518474,0.0,64.3068856663905,654.3305459518474,0.0,60.55710052564589,654.3305459518474,0.0,26.268283840203008,552.0324210641948
0.0,111.10688125571525,654.3305459518474,0.0,189.28073217100774,654.3305459518474,0.0,122.66780705055143,654.3305459518474,0.0,109.70393575002404,654.3305459518474,0.0,119.59167903450941,654.3305459518474,0.0,45.38601073367993,497.4184317978747
0.0,127.44044037974683,654.3305459518474,0.0,246.6322342420251,654.3305459518474,0.0,180.55881543741478,654.3305459518474,0.0,156.52918952909772,654.3305459518474,0.0,174.66239984120992,654.3305459518474,0.0,64.5273172074924,461.9457490053671
0.0,117.56709366404183,654.3305459518474,0.0,275.0791211650909,654.3305459518474,0.0,175.06289724894415,654.3305459518474,0.0,171.70345881090543,654.3305459518474,0.0,214.99768038092304,654.3305459518474,0.0,93.76540369896846,455.7111527043355
0.0,103.88876505782427,654.3305459518474,0.0,276.2195117972493,654.3305459518474,0.0,152.56647724939296,654.3305459518474,0.0,167.8135193395908,654.3305459518474,0.0,218.6359265996734,654.3305459518474,0.0,140.13610874299818,487.82003969873404
0.0,114.15077986682172,654.3305459518474,0.0,261.9999982657723,654.3305459518474,0.0,130.72128021666703,654.3305459518474,0.0,149.88970121862693,654.3305459518474,0.0,201.6779035789938,654.3305459518474,0.0,165.40247767219932,540.1420218364935
0.0,97.2273757764313,651.5579217282786,0.0,225.9856263520823,654.3305459518474,0.0,103.26694746406287,654.3305459518474,0.0,114.66970836318887,654.3305459518474,0.0,150.02835466876857,654.3305459518474,0.0,135.87339862759978,568.8407407385733
0.0,52.86217916381865,604.4201008920973,0.0,168.40133023856615,654.3305459518474,0.0,75.47914336793418,629.8096893197816,0.0,71.80045242616633,626.1309983780137,0.0,95.53961896831504,649.8701649201624,0.0,86.71384544385465,555.554586182428
0.0,21.263034197493866,525.6831350895911,0.0,93.00175316522363,647.332299117071,0.0,53.80068200697051,583.6103713267521,0.0,26.17696727971751,552.3079656577312,0.0,28.681181845992953,578.5513467661553,0.0,32.55072122681377,488.1053074092418
0.0,17.459553187409597,539.6507776395188,0.0,54.124614880969766,654.3305459518474,0.0,45.27844126601556,619.8331243395645,0.0,7.798600423709622,558.5468459966988,0.0,5.121468934973482,582.6485219141341,0.0,0.2909925531234933,488.33810145174056
0.0,21.358853399264408,556.7378603589303,0.0,52.84424764722639,654.3305459518474,0.0,42.019324671032436,653.4485840763905,0.0,6.576431700590949,563.8079913571715,0.0,5.761652551845168,587.2578439556103,0.0,0.05819851062469866,488.3846602602403
0.0,27.993483610480055,579.1326472473144,0.0,51.971269987855905,654.3305459518474,0.0,41.43733956478545,654.3305459518474,0.0,6.343637658092154,568.8829014836452,0.0,5.9362480837192635,592.0068424225857,0.0,0.0,488.3846602602403
0.0,36.60686318293546,608.4181377936627,0.0,51.04009381786073,654.3305459518474,0.0,41.495538075410145,654.3305459518474,0.0,6.576431700590949,574.144046844118,0.0,6.460034679341552,597.1748701660589,0.0,0.0,488.3846602602403
0.0,38.12002445917762,638.9141573610048,0.0,50.167116158490245,654.3305459518474,0.0,40.21517084166677,654.3305459518474,0.0,5.528858509346373,578.5671336515951,0.0,6.227240636842756,602.1566626755331,0.0,0.2909925531234933,488.6174543027391
0.0,35.908481055439076,654.3305459518474,0.0,49.35233700974447,654.3305459518474,0.0,39.4585902035457,654.3305459518474,0.0,3.7829031906054134,581.5934562040794,0.0,6.576431700590949,607.4178080360058,0.0,1.5713597868668638,489.8745421322326
0.0,30.437821056717404,654.3305459518474,0.0,47.839175733502294,654.3305459518474,0.0,38.58561254417521,654.3305459518474,0.0,2.15334489311385,583.3161321185705,0.0,6.867424253714441,612.9117474389774,0.0,3.608307658731317,492.76118825921765
0.0,26.1311312704897,654.3305459518474,0.0,45.860426372262545,654.3305459518474,0.0,37.36344382105654,654.3305459518474,0.0,1.1639702124939733,584.2473082885657,0.0,6.692828721840346,618.2660104164497,0.0,5.878049573094565,497.4636279176933
0.0,23.744992334877054,654.3305459518474,0.0,42.310317224155924,654.3305459518474,0.0,36.31587062981197,654.3305459518474,0.0,0.6401836168716852,584.7594551820631,0.0,5.9362480837192635,623.0150088834251,0.0,7.565806381210827,503.51627302266195
0.0,20.07848616552104,654.3305459518474,0.0,39.691384246044485,654.3305459518474,0.0,36.72326020418486,654.3305459518474,0.0,0.5819851062469866,585.2250432670606,0.0,5.7034540412204695,627.5777721164015,0.0,9.13716616807769,510.8260059571241
0.0,18.332530846780077,654.3305459518474,0.0,36.54866467231076,654.3305459518474,0.0,37.770833395429435,654.3305459518474,0.0,0.7565806381210826,585.8303077775576,0.0,5.412461488096976,631.9077413068791,0.0,10.592128933695157,519.2997091040802
0.0,17.75054574053309,654.3305459518474,0.0,33.40594509857703,654.3305459518474,0.0,38.17822296980233,654.3305459518474,0.0,1.222168723118672,586.8080427560525,0.0,5.23786595622288,636.0980340718573,0.0,11.057717018692745,528.1458827190344
0.0,17.110362123661407,654.3305459518474,0.0,31.36899722671258,654.3305459518474,0.0,39.57498722479509,654.3305459518474,0.0,2.2115434037385495,588.5772774790433,0.0,5.412461488096976,640.4280032623349,0.0,10.824922976193951,536.8058210999895
0.0,19.321905527399956,654.3305459518474,0.0,28.400873184852944,654.3305459518474,0.0,40.273369352291475,654.3305459518474,0.0,3.4337121268572206,591.3242471805291,0.0,5.412461488096976,644.7579724528124,0.0,11.290511061191541,545.8382299489427
0.0,16.290902604645527,645.621448556493,0.0,43.79857576861925,654.3305459518474,0.0,59.2369008043881,654.3305459518474,0.0,6.296478497421056,572.6207256779502,0.0,18.549782898040235,638.3077553508526,0.0,35.882077443231886,554.5438919035282
0.0,40.693832344001486,654.3305459518474,0.0,104.11988049090965,654.3305459518474,0.0,116.58054301529361,654.3305459518474,0.0,29.848331548328677,576.4993909166132,0.0,63.79113665986512,654.3305459518474,0.0,104.19865682101322,617.9028173603388
0.0,89.58915204480044,643.9196979966479,0.0,169.86468605125063,654.3305459518474,0.0,183.3697422770374,654.3305459518474,0.0,75.2296619117385,551.7290528283517,0.0,110.34747658572253,654.3305459518474,0.0,175.2112668975961,654.3305459518474
0.0,168.10000925142927,654.3305459518474,0.0,210.95972671892653,654.3305459518474,0.0,224.408085314517,654.3305459518474,0.0,116.13906769758675,564.640306986421,0.0,172.33763890606375,654.3305459518474,0.0,203.41900079847963,654.3305459518474
0.0,223.6991970240222,654.3305459518474,0.0,246.63594691882201,654.3305459518474,0.0,252.16913034046834,654.3305459518474,0.0,146.07553631655915,601.5007360396684,0.0,199.69447384748395,654.3305459518474,0.0,204.48697408021803,654.3305459518474
0.0,235.42871482901907,654.3305459518474,0.0,251.65055730207132,654.3305459518474,0.0,253.90722579909746,654.3305459518474,0.0,158.70479085110384,648.4645687205515,0.0,218.5840870687322,654.3305459518474,0.0,198.55372775735543,654.3305459518474
0.0,208.148977608289,654.3305459518474,0.0,234.23798554634783,654.3305459518474,0.0,183.3098651569993,654.3305459518474,0.0,148.1235235383772,654.3305459518474,0.0,211.60644704446682,654.3305459518474,0.0,233.37419089853245,654.3305459518474
0.0,143.78053621244698,654.3305459518474,0.0,195.08089405892403,654.3305459518474,0.0,158.71043891484712,654.3305459518474,0.0,131.18122023792137,654.3305459518474,0.0,177.22163342826832,654.3305459518474,0.0,211.71930911790434,654.3305459518474
0.0,70.47928501143537,624.8098309632828,0.0,131.07268307678382,654.3305459518474,0.0,138.50901901940813,654.3305459518474,0.0,80.88913628212963,635.219682233977,0.0,119.16070987980099,654.3305459518474,0.0,155.95170706413577,654.3305459518474
0.0,21.8859972137135,546.6958281769963,0.0,49.172093414127104,603.5026393659745,0.0,76.69195135051265,631.0224973023601,0.0,31.388251894748144,566.6079341287251,0.0,41.62818800383842,595.9587339556858,0.0,68.54884023332494,622.8793861851723
0.0,5.8198510624698665,551.3517090269722,0.0,4.423086807477099,607.0411088119562,0.0,40.56436190541496,654.3305459518474,0.0,5.412461488096976,570.9379033192026,0.0,4.888674892474688,599.8696738696656,0.0,40.21517084166677,654.3305459518474
0.0,3.2009180843584266,553.912443494459,0.0,5.9944465943439615,611.8366660874314,0.0,34.97730488544389,654.3305459518474,0.0,7.274813828087333,576.7577543816725,0.0,5.23786595622288,604.0599666346438,0.0,41.78653062853363,654.3305459518474
0.0,0.8147791487457813,554.5642668134557,0.0,6.110843615593359,616.725340979906,0.0,23.919587866751147,654.3305459518474,0.0,8.962570636203594,583.9278108906353,0.0,4.830476381849989,607.9243477401238,0.0,43.5324859472746,654.3305459518474
0.0,0.0,554.5642668134557,0.0,5.9944465943439615,621.5208982553812,0.0,16.470178506789722,654.3305459518474,0.0,9.544555742450582,591.5634554845958,0.0,3.4337121268572206,610.6713174416096,0.0,43.998074032272186,654.3305459518474
0.0,0.0,554.5642668134557,0.0,5.179667445598181,625.6646322118597,0.0,10.88312148681865,654.3305459518474,0.0,9.660952763699978,599.2922176955558,0.0,2.61893297811144,612.7664638240988,0.0,43.299691904775806,654.3305459518474
0.0,0.174595531874096,554.7039432389549,0.0,7.216615317462634,631.4379244658298,0.0,6.809225743089744,654.3305459518474,0.0,8.6133795724554,606.1829213535201,0.0,2.3861389356126455,614.6753749725889,0.0,40.50616339479026,654.3305459518474
0.0,1.5713597868668638,555.9610310684484,0.0,15.829994889918037,644.1019203777643,0.0,3.550109148106618,654.3305459518474,0.0,7.100218296213236,611.8630959904907,0.0,2.5025359568620424,616.6774037380785,0.0,38.06182594855293,654.3305459518474
0.0,3.317315105607824,558.6148831529347,0.0,16.17918595366623,654.3305459518474,0.0,1.396764254992768,654.3305459518474,0.0,5.878049573094565,616.5655356489664,0.0,3.0263225524843302,619.0984617800659,0.0,37.94542892730353,654.3305459518474
0.0,2.3861389356126455,560.5237943014248,0.0,16.17918595366623,654.3305459518474,0.0,0.23279404249879465,654.3305459518474,0.0,4.888674892474688,620.4764755629461,0.0,3.550109148106618,621.9385490985512,0.0,37.88723041667883,654.3305459518474
0.0,1.9787493612397546,562.1067937904166,0.0,13.269260422431296,654.3305459518474,0.0,0.0,654.3305459518474,0.0,3.2009180843584266,623.0372100304329,0.0,4.132094254353605,625.2442245020341,0.0,38.35281850167642,654.3305459518474
0.0,2.444337446237344,564.0622637474065,0.0,16.819369570537912,654.3305459518474,0.0,0.0,654.3305459518474,0.0,1.920550850615056,624.573650710925,0.0,4.539483828726496,628.8758115650153,0.0,37.130649778557746,654.3305459518474
0.0,4.655880849975893,567.7869684273873,0.0,20.42767722926923,654.3305459518474,0.0,0.0,654.3305459518474,0.0,1.3385657443680692,625.6445033064194,0.0,4.539483828726496,632.5073986279965,0.0,32.35837190733246,654.3305459518474
0.0,7.565806381210827,573.8396135323559,0.0,26.771314887361385,654.3305459518474,0.0,0.0,654.3305459518474,0.0,1.1057717018692748,626.5291206679149,0.0,4.3066897862277,635.9527504569787,0.0,30.96160765233969,654.3305459518474
0.0,10.126540848697566,581.9408462113139,0.0,34.8609078641945,654.3305459518474,0.0,0.23279404249879465,654.3305459518474,0.0,0.8147791487457813,627.1809439869115,0.0,3.4337121268572206,638.6997201584645,0.0,29.85583595047041,654.3305459518474
0.0,22.000715625549496,578.9415618368633,0.0,38.313519201117174,654.3305459518474,0.0,8.44046264999471,637.7710086018421,0.0,19.52979683811991,621.7107408250314,0.0,9.445557050838287,623.1452772093028,0.0,50.33570816865095,654.3305459518474
0.0,42.41285086358009,592.8718425277274,0.0,61.10561212406196,654.3305459518474,0.0,45.145356831069286,653.8872940666976,0.0,68.39835746874157,654.3305459518474,0.0,44.012826059022714,638.3555380565209,0.0,102.33294726219604,654.3305459518474
0.0,78.45212550904895,571.3239680367764,0.0,89.77107424983122,644.1016202016787,0.0,90.32533259242773,644.2126266591252,0.0,127.0412661234559,654.3305459518474,0.0,74.70905480595798,613.0645928624789,0.0,165.43206077424827,654.3305459518474
0.0,101.60745060655225,572.6099285220182,0.0,110.2792064186174,652.3249853365726,0.0,144.08892709520757,654.3305459518474,0.0,161.45751918010174,654.3305459518474,0.0,109.8001104097647,620.9046811902906,0.0,215.84522212155952,654.3305459518474
0.0,163.02030819091658,623.0261750747514,0.0,130.1203959003546,654.3305459518474,0.0,184.3502894040723,654.3305459518474,0.0,195.69917670487354,654.3305459518474,0.0,151.26792172152435,654.3305459518474,0.0,239.31997745177696,654.3305459518474
0.0,249.38814206086477,654.3305459518474,0.0,115.80806492796378,654.3305459518474,0.0,195.1407711789621,654.3305459518474,0.0,192.8521300545334,654.3305459518474,0.0,179.25708041970444,654.3305459518474,0.0,236.92279916621072,654.3305459518474
0.0,211.40288064604684,654.3305459518474,0.0,88.56762700779294,642.8981729596403,0.0,195.98230939788516,654.3305459518474,0.0,184.66018116726121,654.3305459518474,0.0,175.44423866907997,654.3305459518474,0.0,213.38198546525672,654.3305459518474
0.0,141.89557198559424,654.3305459518474,0.0,78.40160912955106,621.2997820891914,0.0,172.03092663271653,654.3305459518474,0.0,145.40709274908184,654.3305459518474,0.0,167.93495218908043,654.3305459518474,0.0,154.65579783915376,654.3305459518474
0.0,94.47411426047819,648.8046602123256,0.0,61.195072346149,582.4948544353404,0.0,111.2739723854476,654.3305459518474,0.0,100.46777089033405,654.3305459518474,0.0,111.61530358908395,654.3305459518474,0.0,80.56502567914532,634.8955716309927
0.0,62.91594720412606,611.7206074164517,0.0,51.796674455981815,534.2915288913222,0.0,42.4493261322677,596.7798720841151,0.0,35.39776787715391,589.7283138290013,0.0,42.84099598641689,597.1715419382643,0.0,29.33240481281824,564.2279764438109
0.0,40.85535445853846,644.4048909832825,0.0,52.727850625976984,576.4738093921037,0.0,1.8041538293656585,598.2231951476076,0.0,1.6295582974915626,591.0319604669945,0.0,1.0475731912445758,598.00960049126,0.0,0.9893746806198773,565.0194761883068
0.0,36.37406914043667,654.3305459518474,0.0,53.077041689725185,618.9354427438839,0.0,3.317315105607824,600.8770472320939,0.0,2.6771314887361384,593.1736656579834,0.0,1.9787493612397546,599.5925999802519,0.0,0.05819851062469866,565.0660349968066
0.0,38.58561254417521,654.3305459518474,0.0,52.553255094102894,654.3305459518474,0.0,4.3066897862277,604.3223990610761,0.0,1.9787493612397546,594.7566651469753,0.0,2.444337446237344,601.5480699372417,0.0,0.23279404249879465,565.2522702308056
0.0,37.65443637418004,654.3305459518474,0.0,51.68027743473242,654.3305459518474,0.0,5.005071913724085,608.3264565920554,0.0,0.7565806381210826,595.3619296574722,0.0,3.317315105607824,604.201922021728,0.0,4.073895743728906,568.5113868257887
0.0,29.56484339734692,654.3305459518474,0.0,51.272887860359525,654.3305459518474,0.0,4.597682339351194,612.0046024635363,0.0,0.174595531874096,595.5016060829714,0.0,3.9574987224795093,607.3679209997116,0.0,9.311761699951786,575.9607961857502
0.0,25.432749142993313,654.3305459518474,0.0,51.214689349734826,654.3305459518474,0.0,3.084521063109029,614.4722193140236,0.0,0.0,595.5016060829714,0.0,4.3066897862277,610.8132728286938,0.0,13.0946648905572,586.4365280981959
0.0,27.586094036107163,654.3305459518474,0.0,50.51630722223844,654.3305459518474,0.0,1.9787493612397546,616.0552188030155,0.0,0.0,595.5016060829714,0.0,5.121468934973482,614.9104479766726,0.0,14.607826166799367,598.1227890316354
0.0,38.87660509729871,654.3305459518474,0.0,49.643329562867955,654.3305459518474,0.0,1.5131612762421651,617.2657478240092,0.0,0.0,595.5016060829714,0.0,7.740401913084923,621.1027695071405,0.0,13.269260422431296,608.7381973695805
0.0,45.56943381913906,654.3305459518474,0.0,51.44748339223362,654.3305459518474,0.0,1.5131612762421651,618.4762768450029,0.0,0.0,595.5016060829714,0.0,11.697900635564432,630.461090015592,0.0,10.417533401821059,617.0722240910374
0.0,48.24656530787519,654.3305459518474,0.0,53.42623275347337,654.3305459518474,0.0,1.74595531874096,619.8730410999956,0.0,0.0,595.5016060829714,0.0,13.50205446493009,641.2627335875361,0.0,7.39121084933673,622.9851927705067
0.0,47.839175733502294,654.3305459518474,0.0,53.54262977472277,654.3305459518474,0.0,2.2115434037385495,621.6422758229864,0.0,0.0,595.5016060829714,0.0,10.47573191244576,649.6433191174928,0.0,5.878049573094565,627.6876324289824
0.0,46.73340403163303,654.3305459518474,0.0,53.42623275347337,654.3305459518474,0.0,2.735329999360837,623.8305398224751,0.0,0.0,595.5016060829714,0.0,6.634630211215648,654.3305459518474,0.0,4.888674892474688,631.5985723429621
0.0,50.39991020098904,654.3305459518474,0.0,53.135240200349884,654.3305459518474,0.0,3.1427195737337277,626.3447154814621,0.0,0.0,595.5016060829714,0.0,5.7034540412204695,654.3305459518474,0.0,7.042019785588539,637.232188171433
0.0,54.59020296596734,654.3305459518474,0.0,51.73847594535711,654.3305459518474,0.0,4.073895743728906,629.6038320764452,0.0,0.0,595.5016060829714,0.0,6.692828721840346,654.3305459518474,0.0,10.068342338072869,645.2868620418913
0.0,55.579577646587225,654.3305459518474,0.0,50.81047926520368,654.3305459518474,0.0,42.109495809059695,643.291428723693,0.0,23.551853050907624,594.0534591338791,0.0,37.7696879729712,654.3305459518474,0.0,16.995643711825416,637.2825057537167
0.0,60.81594272238175,654.3305459518474,0.0,67.87553856659245,654.3305459518474,0.0,112.89249133298557,654.3305459518474,0.0,91.13543137090342,646.9618042306018,0.0,109.83305073064044,654.3305459518474,0.0,49.35604968654138,654.3305459518474
0.0,71.87851784032966,626.2090637921771,0.0,100.23126417103833,654.3305459518474,0.0,176.44933306992354,654.3305459518474,0.0,156.67102246908115,654.3305459518474,0.0,164.806273726157,654.3305459518474,0.0,106.33478111347499,654.3305459518474
0.0,95.90381883634672,622.1128826285237,0.0,134.6789566681316,654.3305459518474,0.0,216.43542254588846,654.3305459518474,0.0,205.4813845890781,654.3305459518474,0.0,177.6022639324639,654.3305459518474,0.0,149.03580049830694,654.3305459518474
0.0,98.29313726180112,620.4060198903248,0.0,144.3573077614687,654.3305459518474,0.0,228.94042019907187,654.3305459518474,0.0,218.45197032725912,654.3305459518474,0.0,163.71622174451142,654.3305459518474,0.0,117.65222897382891,654.3305459518474
0.0,95.90381883634672,616.3098387266716,0.0,135.0060690319726,654.3305459518474,0.0,211.5750076040194,654.3305459518474,0.0,228.35057523271306,654.3305459518474,0.0,137.57369566609802,654.3305459518474,0.0,87.59150347349524,641.9220494253426
0.0,106.93495451384722,621.8578023377494,0.0,129.78542367640176,654.3305459518474,0.0,182.32906125243153,654.3305459518474,0.0,215.37998949453203,654.3305459518474,0.0,117.9321821769988,654.3305459518474,0.0,97.41619014810077,639.3382395734434
0.0,94.87196536532583,616.7297677030753,0.0,121.17822535464481,654.3305459518474,0.0,118.50012617243549,654.3305459518474,0.0,182.67039245606784,654.3305459518474,0.0,97.48374939926566,651.8142953511131,0.0,115.68919933281286,651.8895990396936
0.0,77.23913979748544,593.9689075005607,0.0,81.6373238731837,635.9678698250311,0.0,57.359361931129214,611.6899078829766,0.0,125.21821308402477,654.3305459518474,0.0,64.3242839960276,616.1385793471406,0.0,90.07045985002173,641.9600588897154
0.0,60.79704351231631,554.765951012877,0.0,52.36779794126025,588.3356677662914,0.0,19.201005864865515,530.8909137478422,0.0,47.23582284328834,601.5663687951358,0.0,29.621718756528328,545.760298103669,0.0,23.79868820421671,565.758747093932
0.0,57.20913594407879,600.53325976814,0.0,42.54311126665472,622.3701567796152,0.0,8.555181061830703,537.7350585973068,0.0,2.2115434037385495,603.3356035181266,0.0,19.089111484901164,561.03158729159,0.0,12.687275316184309,575.9085673468794
0.0,57.09273892282938,646.2074509064036,0.0,42.42671424540532,654.3305459518474,0.0,11.697900635564432,547.0933791057583,0.0,3.9574987224795093,606.5016024961102,0.0,29.44844637609752,584.590344392468,0.0,20.660471271768024,592.4369443642938
0.0,57.034540412204684,654.3305459518474,0.0,41.90292764978304,654.3305459518474,0.0,12.338084252436117,556.9638465077072,0.0,4.3066897862277,609.9469543250924,0.0,37.130649778557746,614.2948642153142,0.0,29.15745382297403,615.762907422673
0.0,57.034540412204684,654.3305459518474,0.0,39.633185735419794,654.3305459518474,0.0,12.279885741811418,566.7877551011563,0.0,4.3066897862277,613.3923061540746,0.0,39.516788714170396,645.9082951866505,0.0,32.940357013579444,642.1151930335366
0.0,56.97634190157999,654.3305459518474,0.0,37.130649778557746,654.3305459518474,0.0,11.232312550566842,575.7736051416098,0.0,4.481285318101797,616.9773344085561,0.0,38.23642148042702,654.3305459518474,0.0,31.194401694838486,654.3305459518474
0.0,56.918143390955294,654.3305459518474,0.0,35.966679566063775,654.3305459518474,0.0,9.835548295574075,583.642043778069,0.0,4.772277871225291,620.7951567055363,0.0,39.3421931822963,654.3305459518474,0.0,27.469697014857765,654.3305459518474
0.0,56.80174636970589,654.3305459518474,0.0,35.79208403418968,654.3305459518474,0.0,10.359334891196362,591.9295116910262,0.0,5.354262977472277,625.0785670875141,0.0,41.90292764978304,654.3305459518474,0.0,24.734367015496932,654.3305459518474
0.0,56.80174636970589,654.3305459518474,0.0,37.47984084230594,654.3305459518474,0.0,10.242937869946964,600.1238619869837,0.0,6.227240636842756,630.0603595969883,0.0,44.92925020226737,654.3305459518474,0.0,22.75561765425718,654.3305459518474
0.0,56.80174636970589,654.3305459518474,0.0,37.42164233168124,654.3305459518474,0.0,9.078967657452992,607.3870361129461,0.0,6.92562276433914,635.6008578084596,0.0,45.51123530851436,654.3305459518474,0.0,19.67109659114815,654.3305459518474
0.0,56.7435478590812,654.3305459518474,0.0,36.83965722543426,654.3305459518474,0.0,8.32238701933191,614.0449457284117,0.0,7.333012338712031,641.4672676794293,0.0,43.12509637290171,654.3305459518474,0.0,18.099736804281285,654.3305459518474
0.0,56.56895232720709,654.3305459518474,0.0,37.712634884804736,654.3305459518474,0.0,8.205989998082512,620.6097377268777,0.0,7.740401913084923,647.6595892098971,0.0,38.76020807604931,654.3305459518474,0.0,16.819369570537912,654.3305459518474
0.0,56.2779597740836,654.3305459518474,0.0,38.23642148042702,654.3305459518474,0.0,8.205989998082512,627.1745297253437,0.0,7.274813828087333,653.479440272367,0.0,34.51171680044631,654.3305459518474,0.0,13.56025297555479,654.3305459518474
0.0,56.0451657315848,654.3305459518474,0.0,39.2257961610469,654.3305459518474,0.0,8.729776593704798,634.1583510003076,0.0,7.158416806837935,654.3305459518474,0.0,29.681240418596317,654.3305459518474,0.0,14.258635103051171,654.3305459518474
0.0,55.695974667836616,654.3305459518474,0.0,40.447964884165565,654.3305459518474,0.0,10.242937869946964,642.3527012962651,0.0,7.740401913084923,654.3305459518474,0.0,24.38517595174874,654.3305459518474,0.0,15.888193400542736,654.3305459518474
0.0,55.172188072214325,654.3305459518474,0.0,47.15819193564302,654.3305459518474,0.0,45.804261929021365,654.3305459518474,0.0,43.786213267222365,654.3305459518474,0.0,27.469697014857765,654.3305459518474,0.0,24.246877959577198,653.5774239114246
0.0,71.20689478301057,654.3305459518474,0.0,87.31419657321192,654.3305459518474,0.0,118.75950155612652,654.3305459518474,0.0,110.89316415226696,654.3305459518474,0.0,40.89633236851111,654.3305459518474,0.0,78.10964888295439,654.3305459518474
0.0,87.88178511067849,642.2123310625259,0.0,155.97996701474142,654.3305459518474,0.0,181.8004165575541,654.3305459518474,0.0,174.6717605817501,654.3305459518474,0.0,64.40720750944608,618.7377534612934,0.0,158.50025675921069,654.3305459518474
0.0,98.99469887913924,641.2070299416652,0.0,222.4592745132963,654.3305459518474,0.0,222.7884209445208,654.3305459518474,0.0,201.50162943770636,654.3305459518474,0.0,125.46451505037871,639.1093655015964,0.0,217.7833490307967,654.3305459518474
0.0,105.3289757966912,645.4702105790182,0.0,236.6866479048851,654.3305459518474,0.0,200.2180827141212,654.3305459518474,0.0,191.1531561674785,654.3305459518474,0.0,214.58489952033983,654.3305459518474,0.0,236.36624997869777,654.3305459518474
0.0,127.07349552839142,654.3305459518474,0.0,226.19819803307234,654.3305459518474,0.0,162.45775548169019,654.3305459518474,0.0,174.56004393077083,654.3305459518474,0.0,233.7466060846461,654.3305459518474,0.0,237.19206847739713,654.3305459518474
0.0,159.3914227127064,654.3305459518474,0.0,195.10561906171782,654.3305459518474,0.0,143.97085146454475,654.3305459518474,0.0,159.5650505511073,654.3305459518474,0.0,212.70046848044228,654.3305459518474,0.0,215.69924199826116,654.3305459518474
0.0,163.82872835997884,654.3305459518474,0.0,162.3992015130954,654.3305459518474,0.0,128.0211023345505,654.3305459518474,0.0,125.07169977377129,654.3305459518474,0.0,153.4755747194809,654.3305459518474,0.0,181.01089559855723,654.3305459518474
0.0,139.9355441054349,654.3305459518474,0.0,106.76071443994323,654.3305459518474,0.0,130.6856935929047,654.3305459518474,0.0,73.562127465131,627.8926734169784,0.0,106.0651563443185,654.3305459518474,0.0,120.62989148521379,654.3305459518474
0.0,88.73586355998353,643.0664095118309,0.0,43.480824145318465,597.8113700971659,0.0,58.42883609329593,612.7593820451433,0.0,39.11125547819596,567.0039288951743,0.0,68.82075584739793,623.1513017992453,0.0,44.621570235446995,598.9521161872945
0.0,57.67472402907638,654.3305459518474,0.0,24.210580419874642,617.1798344330656,0.0,15.946391911167435,625.5164955740772,0.0,21.7662429736373,584.4169232740842,0.0,50.167116158490245,654.3305459518474,0.0,0.9311761699951786,599.6970571232906
0.0,57.15093743345409,654.3305459518474,0.0,23.977786377375846,636.3620635349663,0.0,26.48032233423789,646.7007534414676,0.0,23.919587866751147,603.5525935674851,0.0,46.84980105288243,654.3305459518474,0.0,0.349191063748192,599.9764099742891
0.0,56.219761263458906,654.3305459518474,0.0,22.057235526760792,654.0078519563749,0.0,39.1093991397975,654.3305459518474,0.0,26.1893297811144,624.5040573923767,0.0,43.4742874366499,654.3305459518474,0.0,0.05819851062469866,600.0229687827889
0.0,54.93939402971553,654.3305459518474,0.0,20.31128020801983,654.3305459518474,0.0,42.717706798528816,654.3305459518474,0.0,26.014734249240302,645.315844791769,0.0,40.68075892666436,654.3305459518474,0.0,0.23279404249879465,600.2092040167879
0.0,53.95001934909566,654.3305459518474,0.0,18.507126378654174,654.3305459518474,0.0,37.30524531043184,654.3305459518474,0.0,22.057235526760792,654.3305459518474,0.0,37.130649778557746,654.3305459518474,0.0,1.4549627656174666,601.3731742292819
0.0,53.42623275347337,654.3305459518474,0.0,16.93576659178731,654.3305459518474,0.0,31.834585311710175,654.3305459518474,0.0,18.623523399903572,654.3305459518474,0.0,35.67568701294028,654.3305459518474,0.0,3.0263225524843302,603.7942322712693
0.0,52.49505658347819,654.3305459518474,0.0,15.306208294295748,654.3305459518474,0.0,31.42719573733728,654.3305459518474,0.0,18.390729357404776,654.3305459518474,0.0,33.05675403482884,654.3305459518474,0.0,3.7829031906054134,606.8205548237536
0.0,50.92369679661133,654.3305459518474,0.0,13.85124552867828,654.3305459518474,0.0,34.39531977919691,654.3305459518474,0.0,18.216133825530683,654.3305459518474,0.0,26.363925312988492,654.3305459518474,0.0,4.015697233104208,610.0331126102369
0.0,48.82855041412218,654.3305459518474,0.0,11.872496167438527,654.3305459518474,0.0,35.79208403418968,654.3305459518474,0.0,16.17918595366623,654.3305459518474,0.0,23.57039680300296,654.3305459518474,0.0,4.190292764978303,613.3853468222195
0.0,46.73340403163303,654.3305459518474,0.0,9.893746806198772,654.3305459518474,0.0,35.50109148106618,654.3305459518474,0.0,14.025841060552379,654.3305459518474,0.0,22.69741914363248,654.3305459518474,0.0,4.364888296852399,616.8772574597015
0.0,45.04564722351677,654.3305459518474,0.0,8.729776593704798,654.3305459518474,0.0,32.125577864833666,654.3305459518474,0.0,13.56025297555479,654.3305459518474,0.0,24.152381909249943,654.3305459518474,0.0,4.539483828726496,620.5088445226827
0.0,43.64888296852399,654.3305459518474,0.0,7.85679893433432,654.3305459518474,0.0,28.808262759225837,654.3305459518474,0.0,15.480803826169845,654.3305459518474,0.0,26.596719355487288,654.3305459518474,0.0,4.830476381849989,624.3732256281627
0.0,41.32094254353605,654.3305459518474,0.0,7.624004891835525,654.3305459518474,0.0,28.750064248601138,654.3305459518474,0.0,17.575950208658995,654.3305459518474,0.0,27.93528509985536,654.3305459518474,0.0,4.888674892474688,628.2841655421424
0.0,37.188848289182445,654.3305459518474,0.0,7.624004891835525,654.3305459518474,0.0,26.014734249240302,654.3305459518474,0.0,19.61289808052345,654.3305459518474,0.0,26.072932759865,654.3305459518474,0.0,5.121468934973482,632.3813406901212
0.0,35.11260111675874,654.3305459518474,0.0,33.55731650808569,654.3305459518474,0.0,71.80327645803797,654.3305459518474,0.0,42.94767680915598,654.3305459518474,0.0,32.02975866306312,654.3305459518474,0.0,19.10818842395167,626.4895291140729
0.0,51.81743000444572,654.3305459518474,0.0,77.55760233672646,654.3305459518474,0.0,152.2629444658875,654.3305459518474,0.0,92.97870677184326,654.3305459518474,0.0,60.46728484558873,654.3305459518474,0.0,63.94215261140366,654.3305459518474
0.0,95.95451294482969,650.2850588966771,0.0,142.15415740479716,654.3305459518474,0.0,218.6022753628574,654.3305459518474,0.0,144.8720890745209,654.3305459518474,0.0,154.54258030774614,654.3305459518474,0.0,133.42588169152071,654.3305459518474
0.0,154.93239382349685,654.3305459518474,0.0,177.819338254739,654.3305459518474,0.0,262.20771184750726,654.3305459518474,0.0,188.91953406383274,654.3305459518474,0.0,213.34586565453918,654.3305459518474,0.0,194.06643891754024,654.3305459518474
0.0,177.3028783322734,654.3305459518474,0.0,196.91816593815045,654.3305459518474,0.0,284.0764884605687,654.3305459518474,0.0,143.55074393080486,654.3305459518474,0.0,178.5001443236132,654.3305459518474,0.0,225.01904128730988,654.3305459518474
0.0,144.47838515298818,654.3305459518474,0.0,202.93787072224336,654.3305459518474,0.0,287.4709012868667,654.3305459518474,0.0,91.15715461284049,645.4877005646879,0.0,167.41866999559988,654.3305459518474,0.0,233.66085853935598,654.3305459518474
0.0,112.21547698945615,654.3305459518474,0.0,193.48913418156334,654.3305459518474,0.0,267.6547922658934,654.3305459518474,0.0,78.48074091762473,623.9684414823126,0.0,195.21433395184042,654.3305459518474,0.0,217.83536629072296,654.3305459518474
0.0,90.17996470463245,644.5105106564798,0.0,178.87795079593718,654.3305459518474,0.0,221.89751176855802,654.3305459518474,0.0,89.0320696703323,613.000511152645,0.0,168.4159045363316,654.3305459518474,0.0,181.76279586640825,654.3305459518474
0.0,81.74268154447948,626.2531922009593,0.0,142.72042279082046,654.3305459518474,0.0,168.7159023720252,654.3305459518474,0.0,93.65651107986078,606.6570222325058,0.0,116.45178349264734,654.3305459518474,0.0,125.04361755215068,654.3305459518474
0.0,57.56486371649554,583.8180559174549,0.0,64.113568653436,618.4441146052834,0.0,101.6985894380527,654.3305459518474,0.0,53.550845092804735,560.2078673253105,0.0,44.042409161071646,598.372955112919,0.0,49.61728140863088,603.9478273604783
0.0,34.628113821695706,611.5205469748115,0.0,6.634630211215648,623.7518187742559,0.0,56.7435478590812,654.3305459518474,0.0,31.36899722671258,585.3030651066806,0.0,23.337602760504165,617.0430373213223,0.0,1.6295582974915626,605.2514739984715
0.0,27.993483610480055,633.9153338631955,0.0,9.195364678702388,631.1081105172178,0.0,57.09273892282938,654.3305459518474,0.0,32.59116594983125,611.3759978665456,0.0,24.094183398625244,636.3183840402226,0.0,1.8041538293656585,606.694797061964
0.0,19.089111484901164,649.1866230511165,0.0,10.766724465569252,639.7214900896732,0.0,56.56895232720709,654.3305459518474,0.0,28.400873184852944,634.0966964144279,0.0,26.422123823613195,654.3305459518474,0.0,0.5237865956222879,607.1138263384618
0.0,11.290511061191541,654.3305459518474,0.0,12.279885741811418,649.5453986831224,0.0,53.95001934909566,654.3305459518474,0.0,25.432749142993313,654.3305459518474,0.0,28.63366722735174,654.3305459518474,0.0,0.0,607.1138263384618
0.0,7.565806381210827,654.3305459518474,0.0,14.025841060552379,654.3305459518474,0.0,51.389284881608916,654.3305459518474,0.0,18.79811893177767,654.3305459518474,0.0,30.088629992969206,654.3305459518474,0.0,0.0,607.1138263384618
0.0,6.227240636842756,654.3305459518474,0.0,14.491429145549967,654.3305459518474,0.0,50.45810871161374,654.3305459518474,0.0,14.025841060552379,654.3305459518474,0.0,32.125577864833666,654.3305459518474,0.0,0.0,607.1138263384618
0.0,6.0526451049686605,654.3305459518474,0.0,14.258635103051171,654.3305459518474,0.0,51.04009381786073,654.3305459518474,0.0,10.650327444319855,654.3305459518474,0.0,31.310798716087884,654.3305459518474,0.0,0.05819851062469866,607.1603851469615
0.0,6.51823318996625,654.3305459518474,0.0,13.96764254992768,654.3305459518474,0.0,52.2040640303547,654.3305459518474,0.0,7.914997444959019,654.3305459518474,0.0,30.845210631090293,654.3305459518474,0.0,0.174595531874096,607.3000615724608
0.0,6.751027232465045,654.3305459518474,0.0,13.0364663799325,654.3305459518474,0.0,53.135240200349884,654.3305459518474,0.0,7.333012338712031,654.3305459518474,0.0,29.681240418596317,654.3305459518474,0.0,0.6401836168716852,607.8122084659582
0.0,6.867424253714441,654.3305459518474,0.0,11.232312550566842,654.3305459518474,0.0,53.30983573222398,654.3305459518474,0.0,7.274813828087333,654.3305459518474,0.0,27.818888078605962,654.3305459518474,0.0,1.6295582974915626,609.1158551039514
0.0,7.39121084933673,654.3305459518474,0.0,9.719151274324677,654.3305459518474,0.0,53.42623275347337,654.3305459518474,0.0,6.0526451049686605,654.3305459518474,0.0,25.665543185492112,654.3305459518474,0.0,3.2009180843584266,611.6765895714382
0.0,8.555181061830703,654.3305459518474,0.0,7.740401913084923,654.3305459518474,0.0,53.54262977472277,654.3305459518474,0.0,5.9362480837192635,654.3305459518474,0.0,25.49094765361801,654.3305459518474,0.0,4.772277871225291,615.4944118684184
0.0,11.406908082440939,654.3305459518474,0.0,5.9944465943439615,654.3305459518474,0.0,53.251637221599275,654.3305459518474,0.0,6.576431700590949,654.3305459518474,0.0,26.072932759865,654.3305459518474,0.0,5.587057019971072,619.9640574843953
0.0,16.58657552803912,654.3305459518474,0.0,5.005071913724085,654.3305459518474,0.0,52.66965211535229,654.3305459518474,0.0,7.740401913084923,654.3305459518474,0.0,31.48539424796198,654.3305459518474,0.0,6.0526451049686605,624.8061735683702
0.0,35.955817945095234,654.3305459518474,0.0,52.04271964480279,654.3305459518474,0.0,81.31789364046949,654.3305459518474,0.0,38.95255739553062,654.3305459518474,0.0,34.096467365961566,654.3305459518474,0.0,44.789806787637595,640.6380189984803
0.0,95.78459778322568,654.3305459518474,0.0,122.542582475717,654.3305459518474,0.0,138.85503059331458,654.3305459518474,0.0,102.61007643349427,654.3305459518474,0.0,69.07112594851887,654.3305459518474,0.0,112.51654119906007,654.3305459518474
0.0,164.84035946949098,654.3305459518474,0.0,186.45647513651502,654.3305459518474,0.0,196.51642442752086,654.3305459518474,0.0,164.99976846809656,654.3305459518474,0.0,150.42902980548786,654.3305459518474,0.0,173.4276908877093,654.3305459518474
0.0,240.46955109549052,654.3305459518474,0.0,223.5530391717388,654.3305459518474,0.0,241.29687047461826,654.3305459518474,0.0,204.15217958525022,654.3305459518474,0.0,193.1283705809064,654.3305459518474,0.0,215.2793121935063,654.3305459518474
0.0,263.15310685729776,654.3305459518474,0.0,244.41672138395666,654.3305459518474,0.0,271.5668104371152,654.3305459518474,0.0,212.47624521399553,654.3305459518474,0.0,178.88995783936394,654.3305459518474,0.0,236.55038398009708,654.3305459518474
0.0,274.74732843097985,654.3305459518474,0.0,244.22640613185888,654.3305459518474,0.0,250.8305645961003,654.3305459518474,0.0,221.70472794255875,654.3305459518474,0.0,162.43214183397112,654.3305459518474,0.0,238.36557715941632,654.3305459518474
0.0,262.7739772335305,654.3305459518474,0.0,217.14484402333844,654.3305459518474,0.0,184.79794597247758,654.3305459518474,0.0,224.42901859196596,654.3305459518474,0.0,149.71324934835437,654.3305459518474,0.0,222.03987789549663,654.3305459518474
0.0,226.26725816466558,654.3305459518474,0.0,142.05983908345496,654.3305459518474,0.0,152.5335369285172,654.3305459518474,0.0,187.74134501154342,654.3305459518474,0.0,135.91534423104562,654.3305459518474,0.0,186.0412257020303,654.3305459518474
0.0,163.9279047805762,654.3305459518474,0.0,58.48085335322219,612.8113993050696,0.0,120.703276529107,654.3305459518474,0.0,126.92769313407814,654.3305459518474,0.0,87.56438894534782,641.8949348971952,0.0,129.6948180318565,654.3305459518474
0.0,88.89323849120558,643.223784443053,0.0,16.917045110706916,529.7284444157765,0.0,59.00260588146096,613.3331518333083,0.0,59.682266527876955,614.0128124797244,0.0,39.15523514902531,581.0501700462205,0.0,57.65503485452281,611.9855808063702
0.0,51.68027743473242,654.3305459518474,0.0,10.01014382744817,537.736559477735,0.0,33.114952545453534,639.8251138696711,0.0,27.993483610480055,636.4075993681084,0.0,22.11543403738549,598.7425172761289,0.0,3.9574987224795093,615.1515797843538
0.0,50.57450573286314,654.3305459518474,0.0,13.50205446493009,548.538203049679,0.0,27.993483610480055,654.3305459518474,0.0,28.808262759225837,654.3305459518474,0.0,22.23183105863489,616.5279821230367,0.0,2.735329999360837,617.3398437838424
0.0,49.41053552036916,654.3305459518474,0.0,13.56025297555479,559.3864054301229,0.0,22.98841169675597,654.3305459518474,0.0,30.088629992969206,654.3305459518474,0.0,21.940838505511394,634.0806529274458,0.0,2.444337446237344,619.2953137408323
0.0,48.0137712653764,654.3305459518474,0.0,12.62907680555961,569.4896668745705,0.0,22.75561765425718,654.3305459518474,0.0,30.5542180779668,654.3305459518474,0.0,23.337602760504165,652.7507351358491,0.0,5.179667445598181,623.4390476973108
0.0,46.384212967884835,654.3305459518474,0.0,12.803672337433706,579.7326047445175,0.0,25.14175658986982,654.3305459518474,0.0,28.34267467422825,654.3305459518474,0.0,25.25815361111922,654.3305459518474,0.0,7.216615317462634,629.2123399512809
0.0,45.336639776640254,654.3305459518474,0.0,12.396282763060816,589.6496309549661,0.0,26.713116376736686,654.3305459518474,0.0,26.014734249240302,654.3305459518474,0.0,25.25815361111922,654.3305459518474,0.0,6.169042126218058,634.1475736522553
0.0,44.69645615976857,654.3305459518474,0.0,12.105290209937321,599.333863122916,0.0,25.84013871736621,654.3305459518474,0.0,24.26877893049934,654.3305459518474,0.0,25.025359568620424,654.3305459518474,0.0,3.9574987224795093,637.3135726302389
0.0,43.64888296852399,654.3305459518474,0.0,11.639702124939733,608.6456248228678,0.0,23.686793824252355,654.3305459518474,0.0,23.10480871800537,654.3305459518474,0.0,23.57039680300296,654.3305459518474,0.0,2.6771314887361384,639.4552778212278
0.0,41.37914105416075,654.3305459518474,0.0,9.311761699951786,616.0950341828293,0.0,20.31128020801983,654.3305459518474,0.0,23.163007228630068,654.3305459518474,0.0,21.533448931138505,654.3305459518474,0.0,2.793528509985536,641.6901006292162
0.0,40.38976637354087,654.3305459518474,0.0,8.962570636203594,623.2650906917921,0.0,21.184257867390315,654.3305459518474,0.0,20.31128020801983,654.3305459518474,0.0,20.835066803642118,654.3305459518474,0.0,3.608307658731317,644.5767467562013
0.0,39.1675976504222,654.3305459518474,0.0,6.98382127496384,628.8521477117632,0.0,24.443374462373438,654.3305459518474,0.0,17.80874425115779,654.3305459518474,0.0,19.61289808052345,654.3305459518474,0.0,4.888674892474688,648.487686670181
0.0,37.42164233168124,654.3305459518474,0.0,6.0526451049686605,633.6942637957382,0.0,24.559771483622836,654.3305459518474,0.0,16.17918595366623,654.3305459518474,0.0,18.216133825530683,654.3305459518474,0.0,6.227240636842756,653.4694791796552
0.0,34.8609078641945,654.3305459518474,0.0,6.692828721840346,639.0485267732105,0.0,26.1311312704897,654.3305459518474,0.0,16.062788932416833,654.3305459518474,0.0,15.655399358043942,654.3305459518474,0.0,7.100218296213236,654.3305459518474
0.0,32.940357013579444,654.3305459518474,0.0,9.020769146828293,646.2651420906731,0.0,26.1893297811144,654.3305459518474,0.0,19.96208914427164,654.3305459518474,0.0,12.803672337433706,654.3305459518474,0.0,7.216615317462634,654.3305459518474
0.0,57.43442558443585,654.3305459518474,0.0,10.642467584208005,631.9076096748811,0.0,52.70462650361155,654.3305459518474,0.0,32.44818758738961,654.3305459518474,0.0,29.283567042733736,654.3305459518474,0.0,49.11071541366064,654.3305459518474
0.0,108.64832496968253,654.3305459518474,0.0,24.253236939260702,631.1608466141417,0.0,128.7900454740685,654.3305459518474,0.0,69.91602138626877,654.3305459518474,0.0,69.93191883547753,654.3305459518474,0.0,115.89055393486426,654.3305459518474
0.0,166.20118164275132,654.3305459518474,0.0,51.74536811199579,582.9062147261375,0.0,200.30904381663657,654.3305459518474,0.0,112.01147608451816,654.3305459518474,0.0,123.37308134468647,654.3305459518474,0.0,177.79893816424521,654.3305459518474
0.0,207.7900703460305,654.3305459518474,0.0,107.53337025625814,588.932910931144,0.0,251.52276547289821,654.3305459518474,0.0,142.3931326979944,654.3305459518474,0.0,168.84722914901016,654.3305459518474,0.0,219.25888961589303,654.3305459518474
0.0,236.1205602478469,654.3305459518474,0.0,145.31259669875462,625.1829882901477,0.0,276.4100047783322,654.3305459518474,0.0,160.18801356732695,654.3305459518474,0.0,179.40491688140122,654.3305459518474,0.0,239.85515885532294,654.3305459518474
0.0,213.37094611530313,654.3305459518474,0.0,169.27969918414695,654.3305459518474,0.0,283.2570289415528,654.3305459518474,0.0,103.80230659659392,654.3305459518474,0.0,194.53202700253783,654.3305459518474,0.0,241.4957565027681,654.3305459518474
0.0,192.71965785509022,654.3305459518474,0.0,173.86802078295793,654.3305459518474,0.0,267.1184654398891,654.3305459518474,0.0,68.7804888533655,623.1110348052129,0.0,191.52610454054732,654.3305459518474,0.0,224.93726319634962,654.3305459518474
0.0,135.42167392442744,654.3305459518474,0.0,141.16946309444737,654.3305459518474,0.0,224.8830341400548,654.3305459518474,0.0,57.746173686023255,580.8572084912361,0.0,168.11422809122465,654.3305459518474,0.0,189.09748681453368,654.3305459518474
0.0,79.82248615183454,634.1530321036819,0.0,86.80816376519685,641.1387097170442,0.0,142.21482448932338,654.3305459518474,0.0,41.14670246963207,522.0039109608681,0.0,96.81530583178832,651.1458517836357,0.0,132.89423523578657,654.3305459518474
0.0,32.96579293231345,567.1188250359953,0.0,27.24979866071104,568.3885083777552,0.0,77.79604444296852,632.1265903948159,0.0,20.14304365582924,442.14695461669737,0.0,35.23253308582001,586.3783848694558,0.0,57.78247122572581,612.1130171775732
0.0,12.512679784310212,577.1289688634434,0.0,7.042019785588539,574.0221242062261,0.0,49.643329562867955,654.3305459518474,0.0,12.978267869307802,452.5295689121436,0.0,5.878049573094565,591.0808245279314,0.0,4.423086807477099,615.6514866235549
0.0,12.454481273685513,587.0925538823918,0.0,10.533930423070458,582.4492685446825,0.0,45.220242755390856,654.3305459518474,0.0,11.75609914618913,461.93444822909487,0.0,4.888674892474688,594.9917644419112,0.0,7.39121084933673,621.5644553030243
0.0,11.34870957181624,596.1715215398448,0.0,13.676649996804183,593.3905885421258,0.0,40.04057530979268,654.3305459518474,0.0,13.269260422431296,472.5498565670399,0.0,3.3755136162325226,597.6921753348972,0.0,9.544555742450582,629.2000998969847
0.0,11.057717018692745,605.017695154799,0.0,14.491429145549967,604.9837318585658,0.0,35.26829743856739,654.3305459518474,0.0,16.819369570537912,486.00535222347025,0.0,2.269741914363248,599.5079688663878,0.0,9.195364678702388,636.5563916399467
0.0,10.126540848697566,613.118927833757,0.0,13.734848507428882,615.9716106645088,0.0,29.623041907971622,654.3305459518474,0.0,20.835066803642118,502.6734056663839,0.0,1.5131612762421651,600.7184978873815,0.0,7.158416806837935,642.283125085417
0.0,8.555181061830703,619.9630726832215,0.0,13.618451486179488,626.8663718534524,0.0,22.406426590508985,654.3305459518474,0.0,24.32697744112404,522.1349876192832,0.0,1.3385657443680692,601.789350482876,0.0,5.878049573094565,646.9855647438927
0.0,7.333012338712031,625.8294825541911,0.0,10.88312148681865,635.5728690429073,0.0,19.61289808052345,654.3305459518474,0.0,28.051682121104758,544.5763333161669,0.0,1.6877568081162613,603.139555929369,0.0,4.830476381849989,650.8499458493727
0.0,7.507607870586128,631.83556885066,0.0,7.85679893433432,641.8583081903747,0.0,17.75054574053309,654.3305459518474,0.0,35.15190041731799,572.6978536500213,0.0,1.8041538293656585,604.5828789928614,0.0,4.539483828726496,654.3305459518474
0.0,8.147791487457813,638.3538020406263,0.0,5.8198510624698665,646.5141890403506,0.0,16.819369570537912,654.3305459518474,0.0,41.90292764978304,606.2201957698478,0.0,1.3385657443680692,605.6537315883559,0.0,5.8198510624698665,654.3305459518474
0.0,8.438784040581305,645.1048292730914,0.0,3.2009180843584266,649.0749235078374,0.0,16.17918595366623,654.3305459518474,0.0,47.839175733502294,644.4915363566496,0.0,1.1639702124939733,606.584907758351,0.0,7.158416806837935,654.3305459518474
0.0,7.39121084933673,651.0177979525607,0.0,2.6771314887361384,651.2166286988263,0.0,18.099736804281285,654.3305459518474,0.0,51.04009381786073,654.3305459518474,0.0,1.222168723118672,607.562642736846,0.0,7.39121084933673,654.3305459518474
0.0,5.8198510624698665,654.3305459518474,0.0,2.3279404249879465,653.0789810388167,0.0,18.157935314905984,654.3305459518474,0.0,52.96064466847578,654.3305459518474,0.0,1.74595531874096,608.9594069918387,0.0,7.740401913084923,654.3305459518474
0.0,4.946873403099386,654.3305459518474,0.0,2.444337446237344,654.3305459518474,0.0,17.75054574053309,654.3305459518474,0.0,55.055791050964935,654.3305459518474,0.0,2.735329999360837,611.1476709913273,0.0,8.438784040581305,654.3305459518474
0.0,4.714079360600592,654.3305459518474,0.0,2.6771314887361384,654.3305459518474,0.0,15.073414251796954,654.3305459518474,0.0,56.0451657315848,654.3305459518474,0.0,3.6665061693560155,614.0808759268122,0.0,9.020769146828293,654.3305459518474
0.0,14.938295749467162,644.2688417013146,0.0,8.154150467141315,637.4846964189887,0.0,42.255653661343096,654.3305459518474,0.0,56.4525553059577,654.3305459518474,0.0,25.569901712706624,614.5367972969775,0.0,38.650525492453525,654.3305459518474
0.0,69.74478307322148,654.3305459518474,0.0,37.043045894869174,647.1191331348841,0.0,121.51373076555282,654.3305459518474,0.0,67.31695531169596,654.3305459518474,0.0,73.84861737696944,653.6156911985531,0.0,112.24912822627215,654.3305459518474
0.0,127.71288918077498,654.3305459518474,0.0,84.35596645884766,631.4750995937318,0.0,188.27935044696108,654.3305459518474,0.0,81.53646884317293,635.8670147950203,0.0,105.11897137003984,654.3305459518474,0.0,173.40879167764385,654.3305459518474
0.0,174.30852840719166,654.3305459518474,0.0,141.76566704048972,654.3305459518474,0.0,232.18363934484626,654.3305459518474,0.0,91.08588268487867,626.952897479899,0.0,111.6388831694195,654.3305459518474,0.0,213.36812208343147,654.3305459518474
0.0,221.27225790742196,654.3305459518474,0.0,195.07939317849568,654.3305459518474,0.0,254.61868134393094,654.3305459518474,0.0,92.03595806493931,618.9888555448383,0.0,95.07253000288912,649.4030759547366,0.0,233.56486160860038,654.3305459518474
0.0,216.86957119043865,654.3305459518474,0.0,215.7024214881029,654.3305459518474,0.0,256.6823882859727,654.3305459518474,0.0,88.3741322658534,607.3629878106917,0.0,108.49298410584402,654.3305459518474,0.0,231.58611224736063,654.3305459518474
0.0,201.50180716669138,654.3305459518474,0.0,198.6044218658384,654.3305459518474,0.0,237.84311371523734,654.3305459518474,0.0,79.1770889777376,586.5400767884294,0.0,93.13307994220861,647.463625894056,0.0,211.42399165248085,654.3305459518474
0.0,152.23371682180868,654.3305459518474,0.0,154.96436645089943,654.3305459518474,0.0,198.0190795407646,654.3305459518474,0.0,69.19670598132342,555.7367827697528,0.0,85.92264587544443,633.3862717695005,0.0,175.58421527066494,654.3305459518474
0.0,90.79410016726708,645.1246461191145,0.0,94.89007461090318,649.2206205627506,0.0,130.2829843888019,654.3305459518474,0.0,58.66577731910966,514.4025600888625,0.0,60.3463851830543,593.7326569525547,0.0,116.66603378305079,654.3305459518474
0.0,35.15711397454326,580.2817600936577,0.0,27.205818989881692,576.4264395526322,0.0,48.343095425585965,602.6736413774333,0.0,53.037742389165935,467.44030247802846,0.0,16.49711530595208,510.22977225850684,0.0,47.13196605242089,601.4625120042683
0.0,0.0,580.2817600936577,0.0,3.608307658731317,579.3130856796173,0.0,6.169042126218058,607.6088750784078,0.0,52.029468498480604,509.06387727681295,0.0,2.560734467486741,512.2783598324962,0.0,6.867424253714441,606.9564514072399
0.0,0.05819851062469866,580.3283189021574,0.0,8.555181061830703,586.1572305290819,0.0,5.528858509346373,612.0319618858849,0.0,52.61145360472759,551.1530401605951,0.0,2.560734467486741,514.3269474064856,0.0,10.824922976193951,615.6163897881951
0.0,0.9893746806198773,581.1198186466534,0.0,13.85124552867828,597.2382269520244,0.0,6.169042126218058,616.9671955868594,0.0,53.54262977472277,593.9871439803733,0.0,2.2115434037385495,516.0961821294765,0.0,15.946391911167435,628.373503317129
0.0,4.3066897862277,584.5651704756356,0.0,18.27433233615538,611.8576928209487,0.0,9.486357231825883,624.5562813723201,0.0,53.65902679597217,636.914365417151,0.0,1.74595531874096,517.4929463844692,0.0,20.485875739893928,644.7622039090442
0.0,10.01014382744817,592.5732855375941,0.0,17.92514127240719,626.1978058388745,0.0,14.200436592426472,635.9166306462613,0.0,53.01884317910048,654.3305459518474,0.0,1.4549627656174666,518.6569165969631,0.0,21.184257867390315,654.3305459518474
0.0,15.539002336794544,605.0044874070297,0.0,14.72422318804876,637.9771843893135,0.0,18.623523399903572,650.8154493661841,0.0,52.2622625409794,654.3305459518474,0.0,1.5131612762421651,519.8674456179568,0.0,19.26370701677526,654.3305459518474
0.0,20.660471271768024,621.5328644244441,0.0,12.978267869307802,648.3597986847598,0.0,20.07848616552104,654.3305459518474,0.0,51.56388041348302,654.3305459518474,0.0,2.0951463824891516,521.5435627239482,0.0,18.099736804281285,654.3305459518474
0.0,23.86138935612645,640.6219759093453,0.0,11.930694678063224,654.3305459518474,0.0,23.453999781753563,654.3305459518474,0.0,51.73847594535711,654.3305459518474,0.0,3.1427195737337277,524.0577383829352,0.0,16.470178506789722,654.3305459518474
0.0,24.035984888000545,654.3305459518474,0.0,9.660952763699978,654.3305459518474,0.0,27.12050595110958,654.3305459518474,0.0,52.3786595622288,654.3305459518474,0.0,4.830476381849989,527.9221194884152,0.0,15.18981127304635,654.3305459518474
0.0,23.686793824252355,654.3305459518474,0.0,7.39121084933673,654.3305459518474,0.0,26.596719355487288,654.3305459518474,0.0,53.193438710974576,654.3305459518474,0.0,6.227240636842756,532.9039119978894,0.0,15.073414251796954,654.3305459518474
0.0,23.686793824252355,654.3305459518474,0.0,7.042019785588539,654.3305459518474,0.0,28.750064248601138,654.3305459518474,0.0,53.89182083847097,654.3305459518474,0.0,6.751027232465045,538.3047337838615,0.0,16.52837701741442,654.3305459518474
0.0,25.49094765361801,654.3305459518474,0.0,6.227240636842756,654.3305459518474,0.0,31.136203184213784,654.3305459518474,0.0,54.24101190221916,654.3305459518474,0.0,5.9944465943439615,543.1002910593367,0.0,17.517751698034296,654.3305459518474
0.0,23.919587866751147,654.3305459518474,0.0,6.169042126218058,654.3305459518474,0.0,34.27892275794751,654.3305459518474,0.0,54.532004455342644,654.3305459518474,0.0,4.423086807477099,546.6387605053184,0.0,17.3431561661602,654.3305459518474
0.0,22.98841169675597,654.3305459518474,0.0,7.274813828087333,654.3305459518474,0.0,36.665061693560155,654.3305459518474,0.0,54.59020296596734,654.3305459518474,0.0,2.9099255312349332,548.9667009303063,0.0,16.353781485540324,654.3305459518474
0.0,61.71453402947131,654.3305459518474,0.0,27.289097961270286,654.3305459518474,0.0,72.09744850100321,654.3305459518474,0.0,64.25601382892249,654.3305459518474,0.0,4.135273744195357,528.1019746745017,0.0,30.584334366970907,654.3305459518474
0.0,143.24235304804427,654.3305459518474,0.0,91.58680061610563,654.3305459518474,0.0,151.3051869547001,654.3305459518474,0.0,101.92670311028138,654.3305459518474,0.0,23.234101427606834,526.3360761021084,0.0,73.63772430539278,654.3305459518474
0.0,209.9151552885387,654.3305459518474,0.0,164.60809861394736,654.3305459518474,0.0,222.3853562824479,654.3305459518474,0.0,143.62730846453985,654.3305459518474,0.0,54.80330783391257,481.13938393602103,0.0,108.49916535654246,654.3305459518474
0.0,249.97516299535198,654.3305459518474,0.0,204.36139404741346,654.3305459518474,0.0,273.5219802180194,654.3305459518474,0.0,189.93981499794484,654.3305459518474,0.0,90.18535599084277,471.3247399268638,0.0,147.0192527169363,654.3305459518474
0.0,268.558063943253,654.3305459518474,0.0,222.40946904973862,654.3305459518474,0.0,298.00182994908045,654.3305459518474,0.0,208.6705524075427,654.3305459518474,0.0,111.17329508442191,480.2633759944013,0.0,185.96880835161025,654.3305459518474
0.0,271.2194757117654,654.3305459518474,0.0,213.6512547764431,654.3305459518474,0.0,301.1555888727678,654.3305459518474,0.0,212.31665848640492,654.3305459518474,0.0,118.56618454317204,495.11632362893897,0.0,218.48340976770652,654.3305459518474
0.0,254.80881886704373,654.3305459518474,0.0,174.2660496167906,654.3305459518474,0.0,285.8696029399808,654.3305459518474,0.0,211.8432105412955,654.3305459518474,0.0,138.1306003115811,525.6208038782039,0.0,214.41419439424766,654.3305459518474
0.0,153.161358043992,654.3305459518474,0.0,140.50101952697005,654.3305459518474,0.0,249.97948790765196,654.3305459518474,0.0,177.62045222658912,654.3305459518474,0.0,130.16358560669582,549.7516723635606,0.0,179.19888190907974,654.3305459518474
0.0,121.60787135790996,654.3305459518474,0.0,84.6233794316356,638.953925383483,0.0,192.52730853560894,654.3305459518474,0.0,130.78415909756183,654.3305459518474,0.0,105.52954043425447,554.1753047109642,0.0,125.74199967964707,654.3305459518474
0.0,93.50849688917893,647.8390428410263,0.0,28.45942715344776,567.4133525369308,0.0,115.56105204566961,654.3305459518474,0.0,79.62695734251149,633.9575032943588,0.0,38.0041606248834,492.17946533584757,0.0,60.94559088995332,615.2761368418007
0.0,45.27844126601556,654.3305459518474,0.0,7.158416806837935,573.1400859824012,0.0,56.6853493484565,654.3305459518474,0.0,51.62207892410771,654.3305459518474,0.0,0.2909925531234933,492.41225937834633,0.0,18.79811893177767,630.3146319872229
0.0,47.25719062725532,654.3305459518474,0.0,9.428158721201184,580.6826129593621,0.0,56.80174636970589,654.3305459518474,0.0,50.690902754112535,654.3305459518474,0.0,0.349191063748192,492.6916122293449,0.0,24.501572972998137,649.9158903656214
0.0,45.685830840388455,654.3305459518474,0.0,8.6715780830801,587.6198754258262,0.0,57.09273892282938,654.3305459518474,0.0,51.04009381786073,654.3305459518474,0.0,0.11639702124939733,492.7847298463444,0.0,26.305726802363797,654.3305459518474
0.0,42.54311126665472,654.3305459518474,0.0,6.51823318996625,592.8344619777992,0.0,57.26733445470348,654.3305459518474,0.0,52.2040640303547,654.3305459518474,0.0,0.0,492.7847298463444,0.0,24.734367015496932,654.3305459518474
0.0,40.68075892666436,654.3305459518474,0.0,3.7247046799807144,595.8142257217837,0.0,57.383731475952885,654.3305459518474,0.0,52.553255094102894,654.3305459518474,0.0,0.0,492.7847298463444,0.0,22.17363254801019,654.3305459518474
0.0,39.400391692921,654.3305459518474,0.0,1.4549627656174666,596.9781959342777,0.0,57.500128497202276,654.3305459518474,0.0,52.7860491366017,654.3305459518474,0.0,0.11639702124939733,492.8778474633439,0.0,20.36947871864453,654.3305459518474
0.0,48.130168286625796,654.3305459518474,0.0,0.174595531874096,597.1178723597769,0.0,57.383731475952885,654.3305459518474,0.0,52.727850625976984,654.3305459518474,0.0,0.5819851062469866,493.3434355483415,0.0,17.983339783031887,654.3305459518474
0.0,49.81792509474205,654.3305459518474,0.0,0.0,597.1178723597769,0.0,57.20913594407879,654.3305459518474,0.0,52.0876670091053,654.3305459518474,0.0,1.1639702124939733,494.2746117183367,0.0,15.073414251796954,654.3305459518474
0.0,48.130168286625796,654.3305459518474,0.0,0.0,597.1178723597769,0.0,56.97634190157999,654.3305459518474,0.0,50.749101264737234,654.3305459518474,0.0,1.4549627656174666,495.43858193083065,0.0,12.512679784310212,654.3305459518474
0.0,44.17266956414628,654.3305459518474,0.0,0.23279404249879465,597.3041075937759,0.0,56.56895232720709,654.3305459518474,0.0,48.65395488224808,654.3305459518474,0.0,1.396764254992768,496.55599333482485,0.0,11.523305103690335,654.3305459518474
0.0,37.712634884804736,654.3305459518474,0.0,1.6877568081162613,598.6543130402689,0.0,56.56895232720709,654.3305459518474,0.0,46.09322041476134,654.3305459518474,0.0,0.9311761699951786,497.300934270821,0.0,10.301136380571663,654.3305459518474
0.0,37.07245126793305,654.3305459518474,0.0,3.4337121268572206,601.4012827417547,0.0,56.56895232720709,654.3305459518474,0.0,44.114471053521584,654.3305459518474,0.0,0.698382127496384,497.8596399728181,0.0,9.195364678702388,654.3305459518474
0.0,41.55373658603484,654.3305459518474,0.0,4.772277871225291,605.2191050387349,0.0,56.7435478590812,654.3305459518474,0.0,42.60130977727942,654.3305459518474,0.0,0.87297765937048,498.5580221003145,0.0,8.147791487457813,654.3305459518474
0.0,48.47935935037398,654.3305459518474,0.0,4.190292764978303,608.5713392507175,0.0,56.6853493484565,654.3305459518474,0.0,39.4585902035457,654.3305459518474,0.0,1.5131612762421651,499.7685511213082,0.0,6.692828721840346,654.3305459518474
0.0,56.57531130689061,654.3305459518474,0.0,4.166713184642755,587.7380524353603,0.0,72.1034520227166,654.3305459518474,0.0,52.68086919429095,654.3305459518474,0.0,30.417776424193722,504.10277226066313,0.0,16.42787744537378,645.7584233972211
0.0,90.0650685638114,654.3305459518474,0.0,17.404711895611708,580.142764330972,0.0,132.86826613009737,654.3305459518474,0.0,120.78037424979718,654.3305459518474,0.0,109.3234829748135,571.5615586405139,0.0,37.36865737828181,654.3305459518474
0.0,151.97813316346247,654.3305459518474,0.0,39.07531339646353,519.2180777274356,0.0,194.6570738483872,654.3305459518474,0.0,187.39179848982513,654.3305459518474,0.0,183.3341556532751,638.228883163134,0.0,83.25019475697839,637.5807407088258
0.0,213.82513939237697,654.3305459518474,0.0,62.02628213105871,481.24435985849425,0.0,232.03677057662264,654.3305459518474,0.0,241.37396819530838,654.3305459518474,0.0,230.39538296468933,654.3305459518474,0.0,182.45331813379275,654.3305459518474
0.0,266.7896744666347,654.3305459518474,0.0,84.34174761905231,465.58610747754653,0.0,239.9455867708832,654.3305459518474,0.0,268.1959771911528,654.3305459518474,0.0,251.94958744429172,654.3305459518474,0.0,196.83956733703195,654.3305459518474
0.0,288.73554880038637,654.3305459518474,0.0,88.95832916846895,454.54443664601547,0.0,180.4957588275349,654.3305459518474,0.0,275.0304611239915,654.3305459518474,0.0,253.51626686088852,654.3305459518474,0.0,199.73695263788494,654.3305459518474
0.0,264.585990923008,654.3305459518474,0.0,76.41085272488453,430.9552893709,0.0,172.70333965452377,654.3305459518474,0.0,260.17862383575465,654.3305459518474,0.0,236.71711965185932,654.3305459518474,0.0,203.83292708152106,654.3305459518474
0.0,205.76848673641962,654.3305459518474,0.0,59.4182107739158,390.3735001448158,0.0,190.7938934472499,654.3305459518474,0.0,225.35498120473588,654.3305459518474,0.0,200.36141653453294,654.3305459518474,0.0,180.80486062623575,654.3305459518474
0.0,95.74344214426799,650.0739880961154,0.0,42.60016435482119,332.973664499637,0.0,129.69560799634462,654.3305459518474,0.0,165.7730365199145,654.3305459518474,0.0,143.01777432362744,654.3305459518474,0.0,125.67276181906877,654.3305459518474
0.0,62.22224544689977,612.2962335430152,0.0,22.101392926575198,255.0750574262122,0.0,84.63202925623557,638.962575208083,0.0,89.38408476595212,643.7146307177995,0.0,64.5697959978934,618.9003419497408,0.0,47.811448969851824,602.1419949216993
0.0,47.839175733502294,650.567574129817,0.0,17.401354676784898,268.99614116764013,0.0,56.6271508378318,654.3305459518474,0.0,44.98744871289207,654.3305459518474,0.0,0.4655880849975893,619.2728124177388,0.0,10.359334891196362,610.4294628346564
0.0,49.17774147787037,654.3305459518474,0.0,21.417051909889107,286.1297826955514,0.0,55.52137913596252,654.3305459518474,0.0,42.135721692281834,654.3305459518474,0.0,0.4655880849975893,619.6452828857368,0.0,12.745473826809006,620.6258418961037
0.0,50.167116158490245,654.3305459518474,0.0,26.072932759865,306.9881289034434,0.0,54.64840147659204,654.3305459518474,0.0,39.86597977791859,654.3305459518474,0.0,0.9311761699951786,620.390223821733,0.0,13.734848507428882,631.6137207020467
0.0,49.58513105224326,654.3305459518474,0.0,28.924659780475235,330.1278567278236,0.0,53.48443126409807,654.3305459518474,0.0,39.691384246044485,654.3305459518474,0.0,3.2009180843584266,622.9509582892198,0.0,16.062788932416833,644.4639518479802
0.0,48.47935935037398,654.3305459518474,0.0,29.623041907971622,353.8262902542009,0.0,52.2040640303547,654.3305459518474,0.0,37.188848289182445,654.3305459518474,0.0,6.92562276433914,628.4914565006911,0.0,19.845692123022243,654.3305459518474
0.0,46.50060998913423,654.3305459518474,0.0,29.15745382297403,377.1522533125801,0.0,51.272887860359525,654.3305459518474,0.0,31.36899722671258,654.3305459518474,0.0,9.893746806198772,636.4064539456501,0.0,22.057235526760792,654.3305459518474
0.0,42.135721692281834,654.3305459518474,0.0,30.612416588591497,401.64218658345334,0.0,51.272887860359525,654.3305459518474,0.0,25.72374169611681,654.3305459518474,0.0,10.417533401821059,644.740480667107,0.0,24.094183398625244,654.3305459518474
0.0,34.919106374819194,654.3305459518474,0.0,35.09370190669329,429.717148108808,0.0,51.73847594535711,654.3305459518474,0.0,24.559771483622836,654.3305459518474,0.0,10.533930423070458,653.1676250055634,0.0,22.17363254801019,654.3305459518474
0.0,25.84013871736621,654.3305459518474,0.0,38.17822296980233,460.25972648464983,0.0,51.50568190285831,654.3305459518474,0.0,21.475250420513806,654.3305459518474,0.0,11.174114039942143,654.3305459518474,0.0,15.422605315545146,654.3305459518474
0.0,20.77686829301742,654.3305459518474,0.0,41.26274403291135,493.2699217109789,0.0,51.272887860359525,654.3305459518474,0.0,21.649845952387903,654.3305459518474,0.0,10.359334891196362,654.3305459518474,0.0,7.85679893433432,654.3305459518474
0.0,16.17918595366623,654.3305459518474,0.0,43.357890415400504,527.9562340432993,0.0,51.56388041348302,654.3305459518474,0.0,25.25815361111922,654.3305459518474,0.0,9.311761699951786,654.3305459518474,0.0,3.3755136162325226,654.3305459518474
0.0,11.581503614315034,654.3305459518474,0.0,44.58005913851918,563.6202813541147,0.0,51.68027743473242,654.3305459518474,0.0,20.136684676145737,654.3305459518474,0.0,8.962570636203594,654.3305459518474,0.0,2.8517270206102348,654.3305459518474
0.0,8.147791487457813,654.3305459518474,0.0,48.0137712653764,602.0312983664159,0.0,50.865498285986625,654.3305459518474,0.0,15.131612762421653,654.3305459518474,0.0,7.740401913084923,654.3305459518474,0.0,5.23786595622288,654.3305459518474
0.0,5.412461488096976,654.3305459518474,0.0,48.53755786099868,640.8613446552148,0.0,48.886748924746875,654.3305459518474,0.0,8.496982551206004,654.3305459518474,0.0,8.147791487457813,654.3305459518474,0.0,8.6133795724554,654.3305459518474
0.0,16.24542205338783,645.5759680052353,0.0,49.7361470037818,654.3305459518474,0.0,65.27382618913306,654.3305459518474,0.0,14.736941147415767,644.0674870992632,0.0,37.40159769915756,654.3305459518474,0.0,32.386987315908215,654.3305459518474
0.0,58.539051863846886,654.3305459518474,0.0,60.08462027400962,654.3305459518474,0.0,113.85457375647296,654.3305459518474,0.0,55.49065061145536,654.3305459518474,0.0,109.03399130211835,654.3305459518474,0.0,64.20002711466636,654.3305459518474
0.0,112.06985232412795,654.3305459518474,0.0,67.69458405503485,622.0251300068823,0.0,184.52585262941952,654.3305459518474,0.0,146.17621361758486,654.3305459518474,0.0,169.9183819205903,654.3305459518474,0.0,87.13059575876773,641.4611417106152
0.0,156.95883553236288,654.3305459518474,0.0,75.25420918554724,597.2793391924295,0.0,229.0121266335517,654.3305459518474,0.0,76.50534877521179,630.8358947270592,0.0,186.52721387752166,654.3305459518474,0.0,115.41860687018317,653.7960272067617
0.0,183.5401906255966,654.3305459518474,0.0,84.97503906928532,582.2543782617148,0.0,244.17067619513566,654.3305459518474,0.0,77.61898033719291,608.4548750642521,0.0,191.29799086831864,654.3305459518474,0.0,139.79309892994843,654.3305459518474
0.0,188.09389329411843,654.3305459518474,0.0,91.71670556121016,573.9710838229249,0.0,244.56234604928486,654.3305459518474,0.0,62.03414199117056,570.4890170554227,0.0,182.82290928803477,654.3305459518474,0.0,144.18324541654977,654.3305459518474
0.0,178.72693484439867,654.3305459518474,0.0,98.06670219898584,572.0377860219107,0.0,249.09246913747117,654.3305459518474,0.0,61.50249553543642,531.9915125908591,0.0,145.94341957508607,654.3305459518474,0.0,134.2878200009376,654.3305459518474
0.0,142.30199386649397,654.3305459518474,0.0,97.7410907155732,569.7788767374839,0.0,189.08741515805323,654.3305459518474,0.0,83.44836986918801,515.4398824600471,0.0,100.59670814196538,654.3305459518474,0.0,109.78907105981109,654.3305459518474
0.0,97.01030145415623,651.3408474060036,0.0,81.01586173739241,550.7947384748763,0.0,122.36745375688773,654.3305459518474,0.0,70.19465143799538,485.6345338980425,0.0,48.72222504935321,603.0527710012007,0.0,62.095519991637005,616.4260659434844
0.0,44.4342567442059,595.7751041502095,0.0,61.202932206260854,511.9976706811372,0.0,64.35854746834663,618.689093420194,0.0,23.374078029191775,409.00861192723426,0.0,18.565502618263928,521.6182736194646,0.0,16.698469908003474,533.124535851488
0.0,13.676649996804183,606.7164241476528,0.0,51.389284881608916,553.1090985864244,0.0,28.168079142354156,641.2235567340773,0.0,4.132094254353605,412.31428733071715,0.0,9.544555742450582,529.2539182134251,0.0,1.2803672337433705,534.1488296384827
0.0,17.110362123661407,620.4047138465819,0.0,49.17774147787037,592.4512917687207,0.0,25.083558079245122,654.3305459518474,0.0,8.32238701933191,418.9721969461827,0.0,12.803672337433706,539.4968560833721,0.0,0.8147791487457813,534.8006529574793
0.0,17.575950208658995,634.465474013509,0.0,48.362962329124585,631.1416616320204,0.0,24.210580419874642,654.3305459518474,0.0,14.898818719922858,430.891251922121,0.0,15.946391911167435,552.253969612306,0.0,0.4655880849975893,535.1731234254773
0.0,15.24800978367105,646.6638818404459,0.0,47.897374244127,654.3305459518474,0.0,26.422123823613195,654.3305459518474,0.0,18.79811893177767,445.92974706754313,0.0,17.168560634286106,565.9888181197349,0.0,2.5025359568620424,537.175152190967
0.0,13.676649996804183,654.3305459518474,0.0,48.362962329124585,654.3305459518474,0.0,25.665543185492112,654.3305459518474,0.0,20.660471271768024,462.45812408495755,0.0,15.18981127304635,578.140667138172,0.0,3.1427195737337277,539.689327849954
0.0,13.676649996804183,654.3305459518474,0.0,49.87612360536675,654.3305459518474,0.0,23.163007228630068,654.3305459518474,0.0,21.184257867390315,479.4055303788698,0.0,12.047091699312622,587.7783404976221,0.0,3.7829031906054134,542.7156504024383
0.0,11.290511061191541,654.3305459518474,0.0,49.93432211599145,654.3305459518474,0.0,19.67109659114815,654.3305459518474,0.0,27.00410892986018,501.00881752275797,0.0,9.13716616807769,595.0880734320843,0.0,3.1427195737337277,545.2298260614253
0.0,8.962570636203594,654.3305459518474,0.0,49.81792509474205,654.3305459518474,0.0,17.2849576555355,654.3305459518474,0.0,36.72326020418486,530.3874256861059,0.0,7.9731959555837175,601.4666301965514,0.0,1.0475731912445758,546.067884614421
0.0,8.380585529956607,654.3305459518474,0.0,47.95557275475169,654.3305459518474,0.0,15.18981127304635,654.3305459518474,0.0,27.877086589230657,552.6890949574904,0.0,8.6133795724554,608.3573338545157,0.0,0.174595531874096,546.2075610399203
0.0,10.242937869946964,654.3305459518474,0.0,48.130168286625796,654.3305459518474,0.0,13.443855954305391,654.3305459518474,0.0,18.041538293656586,567.1223255924157,0.0,9.369960210576485,615.8533020229769,0.0,1.1639702124939733,547.1387372099155
0.0,13.676649996804183,654.3305459518474,0.0,48.886748924746875,654.3305459518474,0.0,11.75609914618913,654.3305459518474,0.0,18.041538293656586,581.555556227341,0.0,10.708525954944554,624.4201227869326,0.0,4.830476381849989,551.0031183153955
0.0,15.539002336794544,654.3305459518474,0.0,48.0137712653764,654.3305459518474,0.0,11.872496167438527,654.3305459518474,0.0,27.353299993608367,603.4381962222277,0.0,13.443855954305391,635.1752075503769,0.0,10.766724465569252,559.6164978878509
0.0,16.17918595366623,654.3305459518474,0.0,46.50060998913423,654.3305459518474,0.0,11.232312550566842,654.3305459518474,0.0,36.432267651061366,632.5840103430768,0.0,16.702972549288514,648.5375855898077,0.0,15.24800978367105,571.8149057147878
0.0,19.26370701677526,654.3305459518474,0.0,44.92925020226737,654.3305459518474,0.0,10.533930423070458,654.3305459518474,0.0,40.56436190541496,654.3305459518474,0.0,22.930213186131272,654.3305459518474,0.0,15.71359786866864,584.3857840097227
0.0,53.56038356232999,654.3305459518474,0.0,57.0268582810779,654.3305459518474,0.0,24.179318708412303,653.5098646602597,0.0,46.57302733955429,654.3305459518474,0.0,34.29782196801296,654.3305459518474,0.0,23.686971553237413,583.0727555629601
0.0,119.18879210142154,654.3305459518474,0.0,111.27494007892079,654.3305459518474,0.0,78.22604590420379,654.3305459518474,0.0,80.81786435416782,654.3305459518474,0.0,50.79961764423514,654.3305459518474,0.0,70.44466608114622,619.428488427877
0.0,172.81073139320307,654.3305459518474,0.0,180.67839194850592,654.3305459518474,0.0,124.37649713611665,654.3305459518474,0.0,147.41206799354373,654.3305459518474,0.0,65.35410339966496,619.6846493515123,0.0,115.83067681482615,632.093029879738
0.0,214.84780985184273,654.3305459518474,0.0,245.39602440809614,654.3305459518474,0.0,163.30397407088336,654.3305459518474,0.0,232.9194644345034,654.3305459518474,0.0,88.0627396222361,607.7473889737485,0.0,136.24599154269848,654.3305459518474
0.0,239.3181211133785,654.3305459518474,0.0,271.22865872332056,654.3305459518474,0.0,178.29110759043505,654.3305459518474,0.0,266.28814429990473,654.3305459518474,0.0,108.92006285477048,614.8834392575649,0.0,135.4940912748475,654.3305459518474
0.0,248.14707412768064,654.3305459518474,0.0,259.4834211981,654.3305459518474,0.0,176.93682212584326,654.3305459518474,0.0,266.6262960136993,654.3305459518474,0.0,123.56268568084406,633.7335878022401,0.0,119.60722102574806,654.3305459518474
0.0,254.9044603398292,654.3305459518474,0.0,231.7380958923723,654.3305459518474,0.0,169.32217797454794,654.3305459518474,0.0,231.6877572418595,654.3305459518474,0.0,122.42229504868563,651.6714238411886,0.0,104.71758531738035,654.3305459518474
0.0,239.41711980499082,654.3305459518474,0.0,187.77560848386247,654.3305459518474,0.0,135.77422220700245,654.3305459518474,0.0,142.61753369342617,654.3305459518474,0.0,116.68572295760436,654.3305459518474,0.0,80.31315469759603,634.6437006494434
0.0,185.9948565058473,654.3305459518474,0.0,129.8484802862816,654.3305459518474,0.0,81.86279124252582,636.1933371943733,0.0,82.63287980450201,636.9634257563494,0.0,110.1658111582247,654.3305459518474,0.0,53.321230540147695,587.9649311895911
0.0,109.26457354824856,654.3305459518474,0.0,66.318575348506,620.6491213003534,0.0,28.975353888958196,565.1686910833315,0.0,52.30324045095205,589.2666662073015,0.0,90.83418943231445,645.1647353841619,0.0,35.19287832729064,523.1578095168817
0.0,48.362962329124585,654.3305459518474,0.0,20.194883186770436,636.8050278497698,0.0,3.3755136162325226,567.8691019763176,0.0,39.86597977791859,621.1594500296363,0.0,57.034540412204684,654.3305459518474,0.0,37.712634884804736,553.3279174247255
0.0,49.81792509474205,654.3305459518474,0.0,19.089111484901164,652.0763170376907,0.0,3.550109148106618,570.7091892948029,0.0,29.56484339734692,644.8113247475138,0.0,56.33615828470831,654.3305459518474,0.0,41.670133607284235,586.6640243105528
0.0,52.0876670091053,654.3305459518474,0.0,16.353781485540324,654.3305459518474,0.0,2.269741914363248,572.5249828262935,0.0,17.3431561661602,654.3305459518474,0.0,55.754173178461315,654.3305459518474,0.0,41.08814850103725,619.5345431113826
0.0,52.727850625976984,654.3305459518474,0.0,15.073414251796954,654.3305459518474,0.0,1.222168723118672,573.5027178047884,0.0,11.639702124939733,654.3305459518474,0.0,54.64840147659204,654.3305459518474,0.0,34.744510842945104,647.3301517857387
0.0,48.362962329124585,654.3305459518474,0.0,12.978267869307802,654.3305459518474,0.0,1.0475731912445758,574.3407763577841,0.0,10.01014382744817,654.3305459518474,0.0,53.42623275347337,654.3305459518474,0.0,34.8609078641945,654.3305459518474
0.0,50.98189530723602,654.3305459518474,0.0,10.417533401821059,654.3305459518474,0.0,3.0263225524843302,576.7618343997715,0.0,8.555181061830703,654.3305459518474,0.0,52.84424764722639,654.3305459518474,0.0,42.54311126665472,654.3305459518474
0.0,54.76479849784145,654.3305459518474,0.0,11.232312550566842,654.3305459518474,0.0,5.354262977472277,581.0452447817493,0.0,9.60275425307528,654.3305459518474,0.0,52.14586551973,654.3305459518474,0.0,45.45303679788965,654.3305459518474
0.0,56.0451657315848,654.3305459518474,0.0,12.687275316184309,654.3305459518474,0.0,7.274813828087333,586.8650958442191,0.0,11.697900635564432,654.3305459518474,0.0,51.44748339223362,654.3305459518474,0.0,45.220242755390856,654.3305459518474
0.0,57.67472402907638,654.3305459518474,0.0,12.803672337433706,654.3305459518474,0.0,9.13716616807769,594.1748287786813,0.0,19.845692123022243,654.3305459518474,0.0,51.971269987855905,654.3305459518474,0.0,41.495538075410145,654.3305459518474
0.0,57.616525518451674,654.3305459518474,0.0,13.269260422431296,654.3305459518474,0.0,8.962570636203594,601.3448852876442,0.0,26.1893297811144,654.3305459518474,0.0,52.727850625976984,654.3305459518474,0.0,37.47984084230594,654.3305459518474
0.0,57.500128497202276,654.3305459518474,0.0,15.364406804920447,654.3305459518474,0.0,7.39121084933673,607.2578539671135,0.0,26.422123823613195,654.3305459518474,0.0,52.49505658347819,654.3305459518474,0.0,35.50109148106618,654.3305459518474
0.0,56.80174636970589,654.3305459518474,0.0,16.99396510241201,654.3305459518474,0.0,5.878049573094565,611.9602936255892,0.0,25.49094765361801,654.3305459518474,0.0,52.3204610516041,654.3305459518474,0.0,31.310798716087884,654.3305459518474
0.0,56.0451657315848,654.3305459518474,0.0,22.75561765425718,654.3305459518474,0.0,5.121468934973482,616.057468773568,0.0,25.25815361111922,654.3305459518474,0.0,52.029468498480604,654.3305459518474,0.0,26.014734249240302,654.3305459518474
0.0,55.579577646587225,654.3305459518474,0.0,24.85076403674633,654.3305459518474,0.0,4.597682339351194,619.7356146450489,0.0,26.072932759865,654.3305459518474,0.0,52.3786595622288,654.3305459518474,0.0,18.79811893177767,654.3305459518474
0.0,64.67912312351906,654.3305459518474,0.0,49.55086757992422,654.3305459518474,0.0,23.363038679238173,618.0986533242872,0.0,44.00461074094075,654.3305459518474,0.0,54.65944082654565,654.3305459518474,0.0,37.79794792357685,654.3305459518474
0.0,107.4540607391994,654.3305459518474,0.0,136.71776087839453,654.3305459518474,0.0,84.0460746956587,654.3305459518474,0.0,113.37662317007849,654.3305459518474,0.0,82.76499654597511,654.3305459518474,0.0,106.38043939371775,654.3305459518474
0.0,126.28547544982294,654.3305459518474,0.0,203.85147083361645,654.3305459518474,0.0,142.4797688882098,654.3305459518474,0.0,194.18398136124785,654.3305459518474,0.0,121.50215822864405,654.3305459518474,0.0,170.86059744053907,654.3305459518474
0.0,143.46843265288945,654.3305459518474,0.0,246.24259845525944,654.3305459518474,0.0,204.58632822980042,654.3305459518474,0.0,247.45990907912292,654.3305459518474,0.0,152.91248882329938,654.3305459518474,0.0,220.12082792530992,654.3305459518474
0.0,155.70601733328493,654.3305459518474,0.0,268.89471477661925,654.3305459518474,0.0,240.67779786418058,654.3305459518474,0.0,271.570167655942,654.3305459518474,0.0,198.67444969090482,654.3305459518474,0.0,240.03443475746712,654.3305459518474
0.0,166.0198716732236,654.3305459518474,0.0,269.18888681958447,654.3305459518474,0.0,244.2342659919707,654.3305459518474,0.0,270.1844427509028,654.3305459518474,0.0,243.8198065219741,654.3305459518474,0.0,240.94203134712677,654.3305459518474
0.0,147.59584653697297,654.3305459518474,0.0,247.8156368515397,654.3305459518474,0.0,228.40877374333775,654.3305459518474,0.0,250.75064284353851,654.3305459518474,0.0,218.7437528448707,654.3305459518474,0.0,218.73978339054085,654.3305459518474
0.0,145.60605782577963,654.3305459518474,0.0,204.2401389269089,654.3305459518474,0.0,189.43881801817002,654.3305459518474,0.0,213.35054602480932,654.3305459518474,0.0,177.60941287663553,654.3305459518474,0.0,178.15598908810526,654.3305459518474
0.0,137.98823418464252,654.3305459518474,0.0,136.55438242545907,654.3305459518474,0.0,126.29254534544667,654.3305459518474,0.0,155.86224684204876,654.3305459518474,0.0,126.46007098169702,654.3305459518474,0.0,119.99756772845394,654.3305459518474
0.0,82.35124799191871,636.6817939437661,0.0,50.04975144376767,604.3802973956151,0.0,60.43134276385629,614.7618887157037,0.0,77.18465396365765,631.515199915505,0.0,77.59151035107539,631.9220563029228,0.0,54.79544797380073,609.1259939256481
0.0,57.09273892282938,654.3305459518474,0.0,8.32238701933191,611.0382070110807,0.0,4.581962619127496,618.4274588110056,0.0,18.27433233615538,646.1346657844293,0.0,55.34678360408843,654.3305459518474,0.0,0.6401836168716852,609.6381408191455
0.0,57.034540412204684,654.3305459518474,0.0,12.221687231186719,620.81555679603,0.0,7.042019785588539,624.0610746394765,0.0,21.417051909889107,654.3305459518474,0.0,54.64840147659204,654.3305459518474,0.0,0.9311761699951786,610.3830817551417
0.0,57.034540412204684,654.3305459518474,0.0,17.92514127240719,635.1556698139558,0.0,9.13716616807769,631.3708075739387,0.0,25.72374169611681,654.3305459518474,0.0,53.89182083847097,654.3305459518474,0.0,1.3385657443680692,611.4539343506361
0.0,57.09273892282938,654.3305459518474,0.0,18.73992042115297,650.1476061508781,0.0,8.962570636203594,638.5408640829015,0.0,31.48539424796198,654.3305459518474,0.0,53.36803424284868,654.3305459518474,0.0,1.6295582974915626,612.7575809886293
0.0,57.15093743345409,654.3305459518474,0.0,17.2849576555355,654.3305459518474,0.0,9.078967657452992,645.8040382088639,0.0,40.73895743728906,654.3305459518474,0.0,53.717225306596866,654.3305459518474,0.0,1.5713597868668638,614.0146688181228
0.0,57.09273892282938,654.3305459518474,0.0,18.972714463651766,654.3305459518474,0.0,9.13716616807769,653.1137711433261,0.0,45.51123530851436,654.3305459518474,0.0,54.47380594471795,654.3305459518474,0.0,1.6295582974915626,615.318315456116
0.0,57.034540412204684,654.3305459518474,0.0,19.496501059274053,654.3305459518474,0.0,8.904372125578895,654.3305459518474,0.0,45.27844126601556,654.3305459518474,0.0,54.35740892346856,654.3305459518474,0.0,1.6877568081162613,616.668520902609
0.0,56.97634190157999,654.3305459518474,0.0,20.835066803642118,654.3305459518474,0.0,8.380585529956607,654.3305459518474,0.0,47.19899211663062,654.3305459518474,0.0,53.30983573222398,654.3305459518474,0.0,1.9787493612397546,618.2515203916008
0.0,56.6853493484565,654.3305459518474,0.0,22.464625101133684,654.3305459518474,0.0,7.39121084933673,654.3305459518474,0.0,48.82855041412218,654.3305459518474,0.0,52.2622625409794,654.3305459518474,0.0,2.3861389356126455,620.1604315400909
0.0,56.2779597740836,654.3305459518474,0.0,22.98841169675597,654.3305459518474,0.0,6.343637658092154,654.3305459518474,0.0,50.22531466911495,654.3305459518474,0.0,51.389284881608916,654.3305459518474,0.0,2.735329999360837,622.3486955395796
0.0,56.16156275283421,654.3305459518474,0.0,20.07848616552104,654.3305459518474,0.0,5.761652551845168,654.3305459518474,0.0,50.63270424348784,654.3305459518474,0.0,49.99252062661615,654.3305459518474,0.0,3.2009180843584266,624.9094300070664
0.0,56.103364242209516,654.3305459518474,0.0,14.607826166799367,654.3305459518474,0.0,5.528858509346373,654.3305459518474,0.0,50.749101264737234,654.3305459518474,0.0,48.18836679725049,654.3305459518474,0.0,3.7247046799807144,627.8891937510509
0.0,56.2779597740836,654.3305459518474,0.0,10.126540848697566,654.3305459518474,0.0,6.227240636842756,654.3305459518474,0.0,47.7809772228776,654.3305459518474,0.0,45.27844126601556,654.3305459518474,0.0,4.481285318101797,631.4742220055324
0.0,56.510753816582394,654.3305459518474,0.0,8.380585529956607,654.3305459518474,0.0,7.158416806837935,654.3305459518474,0.0,43.18329488352641,654.3305459518474,0.0,43.00869935165231,654.3305459518474,0.0,5.063270424348783,635.5248383450114
0.0,72.4951218768658,654.3305459518474,0.0,21.366890988361313,650.6974369402087,0.0,46.601820477115105,654.3305459518474,0.0,43.50890636693905,654.3305459518474,0.0,53.38243081162909,654.3305459518474,0.0,42.80001807644424,649.7648528061668
0.0,120.16509336470433,654.3305459518474,0.0,56.48152617250358,654.3305459518474,0.0,121.98099745996382,654.3305459518474,0.0,88.19335548328084,654.3305459518474,0.0,106.00413380182215,654.3305459518474,0.0,124.82018425019209,654.3305459518474
0.0,187.4733988518003,654.3305459518474,0.0,78.99048640243672,633.3210323542842,0.0,167.4865847047349,654.3305459518474,0.0,182.83641721188988,654.3305459518474,0.0,171.3226505777248,654.3305459518474,0.0,187.77614167081765,654.3305459518474
0.0,240.1044625825336,654.3305459518474,0.0,82.55163490049695,615.8726672547812,0.0,153.6052228870525,654.3305459518474,0.0,250.21078106972237,654.3305459518474,0.0,185.7120792708058,654.3305459518474,0.0,226.99779064854962,654.3305459518474
0.0,260.9335258644623,654.3305459518474,0.0,99.63859517280785,615.511262427589,0.0,97.13455833551747,651.4651042873649,0.0,266.62143791444413,654.3305459518474,0.0,184.21781720462906,654.3305459518474,0.0,246.9302966907723,654.3305459518474
0.0,268.61740787633596,654.3305459518474,0.0,119.30518912267095,630.9554137257257,0.0,128.13749935579992,654.3305459518474,0.0,270.0457893007612,654.3305459518474,0.0,141.2746430367581,654.3305459518474,0.0,248.3884389462315,654.3305459518474
0.0,240.28691797451953,654.3305459518474,0.0,136.89871538995212,654.3305459518474,0.0,122.35844847431765,654.3305459518474,0.0,244.44912851787723,654.3305459518474,0.0,133.48858284343046,654.3305459518474,0.0,232.57866641782223,654.3305459518474
0.0,186.35658779997743,654.3305459518474,0.0,137.7134945386979,654.3305459518474,0.0,71.02815206782155,625.358698019669,0.0,201.45243620965172,654.3305459518474,0.0,114.75316506356252,654.3305459518474,0.0,198.3684483334978,654.3305459518474
0.0,127.64762077452656,654.3305459518474,0.0,83.83182440525525,638.1623703571026,0.0,76.70166754902297,602.060365568692,0.0,155.81005185313745,654.3305459518474,0.0,86.5343918127254,640.8649377645728,0.0,145.66496725234452,654.3305459518474
0.0,84.29855791271109,638.6291038645585,0.0,52.23100082951706,590.3933711866197,0.0,85.02873493862498,587.089100507317,0.0,86.46011812390688,640.7906640757543,0.0,39.666659243250706,580.5315970078235,0.0,74.96057032953716,629.2911162813846
0.0,57.67472402907638,654.3305459518474,0.0,46.20961743601074,627.3610651354282,0.0,40.665039206440674,619.6211318724695,0.0,28.750064248601138,654.3305459518474,0.0,7.624004891835525,586.6308009212919,0.0,15.348687084696747,641.570065949142
0.0,57.67472402907638,654.3305459518474,0.0,46.79160254225773,654.3305459518474,0.0,41.61193509665954,652.9106799497971,0.0,21.184257867390315,654.3305459518474,0.0,6.285439147467455,591.6591522392658,0.0,14.840620209298159,653.4425621165805
0.0,57.616525518451674,654.3305459518474,0.0,46.67520552100833,654.3305459518474,0.0,39.2257961610469,654.3305459518474,0.0,12.978267869307802,654.3305459518474,0.0,3.4337121268572206,594.4061219407516,0.0,13.85124552867828,654.3305459518474
0.0,57.20913594407879,654.3305459518474,0.0,47.839175733502294,654.3305459518474,0.0,37.59623786355534,654.3305459518474,0.0,6.110843615593359,654.3305459518474,0.0,1.6877568081162613,595.7563273872446,0.0,13.50205446493009,654.3305459518474
0.0,56.80174636970589,654.3305459518474,0.0,50.10891764786555,654.3305459518474,0.0,35.67568701294028,654.3305459518474,0.0,2.0951463824891516,654.3305459518474,0.0,2.735329999360837,597.9445913867332,0.0,12.454481273685513,654.3305459518474
0.0,56.4525553059577,654.3305459518474,0.0,52.029468498480604,654.3305459518474,0.0,32.70756297108065,654.3305459518474,0.0,0.4655880849975893,654.3305459518474,0.0,8.031394466208416,604.3697069597,0.0,12.338084252436117,654.3305459518474
0.0,56.16156275283421,654.3305459518474,0.0,53.30983573222398,654.3305459518474,0.0,32.183776375458365,654.3305459518474,0.0,0.11639702124939733,654.3305459518474,0.0,14.258635103051171,615.776615042141,0.0,12.803672337433706,654.3305459518474
0.0,56.4525553059577,654.3305459518474,0.0,54.47380594471795,654.3305459518474,0.0,29.56484339734692,654.3305459518474,0.0,0.11639702124939733,654.3305459518474,0.0,18.79811893177767,630.8151101875632,0.0,12.338084252436117,654.3305459518474
0.0,56.7435478590812,654.3305459518474,0.0,55.754173178461315,654.3305459518474,0.0,32.940357013579444,654.3305459518474,0.0,0.349191063748192,654.3305459518474,0.0,20.77686829301742,647.4366048219771,0.0,10.359334891196362,654.3305459518474
0.0,57.20913594407879,654.3305459518474,0.0,56.510753816582394,654.3305459518474,0.0,33.05675403482884,654.3305459518474,0.0,0.7565806381210826,654.3305459518474,0.0,20.718669782392723,654.3305459518474,0.0,8.729776593704798,654.3305459518474
0.0,57.500128497202276,654.3305459518474,0.0,56.510753816582394,654.3305459518474,0.0,32.76576148170535,654.3305459518474,0.0,1.2803672337433705,654.3305459518474,0.0,20.02028765489634,654.3305459518474,0.0,7.274813828087333,654.3305459518474
0.0,57.616525518451674,654.3305459518474,0.0,56.33615828470831,654.3305459518474,0.0,32.47476892858185,654.3305459518474,0.0,2.269741914363248,654.3305459518474,0.0,19.321905527399956,654.3305459518474,0.0,5.412461488096976,654.3305459518474
0.0,57.441929986577584,654.3305459518474,0.0,55.81237168908602,654.3305459518474,0.0,29.390247865472826,654.3305459518474,0.0,4.073895743728906,654.3305459518474,0.0,19.845692123022243,654.3305459518474,0.0,4.772277871225291,654.3305459518474
0.0,57.034540412204684,654.3305459518474,0.0,55.230386582839024,654.3305459518474,0.0,21.475250420513806,654.3305459518474,0.0,6.227240636842756,654.3305459518474,0.0,19.72929510177285,654.3305459518474,0.0,5.005071913724085,654.3305459518474
0.0,64.25283433908072,654.3305459518474,0.0,76.37720148806855,654.3305459518474,0.0,52.04254191581772,654.3305459518474,0.0,32.501883456729274,654.3305459518474,0.0,43.284327642522214,654.3305459518474,0.0,17.980338022175193,647.3108839740225
0.0,111.18980476913373,654.3305459518474,0.0,138.6504965014214,654.3305459518474,0.0,124.07446523303956,654.3305459518474,0.0,112.36870473736329,654.3305459518474,0.0,108.34965028543228,654.3305459518474,0.0,47.218424513651236,654.3305459518474
0.0,153.90654387418937,654.3305459518474,0.0,206.45900900380414,654.3305459518474,0.0,196.389343514288,654.3305459518474,0.0,193.27991971940014,654.3305459518474,0.0,176.13926357774952,654.3305459518474,0.0,68.22208332745406,622.5526292793014
0.0,168.0599990349298,654.3305459518474,0.0,252.8800526983467,654.3305459518474,0.0,250.5854080522046,654.3305459518474,0.0,238.23496129837162,654.3305459518474,0.0,225.7911639166696,654.3305459518474,0.0,72.92044296783095,595.4730722471323
0.0,201.0527287664056,654.3305459518474,0.0,266.64183800493794,654.3305459518474,0.0,281.6055696731391,654.3305459518474,0.0,259.5060330849624,654.3305459518474,0.0,233.86203541242233,654.3305459518474,0.0,118.1050990994595,609.9571515266999
0.0,204.690974985156,654.3305459518474,0.0,260.5482149899966,654.3305459518474,0.0,276.5484804994888,654.3305459518474,0.0,261.2551678935451,654.3305459518474,0.0,199.00227297068602,654.3305459518474,0.0,157.93549225361576,654.3305459518474
0.0,173.85476963663575,654.3305459518474,0.0,203.7708381651144,654.3305459518474,0.0,247.42679102926212,654.3305459518474,0.0,243.14103452048334,654.3305459518474,0.0,189.94838577399693,654.3305459518474,0.0,153.80657748910392,654.3305459518474
0.0,138.86439133385477,654.3305459518474,0.0,169.73839510250588,654.3305459518474,0.0,204.54967523212775,654.3305459518474,0.0,204.8301616222528,654.3305459518474,0.0,163.6076845833739,654.3305459518474,0.0,158.32884071717834,654.3305459518474
0.0,104.23106395493377,654.3305459518474,0.0,154.3391916383112,654.3305459518474,0.0,139.44673189807185,654.3305459518474,0.0,145.76414367294188,654.3305459518474,0.0,115.6860198429711,654.3305459518474,0.0,118.62738481465344,654.3305459518474
0.0,75.29968973680494,629.6302356886523,0.0,91.07184157406837,645.4023875259157,0.0,67.02799682595598,621.3585427778033,0.0,67.0755114445972,621.4060573964446,0.0,51.14448379568335,605.4750297475307,0.0,44.292601533207545,598.6231474850549
0.0,57.67472402907638,654.3305459518474,0.0,46.03502190413665,654.3305459518474,0.0,16.57871566792727,634.6215153121451,0.0,1.8812515500558078,622.9110586364892,0.0,18.623523399903572,620.3738484674535,0.0,29.15745382297403,621.9491105434341
0.0,57.558327007826975,654.3305459518474,0.0,45.685830840388455,654.3305459518474,0.0,13.269260422431296,645.2369236500901,0.0,3.2009180843584266,625.471793103976,0.0,26.887711908610783,641.8840179943421,0.0,35.966679566063775,650.7224541962852
0.0,57.500128497202276,654.3305459518474,0.0,46.20961743601074,654.3305459518474,0.0,15.539002336794544,654.3305459518474,0.0,12.338084252436117,635.3422605059249,0.0,32.125577864833666,654.3305459518474,0.0,34.569915311071,654.3305459518474
0.0,57.67472402907638,654.3305459518474,0.0,47.37358764850471,654.3305459518474,0.0,18.623523399903572,654.3305459518474,0.0,21.067860846140917,652.1965491828375,0.0,33.69693765170052,654.3305459518474,0.0,33.23134956670293,654.3305459518474
0.0,57.441929986577584,654.3305459518474,0.0,48.59575637162338,654.3305459518474,0.0,22.057235526760792,654.3305459518474,0.0,22.464625101133684,654.3305459518474,0.0,30.205027014218608,654.3305459518474,0.0,28.982858291099934,654.3305459518474
0.0,56.219761263458906,654.3305459518474,0.0,49.81792509474205,654.3305459518474,0.0,24.559771483622836,654.3305459518474,0.0,25.25815361111922,654.3305459518474,0.0,27.877086589230657,654.3305459518474,0.0,23.10480871800537,654.3305459518474
0.0,55.172188072214325,654.3305459518474,0.0,50.749101264737234,654.3305459518474,0.0,23.51219829237826,654.3305459518474,0.0,27.29510148298367,654.3305459518474,0.0,27.29510148298367,654.3305459518474,0.0,19.61289808052345,654.3305459518474
0.0,53.83362232784627,654.3305459518474,0.0,50.690902754112535,654.3305459518474,0.0,22.057235526760792,654.3305459518474,0.0,30.205027014218608,654.3305459518474,0.0,27.41149850423307,654.3305459518474,0.0,18.041538293656586,654.3305459518474
0.0,49.468734030993865,654.3305459518474,0.0,49.93432211599145,654.3305459518474,0.0,20.835066803642118,654.3305459518474,0.0,30.205027014218608,654.3305459518474,0.0,23.10480871800537,654.3305459518474,0.0,20.07848616552104,654.3305459518474
0.0,48.77035190349748,654.3305459518474,0.0,48.53755786099868,654.3305459518474,0.0,17.2849576555355,654.3305459518474,0.0,30.5542180779668,654.3305459518474,0.0,21.7662429736373,654.3305459518474,0.0,17.052163613036708,654.3305459518474
0.0,51.04009381786073,654.3305459518474,0.0,47.43178615912941,654.3305459518474,0.0,15.422605315545146,654.3305459518474,0.0,30.845210631090293,654.3305459518474,0.0,22.69741914363248,654.3305459518474,0.0,19.321905527399956,654.3305459518474
0.0,54.532004455342644,654.3305459518474,0.0,45.91862488288725,654.3305459518474,0.0,16.120987443041532,654.3305459518474,0.0,29.15745382297403,654.3305459518474,0.0,22.98841169675597,654.3305459518474,0.0,22.581022122383082,654.3305459518474
0.0,56.510753816582394,654.3305459518474,0.0,44.92925020226737,654.3305459518474,0.0,16.93576659178731,654.3305459518474,0.0,27.00410892986018,654.3305459518474,0.0,23.919587866751147,654.3305459518474,0.0,23.686793824252355,654.3305459518474
0.0,57.500128497202276,654.3305459518474,0.0,45.162044244766165,654.3305459518474,0.0,17.401354676784898,654.3305459518474,0.0,27.12050595110958,654.3305459518474,0.0,24.734367015496932,654.3305459518474,0.0,22.522823611758383,654.3305459518474
0.0,83.27456430180206,654.3305459518474,0.0,66.0650257575433,654.3305459518474,0.0,60.231311313248185,654.3305459518474,0.0,43.83469557933675,654.3305459518474,0.0,32.608564279468354,654.3305459518474,0.0,33.82605263231693,654.3305459518474
0.0,146.5875726462876,654.3305459518474,0.0,146.94162180929095,654.3305459518474,0.0,140.29630770609182,654.3305459518474,0.0,86.07798673928296,654.3305459518474,0.0,56.174636170171325,654.3305459518474,0.0,98.29817309004133,654.3305459518474
0.0,200.11051324645683,654.3305459518474,0.0,201.2336832779632,654.3305459518474,0.0,205.02965988590574,654.3305459518474,0.0,130.6492183242171,654.3305459518474,0.0,85.99002739762427,640.3205733494717,0.0,168.2961502962554,654.3305459518474
0.0,235.60109856452456,654.3305459518474,0.0,216.90815957505765,654.3305459518474,0.0,248.62087753076023,654.3305459518474,0.0,191.07252349897652,654.3305459518474,0.0,116.29776578025209,653.3587859736734,0.0,239.93790463975637,654.3305459518474
0.0,258.6291650198099,654.3305459518474,0.0,216.62502688204603,654.3305459518474,0.0,270.91276343841827,654.3305459518474,0.0,270.2596841331945,654.3305459518474,0.0,182.61987607656994,654.3305459518474,0.0,273.12094962333003,654.3305459518474
0.0,274.48927619873206,654.3305459518474,0.0,224.37496726465616,654.3305459518474,0.0,270.99772101922025,654.3305459518474,0.0,300.6396621372573,654.3305459518474,0.0,214.3982969450389,654.3305459518474,0.0,271.80596345929746,654.3305459518474
0.0,275.9474184541913,654.3305459518474,0.0,198.84118536266706,654.3305459518474,0.0,249.3995368687885,654.3305459518474,0.0,284.969866210433,654.3305459518474,0.0,172.5073763386827,654.3305459518474,0.0,250.37919535089807,654.3305459518474
0.0,250.89026398715333,654.3305459518474,0.0,154.6348645617048,654.3305459518474,0.0,210.41704091323885,654.3305459518474,0.0,248.88943592600637,654.3305459518474,0.0,99.76135117374076,654.0918971255882,0.0,188.34505335972753,654.3305459518474
0.0,196.0790962931289,654.3305459518474,0.0,113.38412757222022,654.3305459518474,0.0,157.79065755277566,654.3305459518474,0.0,191.58041264539003,654.3305459518474,0.0,61.97894524140254,616.0708423669907,0.0,119.57242436647385,654.3305459518474
0.0,117.82461270933445,654.3305459518474,0.0,76.68709325125751,631.0176392031049,0.0,91.31435181507749,645.6448977669249,0.0,108.95786127490139,654.3305459518474,0.0,29.665698427357675,545.7365407943485,0.0,60.65910097811488,614.9896469299623
0.0,50.593404942928586,654.3305459518474,0.0,52.84424764722639,654.3305459518474,0.0,35.81098324425513,654.3305459518474,0.0,42.135721692281834,654.3305459518474,0.0,19.089111484901164,561.0078299822694,0.0,18.623523399903572,629.8884656498851
0.0,45.80222786163785,654.3305459518474,0.0,51.796674455981815,654.3305459518474,0.0,35.50109148106618,654.3305459518474,0.0,27.70249105735656,654.3305459518474,0.0,22.464625101133684,578.9795300631764,0.0,17.575950208658995,643.9492258168123
0.0,43.00869935165231,654.3305459518474,0.0,51.389284881608916,654.3305459518474,0.0,37.30524531043184,654.3305459518474,0.0,23.395801271128864,654.3305459518474,0.0,25.025359568620424,598.9998177180728,0.0,20.31128020801983,654.3305459518474
0.0,40.15697233104208,654.3305459518474,0.0,51.44748339223362,654.3305459518474,0.0,39.86597977791859,654.3305459518474,0.0,25.025359568620424,654.3305459518474,0.0,24.443374462373438,618.5545172879715,0.0,25.14175658986982,654.3305459518474
0.0,36.25767211918726,654.3305459518474,0.0,51.331086370984224,654.3305459518474,0.0,40.273369352291475,654.3305459518474,0.0,27.70249105735656,654.3305459518474,0.0,22.813816164881878,636.805570219877,0.0,30.263225524843307,654.3305459518474
0.0,32.30017339670776,654.3305459518474,0.0,51.50568190285831,654.3305459518474,0.0,34.569915311071,654.3305459518474,0.0,31.48539424796198,654.3305459518474,0.0,22.63922063300778,654.3305459518474,0.0,30.96160765233969,654.3305459518474
0.0,28.400873184852944,654.3305459518474,0.0,52.0876670091053,654.3305459518474,0.0,38.58561254417521,654.3305459518474,0.0,31.42719573733728,654.3305459518474,0.0,25.14175658986982,654.3305459518474,0.0,32.47476892858185,654.3305459518474
0.0,24.79256552612163,654.3305459518474,0.0,52.727850625976984,654.3305459518474,0.0,44.114471053521584,654.3305459518474,0.0,34.33712126857221,654.3305459518474,0.0,27.877086589230657,654.3305459518474,0.0,32.241974886083064,654.3305459518474
0.0,20.31128020801983,654.3305459518474,0.0,53.36803424284868,654.3305459518474,0.0,39.4585902035457,654.3305459518474,0.0,39.05120062917281,654.3305459518474,0.0,27.12050595110958,654.3305459518474,0.0,28.750064248601138,654.3305459518474
0.0,17.2267591449108,654.3305459518474,0.0,53.83362232784627,654.3305459518474,0.0,34.97730488544389,654.3305459518474,0.0,39.516788714170396,654.3305459518474,0.0,25.025359568620424,654.3305459518474,0.0,22.581022122383082,654.3305459518474
0.0,15.539002336794544,654.3305459518474,0.0,53.600828285347475,654.3305459518474,0.0,28.750064248601138,654.3305459518474,0.0,37.01425275730835,654.3305459518474,0.0,22.98841169675597,654.3305459518474,0.0,18.099736804281285,654.3305459518474
0.0,14.433230634925268,654.3305459518474,0.0,52.90244615785109,654.3305459518474,0.0,21.475250420513806,654.3305459518474,0.0,34.51171680044631,654.3305459518474,0.0,23.977786377375846,654.3305459518474,0.0,19.61289808052345,654.3305459518474
0.0,12.221687231186719,654.3305459518474,0.0,52.7860491366017,654.3305459518474,0.0,19.438302548649354,654.3305459518474,0.0,31.36899722671258,654.3305459518474,0.0,24.617969994247535,654.3305459518474,0.0,22.057235526760792,654.3305459518474
0.0,10.88312148681865,654.3305459518474,0.0,52.7860491366017,654.3305459518474,0.0,19.438302548649354,654.3305459518474,0.0,29.681240418596317,654.3305459518474,0.0,26.422123823613195,654.3305459518474,0.0,18.623523399903572,654.3305459518474
0.0,49.58884372904018,654.3305459518474,0.0,56.27177852338516,654.3305459518474,0.0,25.470547563124214,654.3305459518474,0.0,37.03165108694546,654.3305459518474,0.0,58.247703852753276,654.3305459518474,0.0,28.83987992865829,654.3305459518474
0.0,136.93033255938457,654.3305459518474,0.0,99.7042980855743,654.3305459518474,0.0,57.64364004659909,654.3305459518474,0.0,84.2407148600565,654.3305459518474,0.0,135.5977703367299,654.3305459518474,0.0,92.35424287519527,654.3305459518474
0.0,202.30704784591188,654.3305459518474,0.0,126.66010243230514,654.3305459518474,0.0,83.91342476723044,638.2439707190779,0.0,161.6850996653753,654.3305459518474,0.0,201.19624031580244,654.3305459518474,0.0,187.92848077379946,654.3305459518474
0.0,246.09025935227757,654.3305459518474,0.0,127.7989921840352,654.3305459518474,0.0,77.1356384645881,615.3796091836659,0.0,222.84308450733363,654.3305459518474,0.0,250.9031596755054,654.3305459518474,0.0,236.54684903228525,654.3305459518474
0.0,266.01490553438845,654.3305459518474,0.0,83.87112370581451,638.2016696576619,0.0,86.02446859892835,601.4040777825943,0.0,241.41962647555113,654.3305459518474,0.0,269.72203415574694,654.3305459518474,0.0,267.6016295835089,654.3305459518474
0.0,266.5418716198525,654.3305459518474,0.0,68.01569289716247,606.2173625548244,0.0,78.00243487326014,579.4065126558544,0.0,236.5449926938868,654.3305459518474,0.0,268.2277720895703,654.3305459518474,0.0,273.5678162272472,654.3305459518474
0.0,248.12888583355542,654.3305459518474,0.0,72.5031594659627,578.720522020787,0.0,70.9383363877644,550.3448490436188,0.0,217.49332417114638,654.3305459518474,0.0,248.79079269236422,654.3305459518474,0.0,251.40804706106226,654.3305459518474
0.0,210.55887385322225,654.3305459518474,0.0,82.9977905884739,561.7183126092609,0.0,79.19316415593141,529.5380131995502,0.0,190.101870299437,654.3305459518474,0.0,209.5566034842503,654.3305459518474,0.0,213.24033025425834,654.3305459518474
0.0,152.6914450466944,654.3305459518474,0.0,87.60969176762046,549.3280043768814,0.0,65.23002424728877,494.76803744683895,0.0,162.62863833676738,654.3305459518474,0.0,151.8480504893729,654.3305459518474,0.0,153.08426032330183,654.3305459518474
0.0,75.09286479999531,629.4234107518428,0.0,66.53529421281098,515.8632985896924,0.0,43.47446516563496,438.2425026124739,0.0,102.53862677654743,654.3305459518474,0.0,75.03598944081392,629.3665353926613,0.0,91.03907898217768,645.3696249340251
0.0,3.4715105469881222,632.2006191894333,0.0,45.860426372262545,552.5516396875024,0.0,30.96160765233969,463.01178873434566,0.0,50.51630722223844,654.3305459518474,0.0,16.780070269978665,642.7905916086441,0.0,28.419772394918397,654.3305459518474
0.0,0.11639702124939733,632.2937368064328,0.0,43.18329488352641,587.0982755943236,0.0,29.681240418596317,486.7567810692227,0.0,48.886748924746875,654.3305459518474,0.0,13.734848507428882,653.7784704145872,0.0,23.279404249879466,654.3305459518474
0.0,2.269741914363248,634.1095303379234,0.0,39.2257961610469,618.4789125231611,0.0,29.681240418596317,510.50177340409977,0.0,45.80222786163785,654.3305459518474,0.0,10.999518508068046,654.3305459518474,0.0,23.337602760504165,654.3305459518474
0.0,8.962570636203594,641.2795868468862,0.0,36.83965722543426,647.9506383035084,0.0,29.681240418596317,534.2467657389768,0.0,39.516788714170396,654.3305459518474,0.0,8.555181061830703,654.3305459518474,0.0,26.422123823613195,654.3305459518474
0.0,14.666024677424062,653.0124065888255,0.0,36.37406914043667,654.3305459518474,0.0,27.76068956798126,556.4553173933618,0.0,33.34774658795233,654.3305459518474,0.0,7.042019785588539,654.3305459518474,0.0,31.310798716087884,654.3305459518474
0.0,16.004590421792134,654.3305459518474,0.0,38.87660509729871,654.3305459518474,0.0,24.676168504872233,576.1962521972596,0.0,31.136203184213784,654.3305459518474,0.0,7.216615317462634,654.3305459518474,0.0,34.33712126857221,654.3305459518474
0.0,15.480803826169845,654.3305459518474,0.0,42.193920202906526,654.3305459518474,0.0,25.14175658986982,596.3096574691555,0.0,26.771314887361385,654.3305459518474,0.0,7.798600423709622,654.3305459518474,0.0,29.390247865472826,654.3305459518474
0.0,14.491429145549967,654.3305459518474,0.0,43.06689786227701,654.3305459518474,0.0,20.136684676145737,612.4190052100721,0.0,24.035984888000545,654.3305459518474,0.0,6.867424253714441,654.3305459518474,0.0,24.035984888000545,654.3305459518474
0.0,13.269260422431296,654.3305459518474,0.0,42.834103819778214,654.3305459518474,0.0,15.073414251796954,624.4777366115096,0.0,22.17363254801019,654.3305459518474,0.0,5.7034540412204695,654.3305459518474,0.0,22.348228079884287,654.3305459518474
0.0,15.829994889918037,654.3305459518474,0.0,47.14079360600592,654.3305459518474,0.0,14.898818719922858,636.3967915874479,0.0,23.86138935612645,654.3305459518474,0.0,4.830476381849989,654.3305459518474,0.0,18.914515953027067,654.3305459518474
0.0,19.321905527399956,654.3305459518474,0.0,49.06134445662097,654.3305459518474,0.0,20.660471271768024,652.9251686048623,0.0,24.734367015496932,654.3305459518474,0.0,4.597682339351194,654.3305459518474,0.0,15.829994889918037,654.3305459518474
0.0,20.660471271768024,654.3305459518474,0.0,49.81792509474205,654.3305459518474,0.0,31.136203184213784,654.3305459518474,0.0,25.956535738615603,654.3305459518474,0.0,4.946873403099386,654.3305459518474,0.0,12.16348872056202,654.3305459518474
0.0,22.581022122383082,654.3305459518474,0.0,50.39991020098904,654.3305459518474,0.0,40.73895743728906,654.3305459518474,0.0,28.051682121104758,654.3305459518474,0.0,5.412461488096976,654.3305459518474,0.0,11.057717018692745,654.3305459518474
0.0,25.083558079245122,654.3305459518474,0.0,51.68027743473242,654.3305459518474,0.0,44.638257649143874,654.3305459518474,0.0,31.310798716087884,654.3305459518474,0.0,5.8198510624698665,654.3305459518474,0.0,9.893746806198772,654.3305459518474
0.0,77.90961743234628,654.3305459518474,0.0,72.45114220603645,654.3305459518474,0.0,46.585567569936224,654.3305459518474,0.0,55.38325887277604,654.3305459518474,0.0,46.31400741383336,654.3305459518474,0.0,20.626030070463933,649.9565760223113
0.0,159.71270928381907,654.3305459518474,0.0,127.46366450211227,654.3305459518474,0.0,58.33080509515682,654.3305459518474,0.0,115.00768234799838,654.3305459518474,0.0,123.79937012912481,654.3305459518474,0.0,50.949488173315466,654.3305459518474
0.0,226.94073756038313,654.3305459518474,0.0,179.1446528527849,654.3305459518474,0.0,74.7650415202141,629.0955874720615,0.0,157.82342014466633,654.3305459518474,0.0,185.39786259531687,654.3305459518474,0.0,72.01452498758472,626.3450709394322
0.0,269.6621570357089,654.3305459518474,0.0,237.64440541607257,654.3305459518474,0.0,99.09237441930826,628.1879618913698,0.0,155.1131706060694,654.3305459518474,0.0,218.91437892241495,654.3305459518474,0.0,101.34224943013287,627.4188704835385
0.0,291.08106528399645,654.3305459518474,0.0,260.59537415066774,654.3305459518474,0.0,122.43033263778253,646.1322280015959,0.0,118.85496529992696,654.3305459518474,0.0,226.79961553633999,654.3305459518474,0.0,137.46197901511871,654.3305459518474
0.0,296.62882300340823,654.3305459518474,0.0,252.13601229060757,654.3305459518474,0.0,152.3699807465967,654.3305459518474,0.0,111.37711826037483,654.3305459518474,0.0,218.57622720862034,654.3305459518474,0.0,110.95454215273341,654.3305459518474
0.0,284.0860269300939,654.3305459518474,0.0,239.17328641253843,654.3305459518474,0.0,206.6337822646633,654.3305459518474,0.0,127.21047036911966,654.3305459518474,0.0,201.7267413490783,654.3305459518474,0.0,112.09811227473358,654.3305459518474
0.0,251.2065147300258,654.3305459518474,0.0,214.31430705771012,654.3305459518474,0.0,225.75618952841032,654.3305459518474,0.0,114.4648188133256,654.3305459518474,0.0,181.24686913089778,654.3305459518474,0.0,61.63461227690952,615.9651582287569
0.0,198.00600612342748,654.3305459518474,0.0,165.21295238458967,654.3305459518474,0.0,182.67922000965288,654.3305459518474,0.0,79.76543306366808,634.0959790155155,0.0,143.87503226277423,654.3305459518474,0.0,33.079188192706155,549.044346421463
0.0,123.97643423490044,654.3305459518474,0.0,99.43670738380129,653.7672533356487,0.0,109.12627555607703,654.3305459518474,0.0,56.06256406122192,590.1585430767374,0.0,70.84587440482065,625.176420356668,0.0,16.091226612007535,465.13557303347056
0.0,55.26818500296993,654.3305459518474,0.0,54.88119551909084,654.3305459518474,0.0,43.08579707234246,654.3305459518474,0.0,49.87612360536675,630.0594419610308,0.0,6.447494448959603,630.3344159158357,0.0,15.18981127304635,477.28742205190764
0.0,52.14586551973,654.3305459518474,0.0,54.124614880969766,654.3305459518474,0.0,37.59623786355534,654.3305459518474,0.0,49.52693254161856,654.3305459518474,0.0,5.528858509346373,634.7575027233129,0.0,25.025359568620424,497.30770970680396
0.0,51.62207892410771,654.3305459518474,0.0,53.600828285347475,654.3305459518474,0.0,31.659989779836074,654.3305459518474,0.0,48.47935935037398,654.3305459518474,0.0,6.98382127496384,640.344559743284,0.0,31.310798716087884,522.3563486796743
0.0,50.05071913724085,654.3305459518474,0.0,53.36803424284868,654.3305459518474,0.0,27.877086589230657,654.3305459518474,0.0,47.14079360600592,654.3305459518474,0.0,10.359334891196362,648.6320276562411,0.0,36.31587062981197,551.4090451835239
0.0,49.23593998849507,654.3305459518474,0.0,52.84424764722639,654.3305459518474,0.0,25.19995510049452,654.3305459518474,0.0,45.860426372262545,654.3305459518474,0.0,15.480803826169845,654.3305459518474,0.0,36.432267651061366,580.5548593043729
0.0,51.44748339223362,654.3305459518474,0.0,52.3204610516041,654.3305459518474,0.0,23.686793824252355,654.3305459518474,0.0,45.627632329763756,654.3305459518474,0.0,19.61289808052345,654.3305459518474,0.0,32.47476892858185,606.5346744472384
0.0,56.2779597740836,654.3305459518474,0.0,51.50568190285831,654.3305459518474,0.0,21.882639994886695,654.3305459518474,0.0,45.220242755390856,654.3305459518474,0.0,21.242456378015014,654.3305459518474,0.0,31.310798716087884,631.5833134201088
0.0,56.80174636970589,654.3305459518474,0.0,50.63270424348784,654.3305459518474,0.0,18.68172191052827,654.3305459518474,0.0,45.51123530851436,654.3305459518474,0.0,21.358853399264408,654.3305459518474,0.0,38.934803607923406,654.3305459518474
0.0,55.98696722096011,654.3305459518474,0.0,49.643329562867955,654.3305459518474,0.0,19.845692123022243,654.3305459518474,0.0,45.74402935101315,654.3305459518474,0.0,23.919587866751147,654.3305459518474,0.0,43.998074032272186,654.3305459518474
0.0,54.24101190221916,654.3305459518474,0.0,48.71215339287278,654.3305459518474,0.0,22.75561765425718,654.3305459518474,0.0,44.92925020226737,654.3305459518474,0.0,26.771314887361385,654.3305459518474,0.0,48.886748924746875,654.3305459518474
0.0,52.49505658347819,654.3305459518474,0.0,47.43178615912941,654.3305459518474,0.0,28.168079142354156,654.3305459518474,0.0,44.69645615976857,654.3305459518474,0.0,30.612416588591497,654.3305459518474,0.0,49.52693254161856,654.3305459518474
0.0,49.87612360536675,654.3305459518474,0.0,45.860426372262545,654.3305459518474,0.0,35.03550339606859,654.3305459518474,0.0,43.12509637290171,654.3305459518474,0.0,35.326495949192086,654.3305459518474,0.0,51.73847594535711,654.3305459518474
0.0,47.25719062725532,654.3305459518474,0.0,44.23086807477098,654.3305459518474,0.0,43.299691904775806,654.3305459518474,0.0,40.62256041603966,654.3305459518474,0.0,30.3796225460927,654.3305459518474,0.0,52.2040640303547,654.3305459518474
0.0,42.42671424540532,654.3305459518474,0.0,41.78653062853363,654.3305459518474,0.0,48.362962329124585,654.3305459518474,0.0,39.400391692921,654.3305459518474,0.0,27.353299993608367,654.3305459518474,0.0,50.05071913724085,654.3305459518474
0.0,72.997185230551,654.3305459518474,0.0,63.471350969180804,654.3305459518474,0.0,57.676402638489776,654.3305459518474,0.0,61.98962913338604,654.3305459518474,0.0,61.22218687429641,654.3305459518474,0.0,82.04153395771483,654.3305459518474
0.0,136.6893231988038,654.3305459518474,0.0,119.0722173511871,654.3305459518474,0.0,79.2620465585396,654.3305459518474,0.0,116.53824195387767,654.3305459518474,0.0,135.9800794503389,654.3305459518474,0.0,151.2249097441682,654.3305459518474
0.0,201.63506933062268,654.3305459518474,0.0,163.11648285065723,654.3305459518474,0.0,108.69830816222529,654.3305459518474,0.0,181.829999659603,654.3305459518474,0.0,205.5738465720218,654.3305459518474,0.0,213.2150720645094,654.3305459518474
0.0,245.4072414870348,654.3305459518474,0.0,208.07938428974055,654.3305459518474,0.0,159.0218315584644,654.3305459518474,0.0,243.62666723800467,654.3305459518474,0.0,251.21305143869435,654.3305459518474,0.0,266.1496685787481,654.3305459518474
0.0,257.605526866871,654.3305459518474,0.0,233.6477851220188,654.3305459518474,0.0,196.44400707710082,654.3305459518474,0.0,263.18640263614367,654.3305459518474,0.0,277.2564010965104,654.3305459518474,0.0,290.61379858958543,654.3305459518474
0.0,229.72022495955838,654.3305459518474,0.0,238.1118498394686,654.3305459518474,0.0,226.1005224929034,654.3305459518474,0.0,256.1569230809371,654.3305459518474,0.0,282.50530640268687,654.3305459518474,0.0,292.12227949555756,654.3305459518474
0.0,171.5036050892824,654.3305459518474,0.0,219.78850200424367,654.3305459518474,0.0,208.24594223251776,654.3305459518474,0.0,223.86107459652925,654.3305459518474,0.0,266.3966814610423,654.3305459518474,0.0,273.2861844146639,654.3305459518474
0.0,152.7964472600201,654.3305459518474,0.0,165.72605508822846,654.3305459518474,0.0,184.21278137638882,654.3305459518474,0.0,170.28629446541888,654.3305459518474,0.0,228.3957003260006,654.3305459518474,0.0,233.2325356875341,654.3305459518474
0.0,119.03609754046963,654.3305459518474,0.0,116.81819515704757,654.3305459518474,0.0,136.11970059395372,654.3305459518474,0.0,117.9683019877163,654.3305459518474,0.0,171.6450825712957,654.3305459518474,0.0,172.16736828648962,654.3305459518474
0.0,69.81048598598792,624.1410319378354,0.0,72.7817895176893,627.1123354695367,0.0,81.47526857169154,635.805814523539,0.0,55.62744772319854,609.9579936750459,0.0,94.20069776597687,648.5312437178243,0.0,91.39780851545115,645.7283544672986
0.0,27.787448638158565,646.3709908483622,0.0,29.774057859510165,650.9315817571448,0.0,44.81285318101797,654.3305459518474,0.0,5.5713372997473725,614.4150635148438,0.0,29.917213950936862,654.3305459518474,0.0,19.47610096878026,654.3305459518474
0.0,24.443374462373438,654.3305459518474,0.0,28.400873184852944,654.3305459518474,0.0,45.80222786163785,654.3305459518474,0.0,4.772277871225291,618.2328858118241,0.0,24.501572972998137,654.3305459518474,0.0,11.697900635564432,654.3305459518474
0.0,24.152381909249943,654.3305459518474,0.0,28.168079142354156,654.3305459518474,0.0,46.55880849975893,654.3305459518474,0.0,5.528858509346373,622.6559726193012,0.0,22.23183105863489,654.3305459518474,0.0,8.089592976833115,654.3305459518474
0.0,23.686793824252355,654.3305459518474,0.0,28.400873184852944,654.3305459518474,0.0,46.67520552100833,654.3305459518474,0.0,5.412461488096976,626.9859418097788,0.0,19.67109659114815,654.3305459518474,0.0,6.401836168716853,654.3305459518474
0.0,23.10480871800537,654.3305459518474,0.0,27.818888078605962,654.3305459518474,0.0,45.97682339351194,654.3305459518474,0.0,4.888674892474688,630.8968817237585,0.0,19.61289808052345,654.3305459518474,0.0,7.798600423709622,654.3305459518474
0.0,21.7662429736373,654.3305459518474,0.0,27.12050595110958,654.3305459518474,0.0,43.998074032272186,654.3305459518474,0.0,4.772277871225291,634.7147040207387,0.0,20.602272761143325,654.3305459518474,0.0,8.904372125578895,654.3305459518474
0.0,20.485875739893928,654.3305459518474,0.0,27.41149850423307,654.3305459518474,0.0,41.72833211790894,654.3305459518474,0.0,4.3066897862277,638.160055849721,0.0,18.73992042115297,654.3305459518474,0.0,11.174114039942143,654.3305459518474
0.0,20.25308169739513,654.3305459518474,0.0,25.607344674867413,654.3305459518474,0.0,39.1675976504222,654.3305459518474,0.0,3.841101701230112,641.232937210705,0.0,16.93576659178731,654.3305459518474,0.0,10.708525954944554,654.3305459518474
0.0,19.90389063364694,654.3305459518474,0.0,25.14175658986982,654.3305459518474,0.0,37.01425275730835,654.3305459518474,0.0,3.7247046799807144,644.2127009546896,0.0,13.676649996804183,654.3305459518474,0.0,8.846173614954198,654.3305459518474
0.0,19.089111484901164,654.3305459518474,0.0,26.422123823613195,654.3305459518474,0.0,34.628113821695706,654.3305459518474,0.0,3.6665061693560155,647.1459058901744,0.0,10.708525954944554,654.3305459518474,0.0,6.576431700590949,654.3305459518474
0.0,17.575950208658995,654.3305459518474,0.0,27.17870446173428,654.3305459518474,0.0,32.35837190733246,654.3305459518474,0.0,3.49191063748192,649.9394344001599,0.0,8.26418850870721,654.3305459518474,0.0,4.946873403099386,654.3305459518474
0.0,16.237384464290926,654.3305459518474,0.0,26.771314887361385,654.3305459518474,0.0,29.15745382297403,654.3305459518474,0.0,3.084521063109029,652.4070512506472,0.0,5.528858509346373,654.3305459518474,0.0,4.423086807477099,654.3305459518474
0.0,14.491429145549967,654.3305459518474,0.0,25.898337227990908,654.3305459518474,0.0,25.665543185492112,654.3305459518474,0.0,2.5025359568620424,654.3305459518474,0.0,3.7247046799807144,654.3305459518474,0.0,5.587057019971072,654.3305459518474
0.0,12.396282763060816,654.3305459518474,0.0,24.79256552612163,654.3305459518474,0.0,23.163007228630068,654.3305459518474,0.0,2.0951463824891516,654.3305459518474,0.0,2.269741914363248,654.3305459518474,0.0,8.6133795724554,654.3305459518474
0.0,32.33664866539537,654.3305459518474,0.0,48.6385906199945,654.3305459518474,0.0,27.362838463133627,654.3305459518474,0.0,22.68355576180724,652.0141017136547,0.0,8.964249245616998,638.2947951974644,0.0,52.80080116335221,654.3305459518474
0.0,82.58943332062783,654.3305459518474,0.0,103.97672439948296,654.3305459518474,0.0,52.19355786735627,654.3305459518474,0.0,73.11879580902566,654.3305459518474,0.0,29.203467561186894,641.6575692464139,0.0,132.33883147073183,654.3305459518474
0.0,149.46359016317365,654.3305459518474,0.0,152.6439304280532,654.3305459518474,0.0,74.24010950213358,628.570655453981,0.0,119.47378113283166,654.3305459518474,0.0,38.97781558527958,580.6353848316935,0.0,196.9950859298556,654.3305459518474
0.0,225.73614489588667,654.3305459518474,0.0,198.2973541345211,654.3305459518474,0.0,91.94685330082238,620.5175087548033,0.0,157.86961161186426,654.3305459518474,0.0,67.75817385186987,548.3935586835634,0.0,244.63026075841992,654.3305459518474
0.0,245.5647941472419,654.3305459518474,0.0,218.5758717506502,654.3305459518474,0.0,93.40499555628159,613.9225043110849,0.0,198.71295902697594,654.3305459518474,0.0,95.97226673243689,544.3658254160002,0.0,271.3373736134432,654.3305459518474
0.0,244.32372621405776,654.3305459518474,0.0,224.25892570137688,654.3305459518474,0.0,88.14505090015152,602.0675552112365,0.0,214.69732708725934,654.3305459518474,0.0,107.23619645243618,550.1547825779492,0.0,275.58118451877607,654.3305459518474
0.0,235.52621264020303,654.3305459518474,0.0,206.15733255869716,654.3305459518474,0.0,76.35733458452994,578.4248897957664,0.0,218.45197032725912,654.3305459518474,0.0,107.29439496306088,555.9902985483978,0.0,240.216534691483,654.3305459518474
0.0,198.84807752930575,654.3305459518474,0.0,138.08926694363834,654.3305459518474,0.0,60.931372050157975,539.3562618459243,0.0,193.5347924618061,654.3305459518474,0.0,93.88180072021785,549.8720992686157,0.0,185.93383396335093,654.3305459518474
0.0,134.13044506971553,654.3305459518474,0.0,91.39295041619599,645.7234963680434,0.0,39.57852217260695,478.9347840185313,0.0,138.0142032903317,654.3305459518474,0.0,66.99841372390705,516.8705129925227,0.0,126.92901628552143,654.3305459518474
0.0,51.523613419450584,605.854159371298,0.0,54.9900881381985,600.7135845062419,0.0,16.786429249662167,395.7212132681934,0.0,64.98504543237814,619.3155913842255,0.0,35.16965420492521,452.0401671974479,0.0,74.8499991010161,629.1805450528635
0.0,6.8706037435561935,611.350642366143,0.0,28.750064248601138,623.7136359051228,0.0,9.719151274324677,403.49653428765316,0.0,5.33386288697848,623.5826816938084,0.0,3.7829031906054134,455.0664897499322,0.0,48.130168286625796,654.3305459518474
0.0,3.899300211854811,614.4700825356268,0.0,29.390247865472826,647.2258341975011,0.0,10.417533401821059,411.83056100911,0.0,2.3279404249879465,625.4450340337987,0.0,4.248491275603002,458.4652827704146,0.0,51.56388041348302,654.3305459518474
0.0,4.190292764978303,617.8223167476094,0.0,31.136203184213784,654.3305459518474,0.0,10.650327444319855,420.3508229645659,0.0,1.6295582974915626,626.7486806717919,0.0,5.005071913724085,462.46934030139386,0.0,55.34678360408843,654.3305459518474
0.0,5.878049573094565,622.5247564060851,0.0,29.56484339734692,654.3305459518474,0.0,10.766724465569252,428.9642025370213,0.0,1.2803672337433705,627.7729744587866,0.0,5.005071913724085,466.4733978323731,0.0,57.20913594407879,654.3305459518474
0.0,9.544555742450582,630.1604010000456,0.0,28.400873184852944,654.3305459518474,0.0,10.301136380571663,437.20511164147865,0.0,1.222168723118672,628.7507094372816,0.0,4.888674892474688,470.38433774635286,0.0,51.971269987855905,654.3305459518474
0.0,13.96764254992768,641.3345150399878,0.0,27.586094036107163,654.3305459518474,0.0,9.13716616807769,444.5148445759408,0.0,1.396764254992768,629.8681208412758,0.0,4.597682339351194,474.06248361783383,0.0,36.60686318293546,654.3305459518474
0.0,16.17918595366623,654.2778638029207,0.0,27.17870446173428,654.3305459518474,0.0,7.740401913084923,450.70716610640875,0.0,1.396764254992768,630.98553224527,0.0,4.772277871225291,477.8803059148141,0.0,34.162525736698115,654.3305459518474
0.0,14.025841060552379,654.3305459518474,0.0,25.607344674867413,654.3305459518474,0.0,6.576431700590949,455.9683114668815,0.0,1.1057717018692748,631.8701496067654,0.0,5.179667445598181,482.02403987129264,0.0,43.939875521647494,654.3305459518474
0.0,12.279885741811418,654.3305459518474,0.0,24.908962547371026,654.3305459518474,0.0,6.343637658092154,461.0432215933552,0.0,1.2803672337433705,632.8944433937601,0.0,4.772277871225291,485.8418621682729,0.0,49.41053552036916,654.3305459518474
0.0,12.105290209937321,654.3305459518474,0.0,24.559771483622836,654.3305459518474,0.0,6.51823318996625,466.2578081453282,0.0,1.5131612762421651,634.1049724147538,0.0,4.3066897862277,489.28721399725504,0.0,52.3786595622288,654.3305459518474
0.0,12.279885741811418,654.3305459518474,0.0,23.86138935612645,654.3305459518474,0.0,6.227240636842756,471.2396006548024,0.0,1.8041538293656585,635.5482954782462,0.0,4.655880849975893,493.01191867723577,0.0,53.077041689725185,654.3305459518474
0.0,12.454481273685513,654.3305459518474,0.0,22.11543403738549,654.3305459518474,0.0,6.169042126218058,476.17483435577685,0.0,2.560734467486741,637.5968830522356,0.0,4.830476381849989,496.87629978271576,0.0,52.2622625409794,654.3305459518474
0.0,13.0946648905572,654.3305459518474,0.0,22.17363254801019,654.3305459518474,0.0,6.0526451049686605,481.0169504397518,0.0,3.7247046799807144,640.5766467962202,0.0,4.423086807477099,500.4147692286974,0.0,52.49505658347819,654.3305459518474
0.0,13.0946648905572,654.3305459518474,0.0,21.882639994886695,654.3305459518474,0.0,5.761652551845168,485.62627248122794,0.0,5.005071913724085,644.5807043271994,0.0,3.550109148106618,503.2548565471827,0.0,53.717225306596866,654.3305459518474
0.0,53.53062273129599,654.3305459518474,0.0,44.961045100684885,654.3305459518474,0.0,8.825773524460399,469.4520460056883,0.0,37.838925833549496,654.3305459518474,0.0,8.080232236292918,486.33508878347567,0.0,74.9536781628985,654.3305459518474
0.0,126.38518505737548,654.3305459518474,0.0,115.41524965135636,654.3305459518474,0.0,30.538853815713214,473.8831290582589,0.0,109.61129603809523,654.3305459518474,0.0,27.361515311690336,488.22430103282795,0.0,124.33030566891873,654.3305459518474
0.0,191.5384670419442,654.3305459518474,0.0,183.82614735047986,654.3305459518474,0.0,65.39711537702112,439.28024443528,0.0,182.84648886837033,654.3305459518474,0.0,49.52914433798714,437.7534453708151,0.0,192.72080327754844,654.3305459518474
0.0,241.15256896073333,654.3305459518474,0.0,239.07614405932458,654.3305459518474,0.0,106.1555052113308,444.20464860434464,0.0,235.52789124961646,654.3305459518474,0.0,68.11672565615827,405.87017102697337,0.0,209.68668615833985,654.3305459518474
0.0,263.02452506363653,654.3305459518474,0.0,267.4144938212528,654.3305459518474,0.0,136.39868610365045,473.323597487265,0.0,257.19063289035637,654.3305459518474,0.0,77.8721744701855,383.74234549715885,0.0,200.53680203089516,654.3305459518474
0.0,263.9006822128488,654.3305459518474,0.0,268.17425394921565,654.3305459518474,0.0,131.92676152608885,498.86500670813604,0.0,258.7573123069531,654.3305459518474,0.0,88.01929313836192,371.76163863552074,0.0,197.06529148390703,654.3305459518474
0.0,247.7102791802439,654.3305459518474,0.0,254.43136785268987,654.3305459518474,0.0,100.56676958194635,499.3184223736931,0.0,243.04821707956953,654.3305459518474,0.0,76.0962805914255,347.85791922694625,0.0,203.58520328328672,654.3305459518474
0.0,206.11035112701114,654.3305459518474,0.0,222.62150754377345,654.3305459518474,0.0,67.42620338877373,466.74462576246685,0.0,209.3382060105319,654.3305459518474,0.0,54.22432448852228,302.0822437154685,0.0,177.17058386181523,654.3305459518474
0.0,154.68573639917284,654.3305459518474,0.0,168.617259138383,654.3305459518474,0.0,37.865684903726795,404.61031066619364,0.0,155.9206230816585,654.3305459518474,0.0,39.943432956578846,242.02567667204735,0.0,118.13918484279347,654.3305459518474
0.0,80.43440981810059,634.764955769948,0.0,89.68329263715759,644.013838589005,0.0,13.208060150949903,317.81837081714355,0.0,83.63700651187241,637.9675524637198,0.0,25.94567411764706,167.9713507896944,0.0,71.42246822485733,625.7530141767047
0.0,19.16152883532121,650.0941788382049,0.0,21.629445861894105,654.3305459518474,0.0,2.560734467486741,319.8669583911329,0.0,19.079750744360965,653.2313530592086,0.0,16.353781485540324,181.05437597812667,0.0,45.39483828726496,654.3305459518474
0.0,12.454481273685513,654.3305459518474,0.0,16.411979996165023,654.3305459518474,0.0,2.61893297811144,321.96210477362206,0.0,15.18981127304635,654.3305459518474,0.0,18.623523399903572,195.95319469804951,0.0,41.20454552228665,654.3305459518474
0.0,10.824922976193951,654.3305459518474,0.0,12.978267869307802,654.3305459518474,0.0,2.735329999360837,324.15036877311076,0.0,15.131612762421653,654.3305459518474,0.0,21.067860846140917,212.80748337496226,0.0,38.87660509729871,654.3305459518474
0.0,11.406908082440939,654.3305459518474,0.0,10.01014382744817,654.3305459518474,0.0,2.560734467486741,326.19895634710014,0.0,14.549627656174666,654.3305459518474,0.0,21.475250420513806,229.9876837113733,0.0,39.98237679916799,654.3305459518474
0.0,10.88312148681865,654.3305459518474,0.0,8.205989998082512,654.3305459518474,0.0,1.8041538293656585,327.64227941059266,0.0,12.221687231186719,654.3305459518474,0.0,21.475250420513806,247.16788404778436,0.0,42.834103819778214,654.3305459518474
0.0,10.824922976193951,654.3305459518474,0.0,8.26418850870721,654.3305459518474,0.0,0.87297765937048,328.340661538089,0.0,10.592128933695157,654.3305459518474,0.0,21.067860846140917,264.0221727246971,0.0,46.20961743601074,654.3305459518474
0.0,12.803672337433706,654.3305459518474,0.0,10.533930423070458,654.3305459518474,0.0,0.2909925531234933,328.5734555805878,0.0,10.068342338072869,654.3305459518474,0.0,20.31128020801983,280.27119689111294,0.0,47.43178615912941,654.3305459518474
0.0,15.539002336794544,654.3305459518474,0.0,11.174114039942143,654.3305459518474,0.0,0.05819851062469866,328.62001438908754,0.0,7.798600423709622,654.3305459518474,0.0,19.321905527399956,295.7287213130329,0.0,46.966198074131825,654.3305459518474
0.0,15.946391911167435,654.3305459518474,0.0,14.025841060552379,654.3305459518474,0.0,0.0,328.62001438908754,0.0,5.9944465943439615,654.3305459518474,0.0,20.544074250518626,312.1639807134478,0.0,46.09322041476134,654.3305459518474
0.0,15.073414251796954,654.3305459518474,0.0,16.819369570537912,654.3305459518474,0.0,0.0,328.62001438908754,0.0,5.878049573094565,654.3305459518474,0.0,21.358853399264408,329.2510634328593,0.0,45.04564722351677,654.3305459518474
0.0,14.72422318804876,654.3305459518474,0.0,20.718669782392723,654.3305459518474,0.0,0.0,328.62001438908754,0.0,5.23786595622288,654.3305459518474,0.0,20.835066803642118,345.919116875773,0.0,43.00869935165231,654.3305459518474
0.0,15.829994889918037,654.3305459518474,0.0,22.98841169675597,654.3305459518474,0.0,0.0,328.62001438908754,0.0,4.597682339351194,654.3305459518474,0.0,19.089111484901164,361.19040606369396,0.0,41.61193509665954,654.3305459518474
0.0,19.20550850615056,654.3305459518474,0.0,30.437821056717404,654.3305459518474,0.0,0.0,328.62001438908754,0.0,5.645255530595771,654.3305459518474,0.0,16.93576659178731,374.7390193371238,0.0,41.029949990412554,654.3305459518474
0.0,24.908962547371026,654.3305459518474,0.0,35.21009892794269,654.3305459518474,0.0,0.0,328.62001438908754,0.0,7.798600423709622,654.3305459518474,0.0,16.470178506789722,387.9151621425556,0.0,38.23642148042702,654.3305459518474
0.0,62.894223962188974,654.3305459518474,0.0,80.64794919256381,654.3305459518474,0.0,17.40789138545346,321.027905774541,0.0,56.44222687194433,654.3305459518474,0.0,33.24106576521325,394.50801475472616,0.0,63.85516096321815,654.3305459518474
0.0,145.72130942457076,654.3305459518474,0.0,153.76356551174774,654.3305459518474,0.0,68.60757193090481,355.91396331926484,0.0,131.74748562394464,654.3305459518474,0.0,73.04319896876386,432.94257392973725,0.0,70.63462587527388,654.3305459518474
0.0,214.78961134121803,654.3305459518474,0.0,222.21226163100215,654.3305459518474,0.0,136.19115025090062,384.8668835199853,0.0,188.117472874454,654.3305459518474,0.0,126.44506217741355,454.09862367166807,0.0,74.38608962543191,628.7166355772792
0.0,223.71288267686234,654.3305459518474,0.0,271.92386136097525,654.3305459518474,0.0,187.7321619999883,455.05261311997594,0.0,217.4451973170021,654.3305459518474,0.0,209.61665833327345,541.7919503382868,0.0,137.71631857056954,654.3305459518474
0.0,173.3908601610516,654.3305459518474,0.0,297.3270274019196,654.3305459518474,0.0,225.6199256036223,555.5485536028738,0.0,219.93201355364045,654.3305459518474,0.0,237.23304638736977,651.5783874481826,0.0,113.02557576793184,654.3305459518474
0.0,132.57109232627545,654.3305459518474,0.0,300.9620941308282,654.3305459518474,0.0,239.27317374907597,654.3305459518474,0.0,206.69401484267152,654.3305459518474,0.0,242.0620218887914,654.3305459518474,0.0,131.33788425320319,654.3305459518474
0.0,110.67555664303669,654.3305459518474,0.0,231.91251369526137,654.3305459518474,0.0,223.57193838180424,654.3305459518474,0.0,185.64001737835588,654.3305459518474,0.0,225.7363226248717,654.3305459518474,0.0,110.53240055160998,654.3305459518474
0.0,91.07184157406837,645.4023875259157,0.0,150.50895155804966,654.3305459518474,0.0,187.44902930697663,654.3305459518474,0.0,159.56354967067895,654.3305459518474,0.0,189.11320653475738,654.3305459518474,0.0,106.34360866706004,654.3305459518474
0.0,73.34151819504405,618.7439057209598,0.0,157.2191786095271,654.3305459518474,0.0,138.6119081168024,654.3305459518474,0.0,111.27847502673265,654.3305459518474,0.0,131.2693573085651,654.3305459518474,0.0,127.71217826483475,654.3305459518474
0.0,53.95487744835082,572.6987831693106,0.0,127.67437984470385,654.3305459518474,0.0,74.53596015451222,628.8665061063596,0.0,76.68276833895752,631.0133142908049,0.0,62.45257091549705,616.7831168673445,0.0,88.93253779176482,643.2630837436122
0.0,42.25211871353123,606.5004781401356,0.0,59.982264363570515,654.3305459518474,0.0,16.410479115736678,641.9948893989489,0.0,34.9883442353975,654.3305459518474,0.0,5.974046503850165,621.5623540704246,0.0,55.25714565301634,654.3305459518474
0.0,41.61193509665954,639.7900262174632,0.0,57.441929986577584,654.3305459518474,0.0,15.480803826169845,654.3305459518474,0.0,34.33712126857221,654.3305459518474,0.0,1.0475731912445758,622.4004126234203,0.0,54.00821785972036,654.3305459518474
0.0,40.73895743728906,654.3305459518474,0.0,57.441929986577584,654.3305459518474,0.0,18.216133825530683,654.3305459518474,0.0,34.104327226073416,654.3305459518474,0.0,0.174595531874096,622.5400890489195,0.0,54.47380594471795,654.3305459518474
0.0,38.12002445917762,654.3305459518474,0.0,56.33615828470831,654.3305459518474,0.0,20.660471271768024,654.3305459518474,0.0,33.75513616232522,654.3305459518474,0.0,0.11639702124939733,622.633206665919,0.0,54.706599987216734,654.3305459518474
0.0,36.95605424668366,654.3305459518474,0.0,57.558327007826975,654.3305459518474,0.0,19.96208914427164,654.3305459518474,0.0,32.70756297108065,654.3305459518474,0.0,0.4655880849975893,623.0056771339171,0.0,55.40498211471312,654.3305459518474
0.0,35.67568701294028,654.3305459518474,0.0,57.67472402907638,654.3305459518474,0.0,14.025841060552379,654.3305459518474,0.0,28.400873184852944,654.3305459518474,0.0,2.3861389356126455,624.9145882824072,0.0,56.33615828470831,654.3305459518474
0.0,32.47476892858185,654.3305459518474,0.0,57.67472402907638,654.3305459518474,0.0,11.290511061191541,654.3305459518474,0.0,25.374550632368617,654.3305459518474,0.0,5.412461488096976,629.2445574728847,0.0,57.383731475952885,654.3305459518474
0.0,28.575468716727045,654.3305459518474,0.0,57.558327007826975,654.3305459518474,0.0,11.290511061191541,654.3305459518474,0.0,25.19995510049452,654.3305459518474,0.0,7.274813828087333,635.0644085353546,0.0,57.67472402907638,654.3305459518474
0.0,22.057235526760792,654.3305459518474,0.0,57.034540412204684,654.3305459518474,0.0,9.95194531682347,654.3305459518474,0.0,27.236902972358976,654.3305459518474,0.0,7.100218296213236,640.7445831723252,0.0,57.558327007826975,654.3305459518474
0.0,17.2849576555355,654.3305459518474,0.0,56.33615828470831,654.3305459518474,0.0,8.438784040581305,654.3305459518474,0.0,28.168079142354156,654.3305459518474,0.0,7.333012338712031,646.6109930432948,0.0,57.558327007826975,654.3305459518474
0.0,14.666024677424062,654.3305459518474,0.0,55.579577646587225,654.3305459518474,0.0,7.740401913084923,654.3305459518474,0.0,26.014734249240302,654.3305459518474,0.0,8.380585529956607,653.3154614672601,0.0,57.15093743345409,654.3305459518474
0.0,10.999518508068046,654.3305459518474,0.0,54.99759254034023,654.3305459518474,0.0,7.9731959555837175,654.3305459518474,0.0,22.057235526760792,654.3305459518474,0.0,10.47573191244576,654.3305459518474,0.0,55.579577646587225,654.3305459518474
0.0,8.380585529956607,654.3305459518474,0.0,53.775423817221565,654.3305459518474,0.0,6.169042126218058,654.3305459518474,0.0,17.110362123661407,654.3305459518474,0.0,11.406908082440939,654.3305459518474,0.0,57.616525518451674,654.3305459518474
0.0,6.51823318996625,654.3305459518474,0.0,52.2622625409794,654.3305459518474,0.0,4.481285318101797,654.3305459518474,0.0,19.089111484901164,654.3305459518474,0.0,5.8198510624698665,654.3305459518474,0.0,57.15093743345409,654.3305459518474
0.0,36.616757110430825,654.3305459518474,0.0,80.37885761036247,654.3305459518474,0.0,18.26665020502859,647.597196156876,0.0,62.30287811540179,654.3305459518474,0.0,16.928084460660518,646.258630412508,0.0,81.27691573049685,654.3305459518474
0.0,101.71351919378827,654.3305459518474,0.0,136.4264128673009,654.3305459518474,0.0,61.49145618548282,654.3305459518474,0.0,114.06732316644806,654.3305459518474,0.0,92.25374330315464,654.3305459518474,0.0,141.5258031023672,654.3305459518474
0.0,166.10871965980758,654.3305459518474,0.0,196.91595414178192,654.3305459518474,0.0,63.60868126787917,617.9392272197266,0.0,125.74182195066203,654.3305459518474,0.0,168.4838192454666,654.3305459518474,0.0,192.4423509548069,654.3305459518474
0.0,214.33709667355754,654.3305459518474,0.0,255.03975657114404,654.3305459518474,0.0,32.547541736972015,550.4867689566986,0.0,140.62659955977458,654.3305459518474,0.0,163.37639142130342,654.3305459518474,0.0,246.2562841080996,654.3305459518474
0.0,240.7202766545816,654.3305459518474,0.0,284.4445787343824,654.3305459518474,0.0,32.973830521410356,483.460599478109,0.0,138.27658043487943,654.3305459518474,0.0,137.33136315407398,654.3305459518474,0.0,274.5285754992913,654.3305459518474
0.0,243.84259613782152,654.3305459518474,0.0,299.94763898944444,654.3305459518474,0.0,40.67661174334943,424.1372112214584,0.0,111.41527213847584,654.3305459518474,0.0,75.94994501015704,630.2804909620045,0.0,289.65568562042796,654.3305459518474
0.0,230.47248068537948,654.3305459518474,0.0,284.48237715451324,654.3305459518474,0.0,77.54038173607441,401.67759295753285,0.0,86.50445325270636,640.8349992045537,0.0,71.26262471973375,601.5431156817382,0.0,276.5687028609975,654.3305459518474
0.0,200.7766659690177,654.3305459518474,0.0,248.1644724573178,654.3305459518474,0.0,44.67190888595985,346.3495018434927,0.0,66.25269470675451,607.0876939113082,0.0,102.94822814728887,603.9016981995693,0.0,231.38872709963908,654.3305459518474
0.0,152.93209894930507,654.3305459518474,0.0,191.49881228341482,654.3305459518474,0.0,28.427987713000366,274.77748955649304,0.0,47.88368859128682,554.971382502595,0.0,114.09576084603879,615.1783068764004,0.0,155.21367017811002,654.3305459518474
0.0,80.79481796078743,635.1253639126348,0.0,114.50429584286991,654.3305459518474,0.0,24.82904079480924,199.6065303513023,0.0,36.67309928265706,491.6444817852521,0.0,60.2079094618977,575.386216338298,0.0,91.17552063595078,645.5060665877982
0.0,8.324065628745313,641.784616415631,0.0,40.415024563289826,654.3305459518474,0.0,6.145462545882509,204.5229003880083,0.0,33.75513616232522,518.6485907151123,0.0,14.560667006128266,587.0347499432006,0.0,57.67472402907638,654.3305459518474
0.0,1.5713597868668638,643.0417042451245,0.0,30.437821056717404,654.3305459518474,0.0,7.100218296213236,210.2030750249789,0.0,40.971751479787855,551.4259918989426,0.0,23.686793824252355,605.9841850026025,0.0,57.616525518451674,654.3305459518474
0.0,1.5131612762421651,644.2522332661182,0.0,21.7662429736373,654.3305459518474,0.0,8.438784040581305,216.95410225744394,0.0,42.65950828790412,585.5535985292659,0.0,32.00918084358427,631.5915296774699,0.0,57.558327007826975,654.3305459518474
0.0,1.0475731912445758,645.0902918191139,0.0,13.0364663799325,654.3305459518474,0.0,10.242937869946964,225.1484525534015,0.0,40.09877382041737,617.6326175855997,0.0,38.12002445917762,654.3305459518474,0.0,57.500128497202276,654.3305459518474
0.0,0.4655880849975893,645.4627622871119,0.0,9.835548295574075,654.3305459518474,0.0,10.88312148681865,233.85494974285643,0.0,35.79208403418968,646.2662848129515,0.0,43.4160889260252,654.3305459518474,0.0,57.32553296532818,654.3305459518474
0.0,0.11639702124939733,645.5558799041114,0.0,12.978267869307802,654.3305459518474,0.0,10.184739359322265,242.00274123031426,0.0,30.5542180779668,654.3305459518474,0.0,46.15141892538605,654.3305459518474,0.0,57.15093743345409,654.3305459518474
0.0,0.0,645.5558799041114,0.0,14.491429145549967,654.3305459518474,0.0,10.126540848697566,250.1039739092723,0.0,21.7662429736373,654.3305459518474,0.0,47.95557275475169,654.3305459518474,0.0,57.15093743345409,654.3305459518474
0.0,0.0,645.5558799041114,0.0,13.443855954305391,654.3305459518474,0.0,9.253563189327087,257.506824460734,0.0,14.72422318804876,654.3305459518474,0.0,48.362962329124585,654.3305459518474,0.0,56.97634190157999,654.3305459518474
0.0,0.0,645.5558799041114,0.0,13.269260422431296,654.3305459518474,0.0,8.26418850870721,264.11817526769977,0.0,10.824922976193951,654.3305459518474,0.0,47.315389137880004,654.3305459518474,0.0,56.918143390955294,654.3305459518474
0.0,0.0,645.5558799041114,0.0,14.607826166799367,654.3305459518474,0.0,5.878049573094565,268.82061492617544,0.0,15.24800978367105,654.3305459518474,0.0,42.42671424540532,654.3305459518474,0.0,56.6853493484565,654.3305459518474
0.0,0.0,645.5558799041114,0.0,16.819369570537912,654.3305459518474,0.0,3.550109148106618,271.66070224466074,0.0,10.417533401821059,654.3305459518474,0.0,41.029949990412554,654.3305459518474,0.0,56.2779597740836,654.3305459518474
0.0,0.0,645.5558799041114,0.0,19.089111484901164,654.3305459518474,0.0,2.9681240418596317,274.03520147814845,0.0,11.697900635564432,654.3305459518474,0.0,38.934803607923406,654.3305459518474,0.0,55.92876871033541,654.3305459518474
0.0,0.0,645.5558799041114,0.0,21.067860846140917,654.3305459518474,0.0,3.259116594983125,276.64249475413493,0.0,21.999037016136093,654.3305459518474,0.0,34.569915311071,654.3305459518474,0.0,55.055791050964935,654.3305459518474
0.0,0.05819851062469866,645.6024387126112,0.0,21.533448931138505,654.3305459518474,0.0,5.8198510624698665,281.29837560411084,0.0,41.55373658603484,654.3305459518474,0.0,34.6863123323204,654.3305459518474,0.0,53.89182083847097,654.3305459518474
0.0,56.777376824882225,654.3305459518474,0.0,69.05090358701014,654.3305459518474,0.0,36.87781110353527,290.80062448693906,0.0,72.50934071666114,654.3305459518474,0.0,36.117695517602314,654.3305459518474,0.0,89.12603253370438,654.3305459518474
0.0,138.0142032903317,654.3305459518474,0.0,147.64521749401263,654.3305459518474,0.0,92.29772297398398,344.63880286612624,0.0,144.00325859846535,654.3305459518474,0.0,53.11033746857104,654.3305459518474,0.0,162.72145577768123,654.3305459518474
0.0,202.92533049186144,654.3305459518474,0.0,216.4870843478446,654.3305459518474,0.0,122.45126591523149,362.5998155983114,0.0,234.09897663823602,654.3305459518474,0.0,63.858340453059895,618.1888864049073,0.0,223.57908732597585,654.3305459518474
0.0,245.36679676401727,654.3305459518474,0.0,263.4837541689506,654.3305459518474,0.0,125.67426269949712,383.1392257579091,0.0,231.2833694283433,654.3305459518474,0.0,70.5292682039781,588.7181546088854,0.0,260.7763286622253,654.3305459518474
0.0,267.44478783924205,654.3305459518474,0.0,281.51142908078197,654.3305459518474,0.0,130.2940237387555,407.3744447489135,0.0,191.3554784630031,654.3305459518474,0.0,111.28765803828779,597.7482810395156,0.0,269.9104930694463,654.3305459518474
0.0,270.699224063955,654.3305459518474,0.0,279.9007699933559,654.3305459518474,0.0,165.2655028314711,459.5868470140904,0.0,135.40860050709034,654.3305459518474,0.0,183.01119047274904,654.3305459518474,0.0,267.72252924604334,654.3305459518474
0.0,256.10376039855254,654.3305459518474,0.0,258.62819732633676,654.3305459518474,0.0,207.04788627668978,545.2251560354422,0.0,111.58933448339477,654.3305459518474,0.0,185.74969996195162,654.3305459518474,0.0,173.08264700727605,654.3305459518474
0.0,222.69260174275024,654.3305459518474,0.0,219.22259207619047,654.3305459518474,0.0,208.58780662310926,632.0954013339297,0.0,87.6379517182261,641.9684976700735,0.0,175.50976385286134,654.3305459518474,0.0,99.72805539489491,654.0586013467423
0.0,169.14290207240373,654.3305459518474,0.0,162.11492339762552,654.3305459518474,0.0,153.5092259562969,654.3305459518474,0.0,83.2352650012428,625.2037626713163,0.0,144.00661581729213,654.3305459518474,0.0,61.29778371455822,615.3563850613006
0.0,94.19787373410523,648.5284196859526,0.0,88.40310313239925,642.7336490842466,0.0,75.69357138732269,630.0241173391701,0.0,81.1054996884645,606.3092623597809,0.0,83.23712133964128,637.5676672914886,0.0,32.87933447108311,548.2357195323837
0.0,19.268565116030413,654.3305459518474,0.0,21.11201824595532,654.3305459518474,0.0,22.397065849968786,647.9417700191451,0.0,55.92090885022357,651.0459894399597,0.0,37.35090359067459,654.3305459518474,0.0,13.621630976021239,559.1330243132006
0.0,12.454481273685513,654.3305459518474,0.0,19.61289808052345,654.3305459518474,0.0,24.79256552612163,654.3305459518474,0.0,56.80174636970589,654.3305459518474,0.0,35.73388552356498,654.3305459518474,0.0,25.84013871736621,579.8051352870935
0.0,14.433230634925268,654.3305459518474,0.0,25.374550632368617,654.3305459518474,0.0,28.750064248601138,654.3305459518474,0.0,56.918143390955294,654.3305459518474,0.0,38.294619991051725,654.3305459518474,0.0,43.64888296852399,614.7242416619127
0.0,15.71359786866864,654.3305459518474,0.0,30.728813609840895,654.3305459518474,0.0,29.15745382297403,654.3305459518474,0.0,56.918143390955294,654.3305459518474,0.0,37.829031906054134,654.3305459518474,0.0,49.468734030993865,654.2992288867079
0.0,15.015215741172256,654.3305459518474,0.0,30.03043148234451,654.3305459518474,0.0,23.395801271128864,654.3305459518474,0.0,56.4525553059577,654.3305459518474,0.0,35.442892970441484,654.3305459518474,0.0,50.63270424348784,654.3305459518474
0.0,12.745473826809006,654.3305459518474,0.0,29.041056801724633,654.3305459518474,0.0,21.358853399264408,654.3305459518474,0.0,55.34678360408843,654.3305459518474,0.0,32.88215850295474,654.3305459518474,0.0,53.775423817221565,654.3305459518474
0.0,9.719151274324677,654.3305459518474,0.0,26.305726802363797,654.3305459518474,0.0,24.85076403674633,654.3305459518474,0.0,52.96064466847578,654.3305459518474,0.0,31.543592758586676,654.3305459518474,0.0,56.97634190157999,654.3305459518474
0.0,7.042019785588539,654.3305459518474,0.0,23.279404249879466,654.3305459518474,0.0,28.284476163603546,654.3305459518474,0.0,49.52693254161856,654.3305459518474,0.0,30.03043148234451,654.3305459518474,0.0,57.500128497202276,654.3305459518474
0.0,4.946873403099386,654.3305459518474,0.0,20.485875739893928,654.3305459518474,0.0,28.750064248601138,654.3305459518474,0.0,45.27844126601556,654.3305459518474,0.0,29.56484339734692,654.3305459518474,0.0,57.26733445470348,654.3305459518474
0.0,3.841101701230112,654.3305459518474,0.0,20.485875739893928,654.3305459518474,0.0,26.829513397986084,654.3305459518474,0.0,41.90292764978304,654.3305459518474,0.0,30.205027014218608,654.3305459518474,0.0,57.441929986577584,654.3305459518474
0.0,3.259116594983125,654.3305459518474,0.0,27.00410892986018,654.3305459518474,0.0,28.982858291099934,654.3305459518474,0.0,37.47984084230594,654.3305459518474,0.0,30.437821056717404,654.3305459518474,0.0,57.67472402907638,654.3305459518474
0.0,3.4337121268572206,654.3305459518474,0.0,25.25815361111922,654.3305459518474,0.0,33.28954807732764,654.3305459518474,0.0,30.728813609840895,654.3305459518474,0.0,29.85583595047041,654.3305459518474,0.0,57.383731475952885,654.3305459518474
0.0,4.423086807477099,654.3305459518474,0.0,21.358853399264408,654.3305459518474,0.0,35.966679566063775,654.3305459518474,0.0,24.908962547371026,654.3305459518474,0.0,28.168079142354156,654.3305459518474,0.0,57.67472402907638,654.3305459518474
0.0,5.005071913724085,654.3305459518474,0.0,21.7080444630126,654.3305459518474,0.0,36.95605424668366,654.3305459518474,0.0,18.565324889278873,654.3305459518474,0.0,29.914034461095113,654.3305459518474,0.0,57.616525518451674,654.3305459518474
0.0,63.59764191792557,654.3305459518474,0.0,74.89901460008565,654.3305459518474,0.0,66.96962058634622,654.3305459518474,0.0,36.72829603242507,654.3305459518474,0.0,43.730838788469306,654.3305459518474,0.0,63.35309760953295,654.3305459518474
0.0,143.93005128355716,654.3305459518474,0.0,150.6556425972882,654.3305459518474,0.0,120.11193068231984,654.3305459518474,0.0,94.60676418890648,654.3305459518474,0.0,111.31123761862334,654.3305459518474,0.0,120.64640116992561,654.3305459518474
0.0,205.1054344551526,654.3305459518474,0.0,201.41649412791926,654.3305459518474,0.0,145.18798435942324,654.3305459518474,0.0,175.71147391288287,654.3305459518474,0.0,185.65688252103777,654.3305459518474,0.0,208.59345468685254,654.3305459518474
0.0,244.92478825935527,654.3305459518474,0.0,223.5495042239269,654.3305459518474,0.0,139.83204277253753,654.3305459518474,0.0,234.5085780089775,654.3305459518474,0.0,241.7295182387401,654.3305459518474,0.0,284.1865265021346,654.3305459518474
0.0,265.396800617424,654.3305459518474,0.0,214.67957329965213,654.3305459518474,0.0,121.7210888893176,654.3305459518474,0.0,253.19533574774596,654.3305459518474,0.0,262.97065146531185,654.3305459518474,0.0,308.8048519543522,654.3305459518474
0.0,266.92100124361974,654.3305459518474,0.0,202.40251158971233,654.3305459518474,0.0,106.96356992242298,654.3305459518474,0.0,255.413238131168,654.3305459518474,0.0,278.1920799077906,654.3305459518474,0.0,312.55163533424013,654.3305459518474
0.0,250.87843467271162,654.3305459518474,0.0,167.80530402150885,654.3305459518474,0.0,100.61189467523391,654.3305459518474,0.0,238.54017269129042,654.3305459518474,0.0,262.37126802942777,654.3305459518474,0.0,297.5173426540174,654.3305459518474
0.0,216.0626519018047,654.3305459518474,0.0,121.0507889834418,654.3305459518474,0.0,90.7226505103202,645.0531964621675,0.0,204.4573909781691,654.3305459518474,0.0,208.0996066512493,654.3305459518474,0.0,259.66419798067255,654.3305459518474
0.0,161.45751918010174,654.3305459518474,0.0,81.64668461372389,635.9772305655713,0.0,77.2376389170571,622.2908353792246,0.0,150.8683920072633,654.3305459518474,0.0,152.61363641006406,654.3305459518474,0.0,191.37437767306852,654.3305459518474
0.0,87.76927849521108,642.0998244470585,0.0,59.09206610354799,595.0692966691192,0.0,66.59499360386403,588.8858289830887,0.0,77.54038173607441,631.8709276879218,0.0,95.05291987688344,649.3834658287308,0.0,114.3106233719453,654.3305459518474
0.0,15.311066393550902,654.3305459518474,0.0,49.75972658411735,634.8770779364131,0.0,55.90518912999986,633.6099802870885,0.0,9.76330867413908,639.6815746272331,0.0,54.2174323218836,654.3305459518474,0.0,54.98037193968819,654.3305459518474
0.0,5.470659998721674,654.3305459518474,0.0,51.389284881608916,654.3305459518474,0.0,54.59020296596734,654.3305459518474,0.0,3.3755136162325226,642.3819855202191,0.0,53.30983573222398,654.3305459518474,0.0,48.0137712653764,654.3305459518474
0.0,4.481285318101797,654.3305459518474,0.0,55.87057019971072,654.3305459518474,0.0,53.42623275347337,654.3305459518474,0.0,3.3755136162325226,645.0823964132052,0.0,52.66965211535229,654.3305459518474,0.0,48.362962329124585,654.3305459518474
0.0,4.888674892474688,654.3305459518474,0.0,57.20913594407879,654.3305459518474,0.0,51.389284881608916,654.3305459518474,0.0,4.248491275603002,648.4811894336876,0.0,51.09829232848543,654.3305459518474,0.0,50.10891764786555,654.3305459518474
0.0,6.92562276433914,654.3305459518474,0.0,57.500128497202276,654.3305459518474,0.0,47.43178615912941,654.3305459518474,0.0,6.285439147467455,653.5095407516616,0.0,50.05071913724085,654.3305459518474,0.0,53.36803424284868,654.3305459518474
0.0,8.787975104329497,654.3305459518474,0.0,57.616525518451674,654.3305459518474,0.0,37.53803935293064,654.3305459518474,0.0,7.565806381210827,654.3305459518474,0.0,49.35233700974447,654.3305459518474,0.0,55.695974667836616,654.3305459518474
0.0,9.311761699951786,654.3305459518474,0.0,57.500128497202276,654.3305459518474,0.0,27.236902972358976,654.3305459518474,0.0,6.867424253714441,654.3305459518474,0.0,48.886748924746875,654.3305459518474,0.0,56.6271508378318,654.3305459518474
0.0,7.9731959555837175,654.3305459518474,0.0,57.20913594407879,654.3305459518474,0.0,19.089111484901164,654.3305459518474,0.0,5.528858509346373,654.3305459518474,0.0,47.7809772228776,654.3305459518474,0.0,57.034540412204684,654.3305459518474
0.0,7.274813828087333,654.3305459518474,0.0,56.7435478590812,654.3305459518474,0.0,13.676649996804183,654.3305459518474,0.0,3.550109148106618,654.3305459518474,0.0,47.48998466975411,654.3305459518474,0.0,57.26733445470348,654.3305459518474
0.0,7.624004891835525,654.3305459518474,0.0,55.87057019971072,654.3305459518474,0.0,8.904372125578895,654.3305459518474,0.0,2.036947871864453,654.3305459518474,0.0,46.26781594663544,654.3305459518474,0.0,57.500128497202276,654.3305459518474
0.0,7.333012338712031,654.3305459518474,0.0,54.99759254034023,654.3305459518474,0.0,5.005071913724085,654.3305459518474,0.0,1.9787493612397546,654.3305459518474,0.0,44.05627254289689,654.3305459518474,0.0,57.32553296532818,654.3305459518474
0.0,7.216615317462634,654.3305459518474,0.0,53.83362232784627,654.3305459518474,0.0,1.2803672337433705,654.3305459518474,0.0,3.084521063109029,654.3305459518474,0.0,41.55373658603484,654.3305459518474,0.0,57.15093743345409,654.3305459518474
0.0,8.496982551206004,654.3305459518474,0.0,52.14586551973,654.3305459518474,0.0,0.05819851062469866,654.3305459518474,0.0,5.23786595622288,654.3305459518474,0.0,38.23642148042702,654.3305459518474,0.0,57.441929986577584,654.3305459518474
0.0,10.766724465569252,654.3305459518474,0.0,50.10891764786555,654.3305459518474,0.0,0.11639702124939733,654.3305459518474,0.0,8.6715780830801,654.3305459518474,0.0,34.33712126857221,654.3305459518474,0.0,57.500128497202276,654.3305459518474
0.0,67.75949700331317,654.3305459518474,0.0,82.75563580543492,654.3305459518474,0.0,43.462280393223125,654.3305459518474,0.0,62.268436914097705,654.3305459518474,0.0,58.255563712865126,654.3305459518474,0.0,98.68480711595032,654.3305459518474
0.0,129.4854258407082,654.3305459518474,0.0,147.66208263669458,654.3305459518474,0.0,117.03880442713452,654.3305459518474,0.0,139.81199814001388,654.3305459518474,0.0,119.0534958701067,654.3305459518474,0.0,173.15320801929767,654.3305459518474
0.0,176.04962562667743,654.3305459518474,0.0,204.73831187481215,654.3305459518474,0.0,179.35139874104664,654.3305459518474,0.0,206.05065173595804,654.3305459518474,0.0,179.81830997748753,654.3305459518474,0.0,232.77763149452,654.3305459518474
0.0,195.98681203917027,654.3305459518474,0.0,247.09014019589586,654.3305459518474,0.0,232.87901971148594,654.3305459518474,0.0,245.6922305184449,654.3305459518474,0.0,233.7864385721605,654.3305459518474,0.0,269.30007028360865,654.3305459518474
0.0,154.09907092265573,654.3305459518474,0.0,266.0489912777224,654.3305459518474,0.0,257.51774525419734,654.3305459518474,0.0,261.64515913828086,654.3305459518474,0.0,258.0587524504717,654.3305459518474,0.0,289.43861129815286,654.3305459518474
0.0,90.04052129000266,644.37106724185,0.0,269.48906238426315,654.3305459518474,0.0,263.4839318979357,654.3305459518474,0.0,257.96761361897126,654.3305459518474,0.0,259.00096797042045,654.3305459518474,0.0,291.4284000093462,654.3305459518474
0.0,86.01846507721496,630.389532319065,0.0,263.38757950920996,654.3305459518474,0.0,248.82240986179664,654.3305459518474,0.0,210.04126850829837,654.3305459518474,0.0,246.70518477940033,654.3305459518474,0.0,267.58555440531507,654.3305459518474
0.0,81.01489404391921,611.4044263629842,0.0,220.99645188756696,654.3305459518474,0.0,215.5040686469082,654.3305459518474,0.0,155.53681308762117,654.3305459518474,0.0,213.16508887196665,654.3305459518474,0.0,232.1374478776483,654.3305459518474
0.0,57.03207183830316,568.4364982012873,0.0,167.34925440603652,654.3305459518474,0.0,163.85920010695307,654.3305459518474,0.0,91.63395977677675,645.9645057286241,0.0,162.70944873425444,654.3305459518474,0.0,194.88200803077416,654.3305459518474
0.0,33.04924963268711,501.4857478339745,0.0,99.1758311196819,653.5063770715293,0.0,96.85124791352077,651.1817938653681,0.0,43.548738854453475,589.5132445830776,0.0,87.28629208057639,641.6168380324237,0.0,126.22409744935649,654.3305459518474
0.0,10.809203255970251,510.1331104387507,0.0,41.45941826469265,654.3305459518474,0.0,36.76741760399926,654.3305459518474,0.0,9.299221469569837,596.9526217587335,0.0,14.993314770250112,653.6114898486238,0.0,63.136023287257856,654.3305459518474
0.0,15.480803826169845,522.5177534996866,0.0,35.966679566063775,654.3305459518474,0.0,32.59116594983125,654.3305459518474,0.0,5.354262977472277,601.2360321407112,0.0,4.539483828726496,654.3305459518474,0.0,57.616525518451674,654.3305459518474
0.0,7.333012338712031,528.3841633706562,0.0,31.834585311710175,654.3305459518474,0.0,33.75513616232522,654.3305459518474,0.0,3.9574987224795093,604.4020311186948,0.0,3.084521063109029,654.3305459518474,0.0,57.558327007826975,654.3305459518474
0.0,1.6877568081162613,529.7343688171492,0.0,26.247528291739094,654.3305459518474,0.0,32.649364460455956,654.3305459518474,0.0,3.3755136162325226,607.1024420116809,0.0,1.6877568081162613,654.3305459518474,0.0,57.616525518451674,654.3305459518474
0.0,1.5713597868668638,530.9914566466426,0.0,21.417051909889107,654.3305459518474,0.0,32.940357013579444,654.3305459518474,0.0,4.539483828726496,610.7340290746621,0.0,0.7565806381210826,654.3305459518474,0.0,57.616525518451674,654.3305459518474
0.0,8.904372125578895,538.1149543471057,0.0,16.353781485540324,654.3305459518474,0.0,34.104327226073416,654.3305459518474,0.0,7.9731959555837175,617.1125858391291,0.0,0.40738957437289064,654.3305459518474,0.0,57.67472402907638,654.3305459518474
0.0,15.24800978367105,550.3133621740426,0.0,12.454481273685513,654.3305459518474,0.0,41.20454552228665,654.3305459518474,0.0,11.639702124939733,626.4243475390809,0.0,0.4655880849975893,654.3305459518474,0.0,57.67472402907638,654.3305459518474
0.0,18.099736804281285,564.7931516174676,0.0,9.369960210576485,654.3305459518474,0.0,48.362962329124585,654.3305459518474,0.0,15.422605315545146,638.7624317915171,0.0,0.6401836168716852,654.3305459518474,0.0,57.558327007826975,654.3305459518474
0.0,19.26370701677526,580.2041172308878,0.0,6.51823318996625,654.3305459518474,0.0,49.41053552036916,654.3305459518474,0.0,20.36947871864453,654.3305459518474,0.0,0.5819851062469866,654.3305459518474,0.0,57.383731475952885,654.3305459518474
0.0,20.25308169739513,596.406582588804,0.0,5.412461488096976,654.3305459518474,0.0,47.7227787122529,654.3305459518474,0.0,26.713116376736686,654.3305459518474,0.0,0.349191063748192,654.3305459518474,0.0,57.20913594407879,654.3305459518474
0.0,21.533448931138505,613.6333417337148,0.0,5.354262977472277,654.3305459518474,0.0,42.135721692281834,654.3305459518474,0.0,33.34774658795233,654.3305459518474,0.0,0.174595531874096,654.3305459518474,0.0,56.6853493484565,654.3305459518474
0.0,19.321905527399956,629.0908661556348,0.0,4.597682339351194,654.3305459518474,0.0,35.67568701294028,654.3305459518474,0.0,39.400391692921,654.3305459518474,0.0,0.11639702124939733,654.3305459518474,0.0,56.4525553059577,654.3305459518474
0.0,15.71359786866864,641.6617444505697,0.0,4.190292764978303,654.3305459518474,0.0,28.750064248601138,654.3305459518474,0.0,42.135721692281834,654.3305459518474,0.0,0.11639702124939733,654.3305459518474,0.0,56.394356795333,654.3305459518474
0.0,13.734848507428882,652.6496232565128,0.0,3.6665061693560155,654.3305459518474,0.0,24.85076403674633,654.3305459518474,0.0,44.05627254289689,654.3305459518474,0.0,0.174595531874096,654.3305459518474,0.0,55.81237168908602,654.3305459518474
0.0,51.15234365579519,654.3305459518474,0.0,27.644648004701978,654.3305459518474,0.0,75.78939058909324,654.3305459518474,0.0,85.8921741284702,654.3305459518474,0.0,49.442685876756784,654.3305459518474,0.0,98.70370632601575,654.3305459518474
0.0,117.61443055369801,654.3305459518474,0.0,92.74926994817129,654.3305459518474,0.0,150.79579692785822,654.3305459518474,0.0,165.6001195974538,654.3305459518474,0.0,126.9830676128312,654.3305459518474,0.0,174.3864160923699,654.3305459518474
0.0,187.28847488591285,654.3305459518474,0.0,144.29028169725896,654.3305459518474,0.0,212.0608180505257,654.3305459518474,0.0,202.55670703109266,654.3305459518474,0.0,189.62127341015596,654.3305459518474,0.0,235.45008261298605,654.3305459518474
0.0,230.4079231950713,654.3305459518474,0.0,212.27338973151578,654.3305459518474,0.0,258.53052178616775,654.3305459518474,0.0,215.20018040543266,654.3305459518474,0.0,231.20548174316505,654.3305459518474,0.0,268.44281234446186,654.3305459518474
0.0,250.71637937121946,654.3305459518474,0.0,230.181488132256,654.3305459518474,0.0,285.52862719431454,654.3305459518474,0.0,231.51333943897043,654.3305459518474,0.0,253.67514267253893,654.3305459518474,0.0,286.4673077664515,654.3305459518474
0.0,251.51861828958332,654.3305459518474,0.0,232.1634169833375,654.3305459518474,0.0,291.77476704122273,654.3305459518474,0.0,241.22948895243843,654.3305459518474,0.0,257.20485173015174,654.3305459518474,0.0,281.00600850827,654.3305459518474
0.0,238.64870985242797,654.3305459518474,0.0,222.5479447708952,654.3305459518474,0.0,280.9197277760247,654.3305459518474,0.0,226.63402528703594,654.3305459518474,0.0,242.9931980587866,654.3305459518474,0.0,260.47579763957657,654.3305459518474
0.0,204.7987221818054,654.3305459518474,0.0,193.19346125816975,654.3305459518474,0.0,251.20969421986754,654.3305459518474,0.0,224.89275033856512,654.3305459518474,0.0,209.96584939702166,654.3305459518474,0.0,232.77763149452,654.3305459518474
0.0,145.40709274908184,654.3305459518474,0.0,124.47735216612742,654.3305459518474,0.0,200.35602524832262,654.3305459518474,0.0,188.03684020595196,654.3305459518474,0.0,158.9722038238918,654.3305459518474,0.0,187.32238290026177,654.3305459518474
0.0,45.40490994374539,599.7354558955927,0.0,46.8409734992974,601.1715194511448,0.0,130.60488319541764,654.3305459518474,0.0,115.66676517493553,654.3305459518474,0.0,88.27098639092617,642.6015323427736,0.0,123.76872065316556,654.3305459518474
0.0,3.6854053794214665,602.68378019913,0.0,10.595308423536908,609.6477661899744,0.0,61.98627191455923,654.3305459518474,0.0,42.60616787653458,654.3305459518474,0.0,20.091204124888044,654.3305459518474,0.0,63.395576399933944,654.3305459518474
0.0,3.1427195737337277,605.197955858117,0.0,13.327458933055995,620.3097333364192,0.0,53.30983573222398,654.3305459518474,0.0,32.06737935420897,654.3305459518474,0.0,13.0946648905572,654.3305459518474,0.0,56.56895232720709,654.3305459518474
0.0,2.3861389356126455,607.1068670066071,0.0,16.353781485540324,633.3927585248514,0.0,54.35740892346856,654.3305459518474,0.0,29.390247865472826,654.3305459518474,0.0,12.803672337433706,654.3305459518474,0.0,57.15093743345409,654.3305459518474
0.0,2.269741914363248,608.9226605380977,0.0,16.353781485540324,646.4757837132836,0.0,54.82299700846614,654.3305459518474,0.0,27.469697014857765,654.3305459518474,0.0,11.639702124939733,654.3305459518474,0.0,57.32553296532818,654.3305459518474
0.0,3.49191063748192,611.7161890480833,0.0,14.258635103051171,654.3305459518474,0.0,55.113989561589634,654.3305459518474,0.0,24.908962547371026,654.3305459518474,0.0,11.115915529317444,654.3305459518474,0.0,57.67472402907638,654.3305459518474
0.0,8.205989998082512,618.2809810465493,0.0,11.232312550566842,654.3305459518474,0.0,55.579577646587225,654.3305459518474,0.0,22.581022122383082,654.3305459518474,0.0,9.95194531682347,654.3305459518474,0.0,57.67472402907638,654.3305459518474
0.0,10.242937869946964,626.4753313425068,0.0,11.232312550566842,654.3305459518474,0.0,55.52137913596252,654.3305459518474,0.0,21.184257867390315,654.3305459518474,0.0,8.6715780830801,654.3305459518474,0.0,57.09273892282938,654.3305459518474
0.0,11.988893188687923,636.0664458934572,0.0,13.618451486179488,654.3305459518474,0.0,55.579577646587225,654.3305459518474,0.0,20.194883186770436,654.3305459518474,0.0,7.158416806837935,654.3305459518474,0.0,52.84424764722639,654.3305459518474
0.0,16.120987443041532,648.9632358478904,0.0,13.85124552867828,654.3305459518474,0.0,55.92876871033541,654.3305459518474,0.0,18.79811893177767,654.3305459518474,0.0,5.470659998721674,654.3305459518474,0.0,51.85487296660651,654.3305459518474
0.0,20.835066803642118,654.3305459518474,0.0,13.56025297555479,654.3305459518474,0.0,56.394356795333,654.3305459518474,0.0,15.539002336794544,654.3305459518474,0.0,4.073895743728906,654.3305459518474,0.0,52.96064466847578,654.3305459518474
0.0,23.686793824252355,654.3305459518474,0.0,13.734848507428882,654.3305459518474,0.0,56.6853493484565,654.3305459518474,0.0,13.56025297555479,654.3305459518474,0.0,3.608307658731317,654.3305459518474,0.0,54.93939402971553,654.3305459518474
0.0,18.216133825530683,654.3305459518474,0.0,16.237384464290926,654.3305459518474,0.0,56.56895232720709,654.3305459518474,0.0,12.745473826809006,654.3305459518474,0.0,3.7829031906054134,654.3305459518474,0.0,54.64840147659204,654.3305459518474
0.0,13.56025297555479,654.3305459518474,0.0,21.30065488863971,654.3305459518474,0.0,55.81237168908602,654.3305459518474,0.0,11.115915529317444,654.3305459518474,0.0,4.132094254353605,654.3305459518474,0.0,51.56388041348302,654.3305459518474
0.0,11.581503614315034,654.3305459518474,0.0,24.035984888000545,654.3305459518474,0.0,54.47380594471795,654.3305459518474,0.0,9.777349784949376,654.3305459518474,0.0,4.888674892474688,654.3305459518474,0.0,52.14586551973,654.3305459518474
0.0,62.11274059228906,654.3305459518474,0.0,40.75335400606947,654.3305459518474,0.0,81.54750819312655,654.3305459518474,0.0,42.172374689954495,654.3305459518474,0.0,60.440703504396495,654.3305459518474,0.0,68.95287258887102,654.3305459518474
0.0,136.9870301895809,654.3305459518474,0.0,79.81930666199278,654.3305459518474,0.0,123.98111460517053,654.3305459518474,0.0,102.7468735452375,654.3305459518474,0.0,141.53437387841927,654.3305459518474,0.0,107.93854803426245,654.3305459518474
0.0,199.87374974962816,654.3305459518474,0.0,135.67336717699172,654.3305459518474,0.0,169.03215311489762,654.3305459518474,0.0,162.49555390182107,654.3305459518474,0.0,204.13010088534298,654.3305459518474,0.0,133.32131398471302,654.3305459518474
0.0,243.6616416262639,654.3305459518474,0.0,218.71584835223518,654.3305459518474,0.0,238.3680457333179,654.3305459518474,0.0,219.83133625261476,654.3305459518474,0.0,245.30691964397917,654.3305459518474,0.0,177.2098831623745,654.3305459518474
0.0,263.9590584524585,654.3305459518474,0.0,291.0024666828779,654.3305459518474,0.0,248.573362912119,654.3305459518474,0.0,243.56882418535005,654.3305459518474,0.0,266.6440498013065,654.3305459518474,0.0,208.17034539225594,654.3305459518474
0.0,266.0070456742766,654.3305459518474,0.0,292.838059952691,654.3305459518474,0.0,226.97667964211558,654.3305459518474,0.0,244.37892296382577,654.3305459518474,0.0,270.8218023359029,654.3305459518474,0.0,200.92847188504436,654.3305459518474
0.0,252.70298859257107,654.3305459518474,0.0,210.50014215564235,654.3305459518474,0.0,190.41176206262597,654.3305459518474,0.0,227.738651566447,654.3305459518474,0.0,257.3242505122578,654.3305459518474,0.0,171.64004674305548,654.3305459518474
0.0,218.60130766938423,654.3305459518474,0.0,121.12002684402012,654.3305459518474,0.0,116.00624004017341,654.3305459518474,0.0,193.65586985332564,654.3305459518474,0.0,226.04285716923383,654.3305459518474,0.0,149.69417240930386,654.3305459518474
0.0,163.93797643705662,654.3305459518474,0.0,143.47479163257296,654.3305459518474,0.0,73.70006999933241,628.0306159511798,0.0,140.70705449929153,654.3305459518474,0.0,176.14394394801963,654.3305459518474,0.0,122.11240328549668,654.3305459518474
0.0,88.81367219661391,643.1442181484613,0.0,108.70616802233712,654.3305459518474,0.0,46.52586817888319,574.556484130063,0.0,73.14705575963131,627.4776017114787,0.0,108.4611892074265,654.3305459518474,0.0,91.05912361470138,645.3896695665487
0.0,14.930435889355314,654.3305459518474,0.0,56.024765641091015,654.3305459518474,0.0,30.96160765233969,599.3257702519348,0.0,12.921747968096508,637.8150000859558,0.0,38.15164162861008,654.3305459518474,0.0,59.264983026008686,654.3305459518474
0.0,2.15334489311385,654.3305459518474,0.0,50.05071913724085,654.3305459518474,0.0,44.521860627894476,634.9432587542505,0.0,6.92562276433914,643.3554982974272,0.0,27.93528509985536,654.3305459518474,0.0,57.67472402907638,654.3305459518474
0.0,1.5713597868668638,654.3305459518474,0.0,44.92925020226737,654.3305459518474,0.0,52.61145360472759,654.3305459518474,0.0,6.98382127496384,648.9425553173983,0.0,25.25815361111922,654.3305459518474,0.0,57.67472402907638,654.3305459518474
0.0,1.8623523399903572,654.3305459518474,0.0,38.06182594855293,654.3305459518474,0.0,46.61700701038363,654.3305459518474,0.0,4.888674892474688,652.853495231378,0.0,20.36947871864453,654.3305459518474,0.0,57.500128497202276,654.3305459518474
0.0,2.036947871864453,654.3305459518474,0.0,28.575468716727045,654.3305459518474,0.0,29.390247865472826,654.3305459518474,0.0,2.560734467486741,654.3305459518474,0.0,16.58657552803912,654.3305459518474,0.0,57.383731475952885,654.3305459518474
0.0,1.5713597868668638,654.3305459518474,0.0,19.147309995525863,654.3305459518474,0.0,12.687275316184309,654.3305459518474,0.0,1.222168723118672,654.3305459518474,0.0,13.443855954305391,654.3305459518474,0.0,57.32553296532818,654.3305459518474
0.0,0.87297765937048,654.3305459518474,0.0,12.62907680555961,654.3305459518474,0.0,8.031394466208416,654.3305459518474,0.0,0.87297765937048,654.3305459518474,0.0,11.81429765681383,654.3305459518474,0.0,57.15093743345409,654.3305459518474
0.0,0.7565806381210826,654.3305459518474,0.0,7.333012338712031,654.3305459518474,0.0,5.9362480837192635,654.3305459518474,0.0,0.9893746806198773,654.3305459518474,0.0,12.62907680555961,654.3305459518474,0.0,56.918143390955294,654.3305459518474
0.0,0.9311761699951786,654.3305459518474,0.0,5.354262977472277,654.3305459518474,0.0,2.735329999360837,654.3305459518474,0.0,1.74595531874096,654.3305459518474,0.0,14.607826166799367,654.3305459518474,0.0,56.859944880330595,654.3305459518474
0.0,1.0475731912445758,654.3305459518474,0.0,2.5025359568620424,654.3305459518474,0.0,1.0475731912445758,654.3305459518474,0.0,2.2115434037385495,654.3305459518474,0.0,18.157935314905984,654.3305459518474,0.0,56.6271508378318,654.3305459518474
0.0,1.5713597868668638,654.3305459518474,0.0,0.4655880849975893,654.3305459518474,0.0,1.4549627656174666,654.3305459518474,0.0,2.0951463824891516,654.3305459518474,0.0,21.30065488863971,654.3305459518474,0.0,56.0451657315848,654.3305459518474
0.0,3.1427195737337277,654.3305459518474,0.0,0.11639702124939733,654.3305459518474,0.0,6.460034679341552,654.3305459518474,0.0,2.3861389356126455,654.3305459518474,0.0,20.25308169739513,654.3305459518474,0.0,54.99759254034023,654.3305459518474
0.0,5.296064466847579,654.3305459518474,0.0,3.3755136162325226,654.3305459518474,0.0,11.581503614315034,654.3305459518474,0.0,2.61893297811144,654.3305459518474,0.0,18.972714463651766,654.3305459518474,0.0,53.54262977472277,654.3305459518474
0.0,6.98382127496384,654.3305459518474,0.0,14.375032124300569,654.3305459518474,0.0,7.042019785588539,654.3305459518474,0.0,2.5025359568620424,654.3305459518474,0.0,18.914515953027067,654.3305459518474,0.0,51.04009381786073,654.3305459518474
0.0,57.093449838769615,654.3305459518474,0.0,38.94134031659196,654.3305459518474,0.0,16.578893396912328,645.9094393487597,0.0,34.91328058209087,654.3305459518474,0.0,76.76940452917292,654.3305459518474,0.0,84.38837359276823,654.3305459518474
0.0,133.8379516361637,654.3305459518474,0.0,131.38857836168611,654.3305459518474,0.0,59.98933425919425,654.3305459518474,0.0,86.15543991794323,654.3305459518474,0.0,152.9162015000963,654.3305459518474,0.0,152.49423762795794,654.3305459518474
0.0,203.46951717797754,654.3305459518474,0.0,207.91900759766182,654.3305459518474,0.0,98.31910636749029,652.6496523193377,0.0,144.34848020788365,654.3305459518474,0.0,212.74197957737005,654.3305459518474,0.0,195.1684979426126,654.3305459518474
0.0,243.48704609438983,654.3305459518474,0.0,273.0769699525007,654.3305459518474,0.0,111.12295643390905,654.3305459518474,0.0,208.62728365265357,654.3305459518474,0.0,258.0791525409655,654.3305459518474,0.0,231.9473103545356,654.3305459518474
0.0,269.26298277941794,654.3305459518474,0.0,302.1812610930902,654.3305459518474,0.0,133.20094750913378,654.3305459518474,0.0,223.18026852765507,654.3305459518474,0.0,286.8467928481888,654.3305459518474,0.0,219.45335205130579,654.3305459518474
0.0,277.7206660300647,654.3305459518474,0.0,309.602410502446,654.3305459518474,0.0,152.36583356328177,654.3305459518474,0.0,244.45134031424578,654.3305459518474,0.0,293.7488360321924,654.3305459518474,0.0,177.04968419928082,654.3305459518474
0.0,264.7547606621538,654.3305459518474,0.0,297.1791909402228,654.3305459518474,0.0,113.02778756430041,654.3305459518474,0.0,238.93184254543962,654.3305459518474,0.0,271.1517387316155,654.3305459518474,0.0,151.1887899334507,654.3305459518474
0.0,232.38331533748425,654.3305459518474,0.0,265.94813624771166,654.3305459518474,0.0,59.44346896366477,613.7740149155122,0.0,206.5053781999871,654.3305459518474,0.0,219.7963618643555,654.3305459518474,0.0,160.97735679733873,654.3305459518474
0.0,180.53709219547767,654.3305459518474,0.0,187.9232672165742,654.3305459518474,0.0,31.1208389219602,544.8948538374724,0.0,152.23371682180868,654.3305459518474,0.0,143.15889634767063,654.3305459518474,0.0,155.35886033692026,654.3305459518474
0.0,106.82209244040969,654.3305459518474,0.0,90.82632957220258,645.15687552405,0.0,20.35393672740589,465.2487905648783,0.0,73.33587013130074,627.6664160831481,0.0,81.4818052803601,635.8123512322074,0.0,90.29839579326537,644.6289417451128
0.0,42.164159371872536,654.3305459518474,0.0,57.08487906271754,654.3305459518474,0.0,10.560689493247757,473.6973421594765,0.0,7.641403221472629,633.7795386603261,0.0,26.475641963967792,654.3305459518474,0.0,19.466740228240056,654.3305459518474
0.0,34.8609078641945,654.3305459518474,0.0,55.230386582839024,654.3305459518474,0.0,11.523305103690335,482.91598624242874,0.0,1.222168723118672,634.7572736388211,0.0,21.591647441763204,654.3305459518474,0.0,8.555181061830703,654.3305459518474
0.0,32.00918084358427,654.3305459518474,0.0,53.600828285347475,654.3305459518474,0.0,15.364406804920447,495.2075116863651,0.0,1.0475731912445758,635.5953321918167,0.0,37.53803935293064,654.3305459518474,0.0,5.23786595622288,654.3305459518474
0.0,23.51219829237826,654.3305459518474,0.0,53.717225306596866,654.3305459518474,0.0,21.591647441763204,512.4808296397756,0.0,0.5819851062469866,636.0609202768143,0.0,45.51123530851436,654.3305459518474,0.0,1.2803672337433705,654.3305459518474
0.0,16.17918595366623,654.3305459518474,0.0,53.36803424284868,654.3305459518474,0.0,30.5542180779668,536.924204102149,0.0,0.2909925531234933,636.293714319313,0.0,42.135721692281834,654.3305459518474,0.0,0.40738957437289064,654.3305459518474
0.0,10.01014382744817,654.3305459518474,0.0,51.56388041348302,654.3305459518474,0.0,38.87660509729871,568.025488179988,0.0,0.174595531874096,636.4333907448123,0.0,35.966679566063775,654.3305459518474,0.0,3.49191063748192,654.3305459518474
0.0,3.9574987224795093,654.3305459518474,0.0,48.82855041412218,654.3305459518474,0.0,44.58005913851918,603.6895354908033,0.0,0.174595531874096,636.5730671703116,0.0,37.07245126793305,654.3305459518474,0.0,10.01014382744817,654.3305459518474
0.0,2.036947871864453,654.3305459518474,0.0,45.74402935101315,654.3305459518474,0.0,47.315389137880004,641.5418468011073,0.0,0.2909925531234933,636.8058612128103,0.0,33.40594509857703,654.3305459518474,0.0,12.978267869307802,654.3305459518474
0.0,0.8147791487457813,654.3305459518474,0.0,44.69645615976857,654.3305459518474,0.0,47.315389137880004,654.3305459518474,0.0,0.6401836168716852,637.3180081063077,0.0,25.72374169611681,654.3305459518474,0.0,14.840620209298159,654.3305459518474
0.0,0.349191063748192,654.3305459518474,0.0,43.4742874366499,654.3305459518474,0.0,44.92925020226737,654.3305459518474,0.0,1.1057717018692748,638.2026254678032,0.0,22.348228079884287,654.3305459518474,0.0,16.702972549288514,654.3305459518474
0.0,0.11639702124939733,654.3305459518474,0.0,41.14634701166195,654.3305459518474,0.0,39.4585902035457,654.3305459518474,0.0,1.5713597868668638,639.4597132972966,0.0,18.856317442402368,654.3305459518474,0.0,17.575950208658995,654.3305459518474
0.0,0.0,654.3305459518474,0.0,38.469215522925815,654.3305459518474,0.0,32.53296743920656,654.3305459518474,0.0,2.269741914363248,641.2755068287872,0.0,16.295582974915625,654.3305459518474,0.0,14.607826166799367,654.3305459518474
0.0,0.0,654.3305459518474,0.0,34.97730488544389,654.3305459518474,0.0,27.527895525482467,654.3305459518474,0.0,2.9099255312349332,643.6034472537751,0.0,18.099736804281285,654.3305459518474,0.0,8.6133795724554,654.3305459518474
0.0,0.0,654.3305459518474,0.0,30.14682850359391,654.3305459518474,0.0,27.236902972358976,654.3305459518474,0.0,3.899300211854811,646.722887423259,0.0,15.888193400542736,654.3305459518474,0.0,4.248491275603002,654.3305459518474
0.0,34.87398128153162,654.3305459518474,0.0,82.45077987048619,654.3305459518474,0.0,40.58811921473557,654.3305459518474,0.0,52.857498793548565,654.3305459518474,0.0,67.74695677293121,654.3305459518474,0.0,39.30810743896232,654.3305459518474
0.0,108.94285247061791,654.3305459518474,0.0,153.00566172218336,654.3305459518474,0.0,86.54507570470889,654.3305459518474,0.0,130.40574038973483,654.3305459518474,0.0,159.6122097117784,654.3305459518474,0.0,134.2878200009376,654.3305459518474
0.0,146.1479536669792,654.3305459518474,0.0,201.27801840676267,654.3305459518474,0.0,151.49700308722623,654.3305459518474,0.0,187.8468804118243,654.3305459518474,0.0,228.46193642572217,654.3305459518474,0.0,205.15877486652212,654.3305459518474
0.0,212.76573688669066,654.3305459518474,0.0,221.7500307648314,654.3305459518474,0.0,175.10387515891682,654.3305459518474,0.0,226.26629047119243,654.3305459518474,0.0,251.45988659200347,654.3305459518474,0.0,248.1129883843467,654.3305459518474
0.0,243.48554521396147,654.3305459518474,0.0,201.8003041219566,654.3305459518474,0.0,190.15388755936326,654.3305459518474,0.0,246.12169879272494,654.3305459518474,0.0,225.7088526387542,654.3305459518474,0.0,240.65086106501826,654.3305459518474
0.0,244.6416555663436,654.3305459518474,0.0,162.8209876562487,654.3305459518474,0.0,207.23298797156232,654.3305459518474,0.0,252.09106492630502,654.3305459518474,0.0,197.4491014779444,654.3305459518474,0.0,170.70472338974537,654.3305459518474
0.0,222.78541918366412,654.3305459518474,0.0,148.83276728684217,654.3305459518474,0.0,269.17431252181905,654.3305459518474,0.0,225.12589983903402,654.3305459518474,0.0,250.01410683794109,654.3305459518474,0.0,222.3495919297005,654.3305459518474
0.0,188.8897732327988,654.3305459518474,0.0,106.2655432528967,654.3305459518474,0.0,234.47960714243158,654.3305459518474,0.0,199.9837877911941,654.3305459518474,0.0,205.19118200044272,654.3305459518474,0.0,91.23593094294404,645.5664768947914
0.0,141.8268673119711,654.3305459518474,0.0,53.13277162644835,607.4633175782958,0.0,194.7420314291892,654.3305459518474,0.0,152.08888212096858,654.3305459518474,0.0,145.5321395949312,654.3305459518474,0.0,51.43229685896509,596.9987737537565
0.0,76.00646491136834,630.3370108632157,0.0,19.053169403168724,526.5164869814645,0.0,126.98385757731931,654.3305459518474,0.0,88.25994704097256,642.5904929928199,0.0,108.3270383985699,654.3305459518474,0.0,38.15181935759514,535.1505931113517
0.0,25.544465793972616,650.7725834983938,0.0,3.0184626923724807,528.9312571353624,0.0,61.83207647317894,654.3305459518474,0.0,20.102243474841643,654.3305459518474,0.0,63.32165816908555,654.3305459518474,0.0,20.528354530294926,551.5732767355876
0.0,26.713116376736686,654.3305459518474,0.0,7.216615317462634,534.7045493893326,0.0,54.93939402971553,654.3305459518474,0.0,7.624004891835525,654.3305459518474,0.0,55.172188072214325,654.3305459518474,0.0,20.835066803642118,568.2413301785012
0.0,33.46414360920173,654.3305459518474,0.0,17.401354676784898,548.6256331307604,0.0,54.124614880969766,654.3305459518474,0.0,6.98382127496384,654.3305459518474,0.0,54.124614880969766,654.3305459518474,0.0,19.089111484901164,583.5126193664222
0.0,32.88215850295474,654.3305459518474,0.0,28.808262759225837,571.6722433381411,0.0,53.95001934909566,654.3305459518474,0.0,6.634630211215648,654.3305459518474,0.0,52.4368580728535,654.3305459518474,0.0,23.279404249879466,602.1361427663257
0.0,27.818888078605962,654.3305459518474,0.0,33.638739141075824,598.5832346510018,0.0,54.35740892346856,654.3305459518474,0.0,6.169042126218058,654.3305459518474,0.0,49.29413849911976,654.3305459518474,0.0,33.92973169419932,629.2799281216852
0.0,31.310798716087884,654.3305459518474,0.0,34.569915311071,626.2391668998587,0.0,55.52137913596252,654.3305459518474,0.0,4.481285318101797,654.3305459518474,0.0,44.34726509602038,654.3305459518474,0.0,39.3421931822963,654.3305459518474
0.0,39.4585902035457,654.3305459518474,0.0,32.183776375458365,651.9861880002254,0.0,56.80174636970589,654.3305459518474,0.0,3.259116594983125,654.3305459518474,0.0,37.53803935293064,654.3305459518474,0.0,39.98237679916799,654.3305459518474
0.0,44.98744871289207,654.3305459518474,0.0,31.659989779836074,654.3305459518474,0.0,57.500128497202276,654.3305459518474,0.0,2.3861389356126455,654.3305459518474,0.0,30.205027014218608,654.3305459518474,0.0,40.56436190541496,654.3305459518474
0.0,47.7227787122529,654.3305459518474,0.0,32.940357013579444,654.3305459518474,0.0,57.67472402907638,654.3305459518474,0.0,1.5131612762421651,654.3305459518474,0.0,22.057235526760792,654.3305459518474,0.0,47.7809772228776,654.3305459518474
0.0,48.421160839749284,654.3305459518474,0.0,33.05675403482884,654.3305459518474,0.0,57.616525518451674,654.3305459518474,0.0,1.1639702124939733,654.3305459518474,0.0,16.52837701741442,654.3305459518474,0.0,49.81792509474205,654.3305459518474
0.0,50.10891764786555,654.3305459518474,0.0,33.23134956670293,654.3305459518474,0.0,57.26733445470348,654.3305459518474,0.0,1.2803672337433705,654.3305459518474,0.0,13.152863401181898,654.3305459518474,0.0,52.84424764722639,654.3305459518474
0.0,49.75972658411735,654.3305459518474,0.0,35.50109148106618,654.3305459518474,0.0,56.394356795333,654.3305459518474,0.0,1.920550850615056,654.3305459518474,0.0,11.115915529317444,654.3305459518474,0.0,57.32553296532818,654.3305459518474
0.0,45.97682339351194,654.3305459518474,0.0,38.12002445917762,654.3305459518474,0.0,54.88119551909084,654.3305459518474,0.0,2.61893297811144,654.3305459518474,0.0,11.697900635564432,654.3305459518474,0.0,57.500128497202276,654.3305459518474
0.0,29.681240418596317,654.3305459518474,0.0,37.07245126793305,654.3305459518474,0.0,52.96064466847578,654.3305459518474,0.0,2.735329999360837,654.3305459518474,0.0,13.0946648905572,654.3305459518474,0.0,56.2779597740836,654.3305459518474
0.0,13.214241401648348,642.5447873534957,0.0,84.15725815968284,654.3305459518474,0.0,91.65850705058546,654.3305459518474,0.0,16.997322321238816,646.3278682730862,0.0,68.35570094935551,654.3305459518474,0.0,76.63993409058641,654.3305459518474
0.0,27.491953443750027,644.5383501084957,0.0,158.1379922781254,654.3305459518474,0.0,146.96520138962651,654.3305459518474,0.0,58.631869304760734,654.3305459518474,0.0,152.54811122628269,654.3305459518474,0.0,101.27901509126796,654.3305459518474
0.0,61.289746125461306,605.828096233957,0.0,226.8352021601023,654.3305459518474,0.0,232.080927976437,654.3305459518474,0.0,106.14296498094886,654.3305459518474,0.0,225.36319652281784,654.3305459518474,0.0,89.89418570873423,644.2247316605816
0.0,82.75113316414988,588.5792293981069,0.0,270.51773636544226,654.3305459518474,0.0,256.1094084622958,654.3305459518474,0.0,169.0139648207724,654.3305459518474,0.0,271.28871357234374,654.3305459518474,0.0,141.98892261346327,654.3305459518474
0.0,114.23238022879694,599.9651335811445,0.0,287.0526500915252,654.3305459518474,0.0,300.08611471060107,654.3305459518474,0.0,204.07826135440183,654.3305459518474,0.0,289.3321082043988,654.3305459518474,0.0,228.93238260997498,654.3305459518474
0.0,152.66433051854702,642.0965979959822,0.0,256.8251889194293,654.3305459518474,0.0,300.2214109419159,654.3305459518474,0.0,219.01187673359885,654.3305459518474,0.0,288.1288386913456,654.3305459518474,0.0,242.93482181917688,654.3305459518474
0.0,261.7015013105071,654.3305459518474,0.0,226.1824783128487,654.3305459518474,0.0,291.14076467504947,654.3305459518474,0.0,227.70871300642793,654.3305459518474,0.0,261.27856974489555,654.3305459518474,0.0,209.5661419537755,654.3305459518474
0.0,204.0401074763008,654.3305459518474,0.0,195.11665841167138,654.3305459518474,0.0,256.2935424636952,654.3305459518474,0.0,192.91333032601483,654.3305459518474,0.0,220.50763968020397,654.3305459518474,0.0,201.5250312890568,654.3305459518474
0.0,128.0067057657701,654.3305459518474,0.0,143.56310643220178,654.3305459518474,0.0,201.31563909790853,654.3305459518474,0.0,145.83788417480523,654.3305459518474,0.0,166.32093588282748,654.3305459518474,0.0,122.65394366872619,654.3305459518474
0.0,63.098758054082126,617.4293040059296,0.0,81.76961834364184,636.1001642954892,0.0,125.03522450508368,654.3305459518474,0.0,87.73130234609513,642.0618482979426,0.0,97.42705176906931,651.7575977209167,0.0,71.52200010342479,625.8525460552722
0.0,26.782354237314987,638.8551873957815,0.0,32.93099627303924,654.3305459518474,0.0,50.593582671913644,654.3305459518474,0.0,33.30544552653639,654.3305459518474,0.0,33.456461478074935,654.3305459518474,0.0,18.82019763168487,640.9087041606201
0.0,30.96160765233969,654.3305459518474,0.0,24.152381909249943,654.3305459518474,0.0,37.36344382105654,654.3305459518474,0.0,25.432749142993313,654.3305459518474,0.0,27.236902972358976,654.3305459518474,0.0,11.290511061191541,649.9411130095733
0.0,35.966679566063775,654.3305459518474,0.0,19.787493612397544,654.3305459518474,0.0,38.06182594855293,654.3305459518474,0.0,28.866461269850536,654.3305459518474,0.0,31.136203184213784,654.3305459518474,0.0,10.01014382744817,654.3305459518474
0.0,39.2257961610469,654.3305459518474,0.0,13.909444039302981,654.3305459518474,0.0,36.08307658731317,654.3305459518474,0.0,28.750064248601138,654.3305459518474,0.0,31.019806162964386,654.3305459518474,0.0,6.110843615593359,654.3305459518474
0.0,44.81285318101797,654.3305459518474,0.0,7.042019785588539,654.3305459518474,0.0,36.665061693560155,654.3305459518474,0.0,26.596719355487288,654.3305459518474,0.0,27.877086589230657,654.3305459518474,0.0,10.533930423070458,654.3305459518474
0.0,47.48998466975411,654.3305459518474,0.0,2.036947871864453,654.3305459518474,0.0,39.2257961610469,654.3305459518474,0.0,25.19995510049452,654.3305459518474,0.0,26.422123823613195,654.3305459518474,0.0,19.845692123022243,654.3305459518474
0.0,48.47935935037398,654.3305459518474,0.0,1.5713597868668638,654.3305459518474,0.0,45.27844126601556,654.3305459518474,0.0,25.025359568620424,654.3305459518474,0.0,25.432749142993313,654.3305459518474,0.0,30.787012120465597,654.3305459518474
0.0,51.44748339223362,654.3305459518474,0.0,3.7247046799807144,654.3305459518474,0.0,49.93432211599145,654.3305459518474,0.0,24.559771483622836,654.3305459518474,0.0,26.422123823613195,654.3305459518474,0.0,34.33712126857221,654.3305459518474
0.0,55.40498211471312,654.3305459518474,0.0,5.412461488096976,654.3305459518474,0.0,52.0876670091053,654.3305459518474,0.0,25.665543185492112,654.3305459518474,0.0,27.12050595110958,654.3305459518474,0.0,43.4742874366499,654.3305459518474
0.0,57.558327007826975,654.3305459518474,0.0,5.9362480837192635,654.3305459518474,0.0,53.48443126409807,654.3305459518474,0.0,27.644292546731865,654.3305459518474,0.0,26.713116376736686,654.3305459518474,0.0,37.36344382105654,654.3305459518474
0.0,56.7435478590812,654.3305459518474,0.0,6.51823318996625,654.3305459518474,0.0,54.18281339159446,654.3305459518474,0.0,27.877086589230657,654.3305459518474,0.0,26.014734249240302,654.3305459518474,0.0,41.08814850103725,654.3305459518474
0.0,54.76479849784145,654.3305459518474,0.0,6.751027232465045,654.3305459518474,0.0,53.48443126409807,654.3305459518474,0.0,26.1311312704897,654.3305459518474,0.0,25.665543185492112,654.3305459518474,0.0,51.214689349734826,654.3305459518474
0.0,54.29921041284385,654.3305459518474,0.0,6.51823318996625,654.3305459518474,0.0,54.64840147659204,654.3305459518474,0.0,26.422123823613195,654.3305459518474,0.0,25.49094765361801,654.3305459518474,0.0,53.95001934909566,654.3305459518474
0.0,55.81237168908602,654.3305459518474,0.0,6.0526451049686605,654.3305459518474,0.0,55.113989561589634,654.3305459518474,0.0,24.676168504872233,654.3305459518474,0.0,24.908962547371026,654.3305459518474,0.0,55.46318062533782,654.3305459518474
0.0,65.67635766425079,654.3305459518474,0.0,65.47889346798138,654.3305459518474,0.0,75.31858894687038,654.3305459518474,0.0,54.27766489989182,654.3305459518474,0.0,84.80865885549318,654.3305459518474,0.0,102.81540048987557,654.3305459518474
0.0,93.67337622254271,654.3305459518474,0.0,142.4058506573614,654.3305459518474,0.0,105.2393378456191,654.3305459518474,0.0,117.05902678864325,654.3305459518474,0.0,162.7596096557822,654.3305459518474,0.0,177.86578649946986,654.3305459518474
0.0,137.1970346162323,654.3305459518474,0.0,204.84270185263472,654.3305459518474,0.0,135.05154958323027,654.3305459518474,0.0,182.46718151561797,654.3305459518474,0.0,226.5161273853582,654.3305459518474,0.0,237.947938199578,654.3305459518474
0.0,177.98218352071927,654.3305459518474,0.0,248.4559981973964,654.3305459518474,0.0,157.92860008697707,654.3305459518474,0.0,231.13438754418826,654.3305459518474,0.0,276.473061388212,654.3305459518474,0.0,275.3276349278134,654.3305459518474
0.0,197.32166510674136,654.3305459518474,0.0,267.4305689994467,654.3305459518474,0.0,149.22072446419443,654.3305459518474,0.0,264.65090387128635,654.3305459518474,0.0,305.2171221150998,654.3305459518474,0.0,294.5507194925861,654.3305459518474
0.0,215.8699471243533,654.3305459518474,0.0,266.3515563677547,654.3305459518474,0.0,170.94952447567096,654.3305459518474,0.0,268.00601739702506,654.3305459518474,0.0,311.6142779135466,654.3305459518474,0.0,292.812624033957,654.3305459518474
0.0,204.78061293622807,654.3305459518474,0.0,247.30624682469778,654.3305459518474,0.0,176.4108237338524,654.3305459518474,0.0,252.502957141963,654.3305459518474,0.0,298.58231417489907,654.3305459518474,0.0,262.2973497985794,654.3305459518474
0.0,199.5521077205454,654.3305459518474,0.0,208.9528951360662,654.3305459518474,0.0,158.6616011447626,654.3305459518474,0.0,218.5994513309858,654.3305459518474,0.0,264.0921428874048,654.3305459518474,0.0,147.81141997881969,654.3305459518474
0.0,159.73275391634274,654.3305459518474,0.0,153.3741074539671,654.3305459518474,0.0,145.5164198747075,654.3305459518474,0.0,161.01665609789796,654.3305459518474,0.0,210.4795643361635,654.3305459518474,0.0,96.29716729990932,650.6277132517567
0.0,107.792212452994,654.3305459518474,0.0,83.98319581476392,638.3137417666113,0.0,113.23311162068168,654.3305459518474,0.0,102.94469319947703,654.3305459518474,0.0,140.16215689723523,654.3305459518474,0.0,60.363072596751174,610.9907858485079
0.0,62.38730250924861,654.3305459518474,0.0,20.66382849059483,654.3305459518474,0.0,60.679145610638564,654.3305459518474,0.0,44.30964440487453,654.3305459518474,0.0,64.98433451643791,654.3305459518474,0.0,43.76527998977339,646.0030098403266
0.0,56.6853493484565,654.3305459518474,0.0,10.592128933695157,654.3305459518474,0.0,49.87612360536675,654.3305459518474,0.0,37.188848289182445,654.3305459518474,0.0,52.49505658347819,654.3305459518474,0.0,42.019324671032436,654.3305459518474
0.0,56.16156275283421,654.3305459518474,0.0,15.073414251796954,654.3305459518474,0.0,47.37358764850471,654.3305459518474,0.0,39.74958275666919,654.3305459518474,0.0,55.46318062533782,654.3305459518474,0.0,39.3421931822963,654.3305459518474
0.0,55.637776157211924,654.3305459518474,0.0,18.68172191052827,654.3305459518474,0.0,44.92925020226737,654.3305459518474,0.0,40.273369352291475,654.3305459518474,0.0,56.103364242209516,654.3305459518474,0.0,41.37914105416075,654.3305459518474
0.0,54.93939402971553,654.3305459518474,0.0,19.089111484901164,654.3305459518474,0.0,42.310317224155924,654.3305459518474,0.0,36.665061693560155,654.3305459518474,0.0,49.58513105224326,654.3305459518474,0.0,35.09370190669329,654.3305459518474
0.0,54.06641637034505,654.3305459518474,0.0,17.110362123661407,654.3305459518474,0.0,38.06182594855293,654.3305459518474,0.0,31.136203184213784,654.3305459518474,0.0,40.56436190541496,654.3305459518474,0.0,31.89278382233487,654.3305459518474
0.0,53.42623275347337,654.3305459518474,0.0,13.56025297555479,654.3305459518474,0.0,30.787012120465597,654.3305459518474,0.0,23.919587866751147,654.3305459518474,0.0,41.90292764978304,654.3305459518474,0.0,28.982858291099934,654.3305459518474
0.0,52.727850625976984,654.3305459518474,0.0,9.893746806198772,654.3305459518474,0.0,26.945910419235485,654.3305459518474,0.0,19.67109659114815,654.3305459518474,0.0,45.97682339351194,654.3305459518474,0.0,22.581022122383082,654.3305459518474
0.0,51.73847594535711,654.3305459518474,0.0,7.624004891835525,654.3305459518474,0.0,23.86138935612645,654.3305459518474,0.0,20.02028765489634,654.3305459518474,0.0,44.114471053521584,654.3305459518474,0.0,21.475250420513806,654.3305459518474
0.0,50.690902754112535,654.3305459518474,0.0,6.285439147467455,654.3305459518474,0.0,23.163007228630068,654.3305459518474,0.0,23.279404249879466,654.3305459518474,0.0,42.89230233040291,654.3305459518474,0.0,23.744992334877054,654.3305459518474
0.0,49.41053552036916,654.3305459518474,0.0,5.9362480837192635,654.3305459518474,0.0,24.152381909249943,654.3305459518474,0.0,23.51219829237826,654.3305459518474,0.0,45.91862488288725,654.3305459518474,0.0,23.803190845501753,654.3305459518474
0.0,47.839175733502294,654.3305459518474,0.0,6.110843615593359,654.3305459518474,0.0,26.014734249240302,654.3305459518474,0.0,25.84013871736621,654.3305459518474,0.0,48.362962329124585,654.3305459518474,0.0,21.184257867390315,654.3305459518474
0.0,46.61700701038363,654.3305459518474,0.0,8.031394466208416,654.3305459518474,0.0,25.84013871736621,654.3305459518474,0.0,29.681240418596317,654.3305459518474,0.0,51.85487296660651,654.3305459518474,0.0,17.75054574053309,654.3305459518474
0.0,45.860426372262545,654.3305459518474,0.0,11.930694678063224,654.3305459518474,0.0,25.898337227990908,654.3305459518474,0.0,34.8609078641945,654.3305459518474,0.0,55.09826984136594,654.3305459518474,0.0,13.211061911806597,654.3305459518474
0.0,87.83948404926255,654.3305459518474,0.0,69.99161822653058,654.3305459518474,0.0,51.141126576856536,654.3305459518474,0.0,52.4402152916803,654.3305459518474,0.0,121.4989787388023,654.3305459518474,0.0,68.10250681636292,654.3305459518474
0.0,154.81431819283404,654.3305459518474,0.0,141.64291103955682,654.3305459518474,0.0,119.5552037658218,654.3305459518474,0.0,100.78966969694976,654.3305459518474,0.0,198.46523522874156,654.3305459518474,0.0,144.99484507545378,654.3305459518474
0.0,217.35652705940322,654.3305459518474,0.0,195.2004705700152,654.3305459518474,0.0,198.64018621858577,654.3305459518474,0.0,158.43684469136073,654.3305459518474,0.0,251.03810044885012,654.3305459518474,0.0,211.6219890357054,654.3305459518474
0.0,253.87896584849182,654.3305459518474,0.0,233.62774048949515,654.3305459518474,0.0,254.70664068558966,654.3305459518474,0.0,229.10494407446558,654.3305459518474,0.0,279.69102234423747,654.3305459518474,0.0,258.2569275626813,654.3305459518474
0.0,269.599100425829,654.3305459518474,0.0,255.2055245494331,654.3305459518474,0.0,284.3930946614113,654.3305459518474,0.0,254.03316128987214,654.3305459518474,0.0,277.1506879672445,654.3305459518474,0.0,276.7580504196221,654.3305459518474
0.0,215.76476718204253,654.3305459518474,0.0,262.4049192662437,654.3305459518474,0.0,283.12376677762154,654.3305459518474,0.0,240.64732611720635,654.3305459518474,0.0,208.75233049850294,654.3305459518474,0.0,277.2032384141259,654.3305459518474
0.0,180.46617572548598,654.3305459518474,0.0,256.06428336900825,654.3305459518474,0.0,264.7611196418373,654.3305459518474,0.0,231.06797371548163,654.3305459518474,0.0,162.70723693788588,654.3305459518474,0.0,259.33293843351663,654.3305459518474
0.0,163.24559783127364,654.3305459518474,0.0,235.71484928288737,654.3305459518474,0.0,227.69917453690272,654.3305459518474,0.0,205.8220048767742,654.3305459518474,0.0,157.55582944289336,654.3305459518474,0.0,222.1388765871089,654.3305459518474
0.0,139.12915800375612,654.3305459518474,0.0,192.92719370784005,654.3305459518474,0.0,169.0437256518064,654.3305459518474,0.0,171.90277934557332,654.3305459518474,0.0,157.28055660999354,654.3305459518474,0.0,166.951758759159,654.3305459518474
0.0,67.49208403052522,621.8226299823726,0.0,129.44577108217885,654.3305459518474,0.0,91.66539921722413,645.9959451690715,0.0,89.5994804788138,643.9300264306612,0.0,118.8501072006718,654.3305459518474,0.0,94.29855103513093,648.6290969869783
0.0,33.02531459438144,648.2428816578778,0.0,60.41659073710577,654.3305459518474,0.0,20.75346644166693,654.3305459518474,0.0,53.600828285347475,654.3305459518474,0.0,64.87729823572872,654.3305459518474,0.0,20.555291329457287,654.3305459518474
0.0,49.81792509474205,654.3305459518474,0.0,44.23086807477098,654.3305459518474,0.0,8.438784040581305,654.3305459518474,0.0,53.600828285347475,654.3305459518474,0.0,57.20913594407879,654.3305459518474,0.0,4.655880849975893,654.3305459518474
0.0,52.727850625976984,654.3305459518474,0.0,45.336639776640254,654.3305459518474,0.0,14.31683361367587,654.3305459518474,0.0,52.727850625976984,654.3305459518474,0.0,57.383731475952885,654.3305459518474,0.0,4.248491275603002,654.3305459518474
0.0,53.48443126409807,654.3305459518474,0.0,46.442411478509534,654.3305459518474,0.0,26.1893297811144,654.3305459518474,0.0,52.3204610516041,654.3305459518474,0.0,57.500128497202276,654.3305459518474,0.0,8.904372125578895,654.3305459518474
0.0,55.754173178461315,654.3305459518474,0.0,45.27844126601556,654.3305459518474,0.0,37.36344382105654,654.3305459518474,0.0,51.50568190285831,654.3305459518474,0.0,57.558327007826975,654.3305459518474,0.0,16.411979996165023,654.3305459518474
0.0,56.6853493484565,654.3305459518474,0.0,44.34726509602038,654.3305459518474,0.0,40.73895743728906,654.3305459518474,0.0,48.65395488224808,654.3305459518474,0.0,57.67472402907638,654.3305459518474,0.0,18.73992042115297,654.3305459518474
0.0,56.97634190157999,654.3305459518474,0.0,46.50060998913423,654.3305459518474,0.0,41.55373658603484,654.3305459518474,0.0,44.87105169164267,654.3305459518474,0.0,57.67472402907638,654.3305459518474,0.0,21.184257867390315,654.3305459518474
0.0,57.034540412204684,654.3305459518474,0.0,48.362962329124585,654.3305459518474,0.0,41.61193509665954,654.3305459518474,0.0,39.2257961610469,654.3305459518474,0.0,57.616525518451674,654.3305459518474,0.0,22.69741914363248,654.3305459518474
0.0,57.034540412204684,654.3305459518474,0.0,48.362962329124585,654.3305459518474,0.0,41.78653062853363,654.3305459518474,0.0,34.104327226073416,654.3305459518474,0.0,57.441929986577584,654.3305459518474,0.0,24.734367015496932,654.3305459518474
0.0,57.034540412204684,654.3305459518474,0.0,47.25719062725532,654.3305459518474,0.0,42.60130977727942,654.3305459518474,0.0,25.25815361111922,654.3305459518474,0.0,57.20913594407879,654.3305459518474,0.0,24.559771483622836,654.3305459518474
0.0,57.034540412204684,654.3305459518474,0.0,44.69645615976857,654.3305459518474,0.0,43.5906844578993,654.3305459518474,0.0,22.75561765425718,654.3305459518474,0.0,56.56895232720709,654.3305459518474,0.0,24.035984888000545,654.3305459518474
0.0,56.7435478590812,654.3305459518474,0.0,40.62256041603966,654.3305459518474,0.0,44.98744871289207,654.3305459518474,0.0,22.63922063300778,654.3305459518474,0.0,55.637776157211924,654.3305459518474,0.0,23.337602760504165,654.3305459518474
0.0,56.33615828470831,654.3305459518474,0.0,35.966679566063775,654.3305459518474,0.0,46.79160254225773,654.3305459518474,0.0,20.02028765489634,654.3305459518474,0.0,54.35740892346856,654.3305459518474,0.0,27.469697014857765,654.3305459518474
0.0,56.510753816582394,654.3305459518474,0.0,38.17822296980233,654.3305459518474,0.0,49.6779484931571,654.3305459518474,0.0,20.25308169739513,654.3305459518474,0.0,53.30983573222398,654.3305459518474,0.0,30.95374779222784,654.3305459518474
0.0,73.93436492225956,654.3305459518474,0.0,64.80823810413548,654.3305459518474,0.0,115.01218498928344,654.3305459518474,0.0,37.085346956285115,654.3305459518474,0.0,96.68565766421675,654.3305459518474,0.0,90.6945682886996,654.3305459518474
0.0,112.62118795441563,654.3305459518474,0.0,102.49932747598817,654.3305459518474,0.0,193.02601467046728,654.3305459518474,0.0,75.23902265227872,654.3305459518474,0.0,164.49417016659947,654.3305459518474,0.0,165.19908900276442,654.3305459518474
0.0,163.7626699892423,654.3305459518474,0.0,133.74292239888126,654.3305459518474,0.0,256.98388700209466,654.3305459518474,0.0,129.92593346494186,654.3305459518474,0.0,221.00413401869378,654.3305459518474,0.0,244.79045972151357,654.3305459518474
0.0,226.9089426619656,654.3305459518474,0.0,125.15930365745987,654.3305459518474,0.0,291.85468879378453,654.3305459518474,0.0,162.236000789145,654.3305459518474,0.0,260.0480079747099,654.3305459518474,0.0,286.58538339711424,654.3305459518474
0.0,259.21900998616877,654.3305459518474,0.0,104.88078604133072,654.3305459518474,0.0,300.00415889065573,654.3305459518474,0.0,150.5332420543254,654.3305459518474,0.0,279.3371509102192,654.3305459518474,0.0,304.4242439372762,654.3305459518474
0.0,278.44209455094153,654.3305459518474,0.0,105.28031575559176,654.3305459518474,0.0,297.56450181468847,654.3305459518474,0.0,111.20941489513942,654.3305459518474,0.0,280.01195345738,654.3305459518474,0.0,308.2103266177233,654.3305459518474
0.0,283.1546730311137,654.3305459518474,0.0,101.85128399900464,654.3305459518474,0.0,296.59870671440416,654.3305459518474,0.0,83.18881675651193,637.5193627083593,0.0,273.46060221755295,654.3305459518474,0.0,293.1728544476588,654.3305459518474
0.0,259.9284314636187,654.3305459518474,0.0,96.33178623019847,650.6623321820459,0.0,272.7637209704849,654.3305459518474,0.0,61.06834689088623,598.5877095992455,0.0,241.87567609102354,654.3305459518474,0.0,252.86901334839308,654.3305459518474
0.0,214.17433045612518,654.3305459518474,0.0,76.39928018797576,627.0616123700217,0.0,219.5160532032155,654.3305459518474,0.0,36.90774966355432,535.4954592627998,0.0,172.4958038017739,654.3305459518474,0.0,193.04323527111936,654.3305459518474
0.0,141.73033719426036,654.3305459518474,0.0,57.16833576309119,584.2299481331129,0.0,147.43697072532257,654.3305459518474,0.0,17.23479673400771,452.73025599680756,0.0,113.94103221770331,654.3305459518474,0.0,127.3487683612912,654.3305459518474
0.0,68.59582166501099,654.3305459518474,0.0,50.57450573286314,624.6895527194034,0.0,71.14551678254412,654.3305459518474,0.0,6.401836168716853,457.85172493178106,0.0,54.54004204443955,654.3305459518474,0.0,66.13408588913654,654.3305459518474
0.0,50.98189530723602,654.3305459518474,0.0,49.41053552036916,654.3305459518474,0.0,56.16156275283421,654.3305459518474,0.0,6.460034679341552,463.0197526752543,0.0,36.024878076688466,654.3305459518474,0.0,56.6853493484565,654.3305459518474
0.0,49.41053552036916,654.3305459518474,0.0,46.55880849975893,654.3305459518474,0.0,54.59020296596734,654.3305459518474,0.0,5.23786595622288,467.21004544023265,0.0,27.469697014857765,654.3305459518474,0.0,56.510753816582394,654.3305459518474
0.0,47.315389137880004,654.3305459518474,0.0,42.019324671032436,654.3305459518474,0.0,51.913071477231206,654.3305459518474,0.0,4.190292764978303,470.5622796522153,0.0,21.184257867390315,654.3305459518474,0.0,56.219761263458906,654.3305459518474
0.0,44.34726509602038,654.3305459518474,0.0,36.89785573605895,654.3305459518474,0.0,52.14586551973,654.3305459518474,0.0,2.5025359568620424,472.5643084177049,0.0,15.597200847419243,654.3305459518474,0.0,56.0451657315848,654.3305459518474
0.0,40.56436190541496,654.3305459518474,0.0,32.35837190733246,654.3305459518474,0.0,53.36803424284868,654.3305459518474,0.0,1.2803672337433705,473.5886022046996,0.0,12.978267869307802,654.3305459518474,0.0,56.16156275283421,654.3305459518474
0.0,37.829031906054134,654.3305459518474,0.0,28.168079142354156,654.3305459518474,0.0,53.775423817221565,654.3305459518474,0.0,2.2115434037385495,475.35783692769047,0.0,10.708525954944554,654.3305459518474,0.0,55.87057019971072,654.3305459518474
0.0,36.72326020418486,654.3305459518474,0.0,23.744992334877054,654.3305459518474,0.0,54.64840147659204,654.3305459518474,0.0,4.597682339351194,479.03598279917145,0.0,11.115915529317444,654.3305459518474,0.0,55.113989561589634,654.3305459518474
0.0,34.4535182898216,654.3305459518474,0.0,21.7662429736373,654.3305459518474,0.0,54.06641637034505,654.3305459518474,0.0,6.92562276433914,484.57648101064274,0.0,13.211061911806597,654.3305459518474,0.0,54.18281339159446,654.3305459518474
0.0,31.136203184213784,654.3305459518474,0.0,19.438302548649354,654.3305459518474,0.0,53.36803424284868,654.3305459518474,0.0,9.835548295574075,492.444919647102,0.0,16.52837701741442,654.3305459518474,0.0,53.36803424284868,654.3305459518474
0.0,27.70249105735656,654.3305459518474,0.0,16.353781485540324,654.3305459518474,0.0,52.3204610516041,654.3305459518474,0.0,12.920069358683104,502.78097513404845,0.0,20.485875739893928,654.3305459518474,0.0,52.2040640303547,654.3305459518474
0.0,25.432749142993313,654.3305459518474,0.0,12.62907680555961,654.3305459518474,0.0,49.00314594599627,654.3305459518474,0.0,15.539002336794544,515.212177003484,0.0,25.083558079245122,654.3305459518474,0.0,51.272887860359525,654.3305459518474
0.0,23.686793824252355,654.3305459518474,0.0,8.380585529956607,654.3305459518474,0.0,42.65950828790412,654.3305459518474,0.0,16.237384464290926,528.2020845749167,0.0,27.469697014857765,654.3305459518474,0.0,50.39991020098904,654.3305459518474
0.0,21.882639994886695,654.3305459518474,0.0,5.063270424348783,654.3305459518474,0.0,36.30801076970012,654.3305459518474,0.0,18.041538293656586,542.635315209842,0.0,28.34267467422825,654.3305459518474,0.0,49.58513105224326,654.3305459518474
0.0,44.58041459648929,654.3305459518474,0.0,23.005987755378133,652.3365337072255,0.0,68.00633215662225,654.3305459518474,0.0,24.619648603660938,542.254963813503,0.0,70.71808257564756,654.3305459518474,0.0,96.08327246747595,654.3305459518474
0.0,99.41048150057915,654.3305459518474,0.0,62.06090106134785,654.3305459518474,0.0,105.68338041766467,654.3305459518474,0.0,49.977156364362564,562.236688904993,0.0,147.42478595291072,654.3305459518474,0.0,168.09629657463233,654.3305459518474
0.0,170.37743329691932,654.3305459518474,0.0,104.8201189568045,654.3305459518474,0.0,119.61508088585991,654.3305459518474,0.0,106.33124616566315,567.3016858375236,0.0,217.00751372464006,654.3305459518474,0.0,230.77380167251633,654.3305459518474
0.0,222.15909894861764,654.3305459518474,0.0,171.88777054128985,654.3305459518474,0.0,129.5011455609319,654.3305459518474,0.0,195.4374117958289,643.6516152741867,0.0,256.38167953433896,654.3305459518474,0.0,262.7000590026821,654.3305459518474
0.0,231.85952874186194,654.3305459518474,0.0,193.84936459526514,654.3305459518474,0.0,147.95192976735984,654.3305459518474,0.0,248.49626519142885,654.3305459518474,0.0,271.53236923581113,654.3305459518474,0.0,243.1277833741612,654.3305459518474
0.0,246.48961133755355,654.3305459518474,0.0,194.48168835202497,654.3305459518474,0.0,129.5279046311092,654.3305459518474,0.0,265.60998453391704,654.3305459518474,0.0,280.5894359223419,654.3305459518474,0.0,207.95177018955252,654.3305459518474
0.0,245.4263184260853,654.3305459518474,0.0,193.52375311185253,654.3305459518474,0.0,94.27329284538197,648.6038387972294,0.0,249.14112917857062,654.3305459518474,0.0,249.19482504791029,654.3305459518474,0.0,213.04497917392035,654.3305459518474
0.0,229.23273590363863,654.3305459518474,0.0,182.43441892372732,654.3305459518474,0.0,67.94681049455427,616.5506492917837,0.0,226.4622537870335,654.3305459518474,0.0,188.68638456336387,654.3305459518474,0.0,212.26163946562198,654.3305459518474
0.0,183.60439265793465,654.3305459518474,0.0,143.4723230586714,654.3305459518474,0.0,45.73202230758638,562.28267159937,0.0,194.8427087302149,654.3305459518474,0.0,129.49293024284992,654.3305459518474,0.0,156.73319043403572,654.3305459518474
0.0,116.81351478677746,654.3305459518474,0.0,78.23558437372904,632.5661303255764,0.0,27.202639500039936,489.48531109940996,0.0,126.91779920658277,654.3305459518474,0.0,86.89258815904368,641.2231341108911,0.0,99.13317460029586,653.4637205521433
0.0,45.09148323274457,654.3305459518474,0.0,17.086960272310915,646.2356985434251,0.0,10.22103689902482,497.6621406186298,0.0,69.11642877079152,654.3305459518474,0.0,47.324927607405264,654.3305459518474,0.0,56.14434215218216,654.3305459518474
0.0,28.63366722735174,654.3305459518474,0.0,3.550109148106618,649.0757858619104,0.0,0.11639702124939733,497.7552582356293,0.0,55.230386582839024,654.3305459518474,0.0,36.490466161686065,654.3305459518474,0.0,47.839175733502294,654.3305459518474
0.0,25.14175658986982,654.3305459518474,0.0,4.132094254353605,652.3814612653932,0.0,0.0,497.7552582356293,0.0,54.93939402971553,654.3305459518474,0.0,32.125577864833666,654.3305459518474,0.0,44.521860627894476,654.3305459518474
0.0,22.11543403738549,654.3305459518474,0.0,5.412461488096976,654.3305459518474,0.0,0.05819851062469866,497.80181704412905,0.0,54.82299700846614,654.3305459518474,0.0,27.877086589230657,654.3305459518474,0.0,40.21517084166677,654.3305459518474
0.0,18.856317442402368,654.3305459518474,0.0,7.100218296213236,654.3305459518474,0.0,5.296064466847579,502.03866861760713,0.0,54.124614880969766,654.3305459518474,0.0,24.734367015496932,654.3305459518474,0.0,35.55928999169088,654.3305459518474
0.0,16.52837701741442,654.3305459518474,0.0,8.496982551206004,654.3305459518474,0.0,14.607826166799367,513.7249295510467,0.0,53.30983573222398,654.3305459518474,0.0,21.7662429736373,654.3305459518474,0.0,33.05675403482884,654.3305459518474
0.0,16.52837701741442,654.3305459518474,0.0,10.242937869946964,654.3305459518474,0.0,20.02028765489634,529.7411596749638,0.0,52.553255094102894,654.3305459518474,0.0,17.575950208658995,654.3305459518474,0.0,29.85583595047041,654.3305459518474
0.0,17.2849576555355,654.3305459518474,0.0,11.872496167438527,654.3305459518474,0.0,24.035984888000545,548.9699475853643,0.0,52.029468498480604,654.3305459518474,0.0,16.819369570537912,654.3305459518474,0.0,27.00410892986018,654.3305459518474
0.0,17.2849576555355,654.3305459518474,0.0,13.793047018053581,654.3305459518474,0.0,28.400873184852944,571.6906461332466,0.0,50.39991020098904,654.3305459518474,0.0,15.364406804920447,654.3305459518474,0.0,21.533448931138505,654.3305459518474
0.0,17.459553187409597,654.3305459518474,0.0,16.17918595366623,654.3305459518474,0.0,32.00918084358427,597.2979908081139,0.0,48.304763818499886,654.3305459518474,0.0,14.258635103051171,654.3305459518474,0.0,19.321905527399956,654.3305459518474
0.0,17.2267591449108,654.3305459518474,0.0,19.321905527399956,654.3305459518474,0.0,35.966679566063775,626.071334460965,0.0,46.50060998913423,654.3305459518474,0.0,14.491429145549967,654.3305459518474,0.0,17.86694276178249,654.3305459518474
0.0,15.829994889918037,654.3305459518474,0.0,22.98841169675597,654.3305459518474,0.0,42.193920202906526,654.3305459518474,0.0,44.638257649143874,654.3305459518474,0.0,13.211061911806597,654.3305459518474,0.0,15.888193400542736,654.3305459518474
0.0,14.607826166799367,654.3305459518474,0.0,25.78194020674151,654.3305459518474,0.0,48.24656530787519,654.3305459518474,0.0,44.638257649143874,654.3305459518474,0.0,11.75609914618913,654.3305459518474,0.0,14.375032124300569,654.3305459518474
0.0,14.925577790100158,654.3305459518474,0.0,26.51494126452704,654.3305459518474,0.0,57.09273892282938,654.3305459518474,0.0,45.32877991652841,654.3305459518474,0.0,10.01014382744817,654.3305459518474,0.0,14.126518361578077,654.3305459518474
0.0,71.36480290118779,654.3305459518474,0.0,78.62539788947977,654.3305459518474,0.0,88.37881263612348,654.3305459518474,0.0,97.09790533784481,654.3305459518474,0.0,39.9576517963742,654.3305459518474,0.0,65.03052598363584,654.3305459518474
0.0,152.90366126971435,654.3305459518474,0.0,160.4724694117819,654.3305459518474,0.0,142.46801862231598,654.3305459518474,0.0,156.30389988874066,654.3305459518474,0.0,101.34692980040298,654.3305459518474,0.0,138.90908192062432,654.3305459518474
0.0,215.90677785101096,654.3305459518474,0.0,225.64465060641606,654.3305459518474,0.0,205.8470853375381,654.3305459518474,0.0,195.9533385313393,654.3305459518474,0.0,152.8847620596489,654.3305459518474,0.0,201.07066028299792,654.3305459518474
0.0,251.26056605733552,654.3305459518474,0.0,272.60052024653453,654.3305459518474,0.0,254.0408434209989,654.3305459518474,0.0,252.19588941064566,654.3305459518474,0.0,169.42753564584376,654.3305459518474,0.0,242.07606299960173,654.3305459518474
0.0,269.68777068342797,654.3305459518474,0.0,298.71946674461236,654.3305459518474,0.0,274.0126487637809,654.3305459518474,0.0,284.587734825809,654.3305459518474,0.0,185.97816909215044,654.3305459518474,0.0,257.87329529762906,654.3305459518474
0.0,270.62212634326494,654.3305459518474,0.0,300.67781601535836,654.3305459518474,0.0,281.2466624108806,654.3305459518474,0.0,297.12417191943985,654.3305459518474,0.0,212.61772269600883,654.3305459518474,0.0,259.16002151105596,654.3305459518474
0.0,253.75692076349915,654.3305459518474,0.0,285.4264490128605,654.3305459518474,0.0,296.5483680638913,654.3305459518474,0.0,272.04811824233644,654.3305459518474,0.0,202.31172821618205,654.3305459518474,0.0,242.0620218887914,654.3305459518474
0.0,217.95176331197234,654.3305459518474,0.0,252.96536573711882,654.3305459518474,0.0,251.13559826003407,654.3305459518474,0.0,241.73569948943856,654.3305459518474,0.0,181.08313521999224,654.3305459518474,0.0,206.56357671061178,654.3305459518474
0.0,163.55584505243266,654.3305459518474,0.0,200.78099088131768,654.3305459518474,0.0,182.9810741837449,654.3305459518474,0.0,194.10034693188916,654.3305459518474,0.0,121.01670324010783,654.3305459518474,0.0,149.40238989169225,654.3305459518474
0.0,91.8180937781761,646.1486397300235,0.0,130.12225223875305,654.3305459518474,0.0,108.89498239400658,654.3305459518474,0.0,122.54823053946028,654.3305459518474,0.0,40.55535662284488,594.8859025746923,0.0,78.43693897578044,632.7674849276278
0.0,19.514077117896214,654.3305459518474,0.0,53.780459645461775,654.3305459518474,0.0,52.37715868180045,654.3305459518474,0.0,60.336313526573875,654.3305459518474,0.0,8.29880743899636,601.5249485258894,0.0,18.541923037928385,647.6010233579706
0.0,0.8147791487457813,654.3305459518474,0.0,32.940357013579444,654.3305459518474,0.0,45.860426372262545,654.3305459518474,0.0,46.55880849975893,654.3305459518474,0.0,6.285439147467455,606.5532998438633,0.0,6.98382127496384,653.1880803779417
0.0,9.719151274324677,654.3305459518474,0.0,34.6863123323204,654.3305459518474,0.0,43.299691904775806,654.3305459518474,0.0,45.627632329763756,654.3305459518474,0.0,5.063270424348783,610.6039161833423,0.0,8.904372125578895,654.3305459518474
0.0,24.617969994247535,654.3305459518474,0.0,34.97730488544389,654.3305459518474,0.0,43.998074032272186,654.3305459518474,0.0,44.521860627894476,654.3305459518474,0.0,3.9574987224795093,613.7699151613259,0.0,10.824922976193951,654.3305459518474
0.0,32.940357013579444,654.3305459518474,0.0,33.23134956670293,654.3305459518474,0.0,47.43178615912941,654.3305459518474,0.0,43.7070814791487,654.3305459518474,0.0,2.15334489311385,615.492591075817,0.0,11.465106593065636,654.3305459518474
0.0,30.03043148234451,654.3305459518474,0.0,32.70756297108065,654.3305459518474,0.0,51.331086370984224,654.3305459518474,0.0,43.00869935165231,654.3305459518474,0.0,1.0475731912445758,616.3306496288127,0.0,10.941319997443347,654.3305459518474
0.0,28.575468716727045,654.3305459518474,0.0,31.48539424796198,654.3305459518474,0.0,50.80729977536193,654.3305459518474,0.0,42.89230233040291,654.3305459518474,0.0,1.4549627656174666,617.4946198413066,0.0,10.068342338072869,654.3305459518474
0.0,29.56484339734692,654.3305459518474,0.0,26.1311312704897,654.3305459518474,0.0,45.220242755390856,654.3305459518474,0.0,42.717706798528816,654.3305459518474,0.0,2.3861389356126455,619.4035309897968,0.0,9.428158721201184,654.3305459518474
0.0,32.76576148170535,654.3305459518474,0.0,18.27433233615538,654.3305459518474,0.0,39.86597977791859,654.3305459518474,0.0,43.18329488352641,654.3305459518474,0.0,3.6665061693560155,622.3367359252816,0.0,9.486357231825883,654.3305459518474
0.0,36.95605424668366,654.3305459518474,0.0,11.34870957181624,654.3305459518474,0.0,36.31587062981197,654.3305459518474,0.0,44.05627254289689,654.3305459518474,0.0,4.830476381849989,626.2011170307616,0.0,10.01014382744817,654.3305459518474
0.0,39.1093991397975,654.3305459518474,0.0,6.110843615593359,654.3305459518474,0.0,32.41657041795716,654.3305459518474,0.0,44.34726509602038,654.3305459518474,0.0,5.063270424348783,630.2517333702406,0.0,10.417533401821059,654.3305459518474
0.0,37.36344382105654,654.3305459518474,0.0,3.7247046799807144,654.3305459518474,0.0,32.35837190733246,654.3305459518474,0.0,44.34726509602038,654.3305459518474,0.0,5.179667445598181,634.3954673267191,0.0,10.301136380571663,654.3305459518474
0.0,40.273369352291475,654.3305459518474,0.0,5.9362480837192635,654.3305459518474,0.0,34.104327226073416,654.3305459518474,0.0,44.40546360664508,654.3305459518474,0.0,6.460034679341552,639.5634950701923,0.0,10.533930423070458,654.3305459518474
0.0,43.939875521647494,654.3305459518474,0.0,8.923271335644346,654.3305459518474,0.0,36.23409253885171,654.3305459518474,0.0,44.28120672528384,654.3305459518474,0.0,8.729776593704798,646.5473163451561,0.0,11.697900635564432,654.3305459518474
0.0,60.26857654642393,654.3305459518474,0.0,69.98225748599037,654.3305459518474,0.0,96.73149367344456,654.3305459518474,0.0,90.48835558739304,654.3305459518474,0.0,45.91597858000066,654.3305459518474,0.0,30.307560653642767,654.3305459518474
0.0,77.20770035703802,654.3305459518474,0.0,149.49670821303445,654.3305459518474,0.0,179.23764802268383,654.3305459518474,0.0,159.10378737840972,654.3305459518474,0.0,105.59392019557762,654.3305459518474,0.0,54.828388294676465,654.3305459518474
0.0,145.05869164982175,654.3305459518474,0.0,211.38301374250824,654.3305459518474,0.0,231.79947389283882,654.3305459518474,0.0,215.93618322407485,654.3305459518474,0.0,165.71219170640322,654.3305459518474,0.0,78.97326580178468,633.3038117536321
0.0,275.5557486000421,654.3305459518474,0.0,252.9058440750508,654.3305459518474,0.0,254.17631738129882,654.3305459518474,0.0,260.0386472341697,654.3305459518474,0.0,234.02073349508763,654.3305459518474,0.0,99.22820383757828,632.5320155912103
0.0,317.72980189941,654.3305459518474,0.0,275.2355284028398,654.3305459518474,0.0,258.11341601328456,654.3305459518474,0.0,264.43347409104115,654.3305459518474,0.0,276.9418289630513,654.3305459518474,0.0,130.18080620734787,654.3305459518474
0.0,320.2669567865612,654.3305459518474,0.0,273.09322285967954,654.3305459518474,0.0,228.6739749197571,654.3305459518474,0.0,246.85098717371358,654.3305459518474,0.0,297.58675824358073,654.3305459518474,0.0,128.3609326577585,654.3305459518474
0.0,303.43319064724284,654.3305459518474,0.0,255.23078273918208,654.3305459518474,0.0,208.26802093242492,654.3305459518474,0.0,219.60268939343086,654.3305459518474,0.0,292.6507464614499,654.3305459518474,0.0,109.59089594760145,654.3305459518474
0.0,264.34683790082573,654.3305459518474,0.0,221.14014116594885,654.3305459518474,0.0,179.00635486061336,654.3305459518474,0.0,178.992136020818,654.3305459518474,0.0,261.97023743473835,654.3305459518474,0.0,97.12837708481901,651.4589230366664
0.0,206.20413626139816,654.3305459518474,0.0,167.83427488805472,654.3305459518474,0.0,136.8936795617119,654.3305459518474,0.0,173.43015946161083,654.3305459518474,0.0,209.33131384389324,654.3305459518474,0.0,70.35034775980402,621.8092707964704
0.0,137.24737326674511,654.3305459518474,0.0,93.95571895106625,648.2862649029137,0.0,83.7844875155991,638.1150334674464,0.0,122.51361160917111,654.3305459518474,0.0,135.69191092908704,654.3305459518474,0.0,40.004810957045294,561.8140817535157
0.0,67.5418894940829,654.3305459518474,0.0,19.28596344566752,654.3305459518474,0.0,38.094943998413726,654.3305459518474,0.0,63.11412231633571,654.3305459518474,0.0,58.949087741106354,654.3305459518474,0.0,13.769467437718033,572.8296557036902
0.0,55.637776157211924,654.3305459518474,0.0,4.481285318101797,654.3305459518474,0.0,25.31635212174392,654.3305459518474,0.0,48.130168286625796,654.3305459518474,0.0,32.125577864833666,654.3305459518474,0.0,13.0364663799325,583.2588288076362
0.0,54.88119551909084,654.3305459518474,0.0,8.6715780830801,654.3305459518474,0.0,17.517751698034296,654.3305459518474,0.0,45.39483828726496,654.3305459518474,0.0,25.25815361111922,654.3305459518474,0.0,13.443855954305391,594.0139135710805
0.0,54.706599987216734,654.3305459518474,0.0,13.152863401181898,654.3305459518474,0.0,10.88312148681865,654.3305459518474,0.0,40.447964884165565,654.3305459518474,0.0,21.126059356765616,654.3305459518474,0.0,22.464625101133684,611.9856136519875
0.0,54.24101190221916,654.3305459518474,0.0,15.597200847419243,654.3305459518474,0.0,8.6133795724554,654.3305459518474,0.0,36.25767211918726,654.3305459518474,0.0,18.623523399903572,654.3305459518474,0.0,32.35837190733246,637.8723111778535
0.0,52.2622625409794,654.3305459518474,0.0,17.983339783031887,654.3305459518474,0.0,7.914997444959019,654.3305459518474,0.0,33.69693765170052,654.3305459518474,0.0,18.216133825530683,654.3305459518474,0.0,37.47984084230594,654.3305459518474
0.0,49.468734030993865,654.3305459518474,0.0,20.25308169739513,654.3305459518474,0.0,7.158416806837935,654.3305459518474,0.0,30.321424035468006,654.3305459518474,0.0,17.459553187409597,654.3305459518474,0.0,39.691384246044485,654.3305459518474
0.0,46.03502190413665,654.3305459518474,0.0,23.221205739254767,654.3305459518474,0.0,7.216615317462634,654.3305459518474,0.0,27.70249105735656,654.3305459518474,0.0,14.898818719922858,654.3305459518474,0.0,39.1093991397975,654.3305459518474
0.0,42.135721692281834,654.3305459518474,0.0,22.057235526760792,654.3305459518474,0.0,8.496982551206004,654.3305459518474,0.0,24.617969994247535,654.3305459518474,0.0,11.174114039942143,654.3305459518474,0.0,33.92973169419932,654.3305459518474
0.0,36.31587062981197,654.3305459518474,0.0,26.305726802363797,654.3305459518474,0.0,10.242937869946964,654.3305459518474,0.0,21.358853399264408,654.3305459518474,0.0,7.333012338712031,654.3305459518474,0.0,25.72374169611681,654.3305459518474
0.0,30.3796225460927,654.3305459518474,0.0,35.26829743856739,654.3305459518474,0.0,11.872496167438527,654.3305459518474,0.0,18.507126378654174,654.3305459518474,0.0,4.597682339351194,654.3305459518474,0.0,23.686793824252355,654.3305459518474
0.0,22.813816164881878,654.3305459518474,0.0,35.966679566063775,654.3305459518474,0.0,13.676649996804183,654.3305459518474,0.0,16.353781485540324,654.3305459518474,0.0,3.084521063109029,654.3305459518474,0.0,24.734367015496932,654.3305459518474
0.0,14.375032124300569,654.3305459518474,0.0,31.659989779836074,654.3305459518474,0.0,13.211061911806597,654.3305459518474,0.0,12.978267869307802,654.3305459518474,0.0,2.444337446237344,654.3305459518474,0.0,24.38517595174874,654.3305459518474
0.0,11.185153389895744,654.3305459518474,0.0,22.057235526760792,654.3305459518474,0.0,11.108055669205594,654.3305459518474,0.0,11.193013250007596,654.3305459518474,0.0,3.8018024006708635,654.3305459518474,0.0,21.7662429736373,654.3305459518474
0.0,66.62714396025164,654.3305459518474,0.0,34.22090197630787,654.3305459518474,0.0,48.05996273257432,654.3305459518474,0.0,61.79816845883001,654.3305459518474,0.0,59.648003055557915,654.3305459518474,0.0,53.52426375161249,654.3305459518474
0.0,147.18916787854027,654.3305459518474,0.0,41.37313753244736,654.3305459518474,0.0,112.17520999542373,654.3305459518474,0.0,136.1533518307697,654.3305459518474,0.0,131.02870340595447,654.3305459518474,0.0,121.35485495390243,654.3305459518474
0.0,214.0476050008624,654.3305459518474,0.0,40.525418062825835,594.8559640146732,0.0,186.22050160417447,654.3305459518474,0.0,185.78167258935417,654.3305459518474,0.0,188.3880653370837,654.3305459518474,0.0,192.4791816814646,654.3305459518474
0.0,244.7249345377322,654.3305459518474,0.0,41.04302340774968,535.8989874224229,0.0,236.10519598559333,654.3305459518474,0.0,210.50853520270937,654.3305459518474,0.0,223.23528754843798,654.3305459518474,0.0,237.37134437954134,654.3305459518474
0.0,243.54206511517276,654.3305459518474,0.0,40.154326028155495,476.0533134505784,0.0,254.87841218559214,654.3305459518474,0.0,226.31044787100683,654.3305459518474,0.0,236.24049221690817,654.3305459518474,0.0,264.37898825721334,654.3305459518474
0.0,238.32927961971382,654.3305459518474,0.0,40.49565723179184,416.5489706823702,0.0,255.5185958024638,654.3305459518474,0.0,229.20783317185985,654.3305459518474,0.0,234.1767852748664,654.3305459518474,0.0,272.7769721168071,654.3305459518474
0.0,212.17103382107666,654.3305459518474,0.0,44.4248960036657,360.97386668603593,0.0,239.44927016137845,654.3305459518474,0.0,225.56958695310945,654.3305459518474,0.0,215.88487688008888,654.3305459518474,0.0,264.7721589917909,654.3305459518474
0.0,76.2283973328986,630.558943284746,0.0,36.06939093447299,297.04325762050894,0.0,208.52810723205621,654.3305459518474,0.0,204.08144084424356,654.3305459518474,0.0,185.12727013268713,654.3305459518474,0.0,237.9516508763749,654.3305459518474
0.0,104.00516207907367,633.763072948005,0.0,21.84519703272591,218.88845465323485,0.0,159.55886930040887,654.3305459518474,0.0,159.80588218270302,654.3305459518474,0.0,128.95545799438744,654.3305459518474,0.0,186.3146421965316,654.3305459518474
0.0,103.30978171243396,636.4108983179522,0.0,23.778288113722912,142.66674276695775,0.0,96.07126542404919,650.4018113758966,0.0,93.62692797781185,647.9574739296593,0.0,68.92682443463396,623.2573703864814,0.0,111.69522534164574,654.3305459518474
0.0,55.54363556485478,654.3305459518474,0.0,7.907137584847169,148.9924528348355,0.0,27.51403214365723,654.3305459518474,0.0,28.762959936953205,654.3305459518474,0.0,13.444033683290447,634.0125973331137,0.0,37.11360690689076,654.3305459518474
0.0,47.897374244127,654.3305459518474,0.0,10.824922976193951,157.65239121579066,0.0,7.565806381210827,654.3305459518474,0.0,8.380585529956607,654.3305459518474,0.0,0.05819851062469866,634.0591561416135,0.0,16.93576659178731,654.3305459518474
0.0,54.82299700846614,654.3305459518474,0.0,19.67109659114815,173.38926848870918,0.0,8.26418850870721,654.3305459518474,0.0,10.242937869946964,654.3305459518474,0.0,0.05819851062469866,634.1057149501132,0.0,16.761171059913213,654.3305459518474
0.0,55.81237168908602,654.3305459518474,0.0,20.893265314266817,190.10388074012263,0.0,8.205989998082512,654.3305459518474,0.0,11.75609914618913,654.3305459518474,0.0,4.132094254353605,637.4113903535961,0.0,20.485875739893928,654.3305459518474
0.0,56.6271508378318,654.3305459518474,0.0,16.64477403866382,203.4196999710537,0.0,7.449409359961429,654.3305459518474,0.0,12.105290209937321,654.3305459518474,0.0,14.898818719922858,649.3304453295343,0.0,23.803190845501753,654.3305459518474
0.0,57.15093743345409,654.3305459518474,0.0,10.592128933695157,211.89340311800981,0.0,6.98382127496384,654.3305459518474,0.0,13.0946648905572,654.3305459518474,0.0,20.835066803642118,654.3305459518474,0.0,22.75561765425718,654.3305459518474
0.0,57.32553296532818,654.3305459518474,0.0,7.624004891835525,217.99260703147823,0.0,6.169042126218058,654.3305459518474,0.0,13.443855954305391,654.3305459518474,0.0,21.067860846140917,654.3305459518474,0.0,23.337602760504165,654.3305459518474
0.0,56.80174636970589,654.3305459518474,0.0,9.486357231825883,225.58169281693893,0.0,5.179667445598181,654.3305459518474,0.0,14.72422318804876,654.3305459518474,0.0,21.067860846140917,654.3305459518474,0.0,24.094183398625244,654.3305459518474
0.0,56.219761263458906,654.3305459518474,0.0,11.581503614315034,234.84689570839095,0.0,3.4337121268572206,654.3305459518474,0.0,15.364406804920447,654.3305459518474,0.0,18.972714463651766,654.3305459518474,0.0,23.453999781753563,654.3305459518474
0.0,55.695974667836616,654.3305459518474,0.0,12.221687231186719,244.6242454933403,0.0,2.2115434037385495,654.3305459518474,0.0,15.422605315545146,654.3305459518474,0.0,16.17918595366623,654.3305459518474,0.0,22.581022122383082,654.3305459518474
0.0,54.41560743409325,654.3305459518474,0.0,13.734848507428882,255.6121242992834,0.0,1.9787493612397546,654.3305459518474,0.0,16.353781485540324,654.3305459518474,0.0,14.491429145549967,654.3305459518474,0.0,21.649845952387903,654.3305459518474
0.0,52.727850625976984,654.3305459518474,0.0,16.17918595366623,268.5554730622164,0.0,2.269741914363248,654.3305459518474,0.0,19.55469956989875,654.3305459518474,0.0,12.745473826809006,654.3305459518474,0.0,19.96208914427164,654.3305459518474
0.0,49.87612360536675,654.3305459518474,0.0,17.168560634286106,282.29032156964524,0.0,2.793528509985536,654.3305459518474,0.0,20.95146382489152,654.3305459518474,0.0,11.75609914618913,654.3305459518474,0.0,19.845692123022243,654.3305459518474
0.0,46.20961743601074,654.3305459518474,0.0,20.602272761143325,298.7721397785599,0.0,4.9075741025401385,654.3305459518474,0.0,26.23498806135715,654.3305459518474,0.0,13.063225450109801,654.3305459518474,0.0,20.761148572793722,654.3305459518474
0.0,53.39179155216927,654.3305459518474,0.0,25.539785423702515,299.2039681175219,0.0,59.02821952918003,654.3305459518474,0.0,89.82326923874251,654.3305459518474,0.0,64.14182860404166,654.3305459518474,0.0,65.37017857785878,654.3305459518474
0.0,75.80643346076022,654.3305459518474,0.0,59.4636913251735,326.7749211776607,0.0,129.85837421377698,654.3305459518474,0.0,170.6794651999964,654.3305459518474,0.0,131.5650302319587,654.3305459518474,0.0,146.90267796670184,654.3305459518474
0.0,116.87789454810058,654.3305459518474,0.0,137.61431811810056,356.86637567214115,0.0,187.93501748246803,654.3305459518474,0.0,232.00268483328864,654.3305459518474,0.0,191.01803766514874,654.3305459518474,0.0,209.72484003644092,654.3305459518474
0.0,176.06666849834443,654.3305459518474,0.0,224.76381308693374,456.67742614168816,0.0,228.03750397968236,654.3305459518474,0.0,269.45161942210234,654.3305459518474,0.0,231.04660593151465,654.3305459518474,0.0,244.62240089830806,654.3305459518474
0.0,254.87805672762204,654.3305459518474,0.0,241.59439973641034,569.9529459308164,0.0,253.47060858064575,654.3305459518474,0.0,288.0534195800688,654.3305459518474,0.0,248.88864596151825,654.3305459518474,0.0,259.84232846035854,654.3305459518474
0.0,294.86732569342865,654.3305459518474,0.0,237.73907919538485,654.3305459518474,0.0,255.07658729780178,654.3305459518474,0.0,290.2602826135373,654.3305459518474,0.0,250.53710346907528,654.3305459518474,0.0,256.1144442905361,654.3305459518474
0.0,275.7009387588523,654.3305459518474,0.0,204.0401074763008,654.3305459518474,0.0,233.74731700058632,654.3305459518474,0.0,277.17012036426513,654.3305459518474,0.0,236.4921854694724,654.3305459518474,0.0,235.76668881382858,654.3305459518474
0.0,235.7322476125245,654.3305459518474,0.0,197.37235921522435,654.3305459518474,0.0,204.16003944536203,654.3305459518474,0.0,244.25916872374958,654.3305459518474,0.0,207.84862431462528,654.3305459518474,0.0,211.17980280205836,654.3305459518474
0.0,176.49013325091113,654.3305459518474,0.0,172.66121632209286,654.3305459518474,0.0,157.62259872957011,654.3305459518474,0.0,191.84199982544962,654.3305459518474,0.0,162.2092417189677,654.3305459518474,0.0,158.21208823795885,654.3305459518474
0.0,98.65725808128488,652.9878040331323,0.0,115.0234020682221,654.3305459518474,0.0,88.44090155253016,642.7714475043775,0.0,123.0377536627635,654.3305459518474,0.0,101.84227871643455,654.3305459518474,0.0,101.6250266651744,654.3305459518474
0.0,22.935249014371486,654.3305459518474,0.0,57.52874390577803,654.3305459518474,0.0,21.190794576058874,654.3305459518474,0.0,48.78006810200779,654.3305459518474,0.0,37.4171396903962,654.3305459518474,0.0,42.36869346376569,654.3305459518474
0.0,0.11639702124939733,654.3305459518474,0.0,35.26829743856739,654.3305459518474,0.0,3.49191063748192,654.3305459518474,0.0,31.60179126921138,654.3305459518474,0.0,23.686793824252355,654.3305459518474,0.0,28.750064248601138,654.3305459518474
0.0,0.23279404249879465,654.3305459518474,0.0,34.97730488544389,654.3305459518474,0.0,3.899300211854811,654.3305459518474,0.0,31.776386801085472,654.3305459518474,0.0,24.210580419874642,654.3305459518474,0.0,28.051682121104758,654.3305459518474
0.0,1.74595531874096,654.3305459518474,0.0,34.104327226073416,654.3305459518474,0.0,4.015697233104208,654.3305459518474,0.0,28.168079142354156,654.3305459518474,0.0,23.395801271128864,654.3305459518474,0.0,30.96160765233969,654.3305459518474
0.0,5.470659998721674,654.3305459518474,0.0,34.104327226073416,654.3305459518474,0.0,3.6665061693560155,654.3305459518474,0.0,22.930213186131272,654.3305459518474,0.0,22.872014675506573,654.3305459518474,0.0,34.569915311071,654.3305459518474
0.0,10.766724465569252,654.3305459518474,0.0,35.442892970441484,654.3305459518474,0.0,2.735329999360837,654.3305459518474,0.0,18.507126378654174,654.3305459518474,0.0,21.475250420513806,654.3305459518474,0.0,38.58561254417521,654.3305459518474
0.0,19.030912974276465,654.3305459518474,0.0,34.8609078641945,654.3305459518474,0.0,1.6877568081162613,654.3305459518474,0.0,14.375032124300569,654.3305459518474,0.0,22.75561765425718,654.3305459518474,0.0,40.56436190541496,654.3305459518474
0.0,23.686793824252355,654.3305459518474,0.0,36.72326020418486,654.3305459518474,0.0,0.8147791487457813,654.3305459518474,0.0,13.0946648905572,654.3305459518474,0.0,27.70249105735656,654.3305459518474,0.0,41.08814850103725,654.3305459518474
0.0,24.734367015496932,654.3305459518474,0.0,39.1093991397975,654.3305459518474,0.0,0.2909925531234933,654.3305459518474,0.0,12.57087829493491,654.3305459518474,0.0,34.33712126857221,654.3305459518474,0.0,38.64381105479991,654.3305459518474
0.0,30.5542180779668,654.3305459518474,0.0,38.993002118548105,654.3305459518474,0.0,0.05819851062469866,654.3305459518474,0.0,13.0364663799325,654.3305459518474,0.0,40.56436190541496,654.3305459518474,0.0,35.38469445981679,654.3305459518474
0.0,38.00362743792823,654.3305459518474,0.0,39.92417828854328,654.3305459518474,0.0,0.0,654.3305459518474,0.0,12.62907680555961,654.3305459518474,0.0,43.5324859472746,654.3305459518474,0.0,36.95605424668366,654.3305459518474
0.0,42.717706798528816,654.3305459518474,0.0,42.65950828790412,654.3305459518474,0.0,0.0,654.3305459518474,0.0,11.174114039942143,654.3305459518474,0.0,45.74402935101315,654.3305459518474,0.0,38.06182594855293,654.3305459518474
0.0,41.495538075410145,654.3305459518474,0.0,45.220242755390856,654.3305459518474,0.0,0.0,654.3305459518474,0.0,8.380585529956607,654.3305459518474,0.0,47.08259509538122,654.3305459518474,0.0,38.76020807604931,654.3305459518474
0.0,38.993002118548105,654.3305459518474,0.0,46.55880849975893,654.3305459518474,0.0,3.4715105469881222,654.3305459518474,0.0,8.721916733592948,654.3305459518474,0.0,45.3712587069294,654.3305459518474,0.0,38.469215522925815,654.3305459518474
0.0,46.96001682343338,654.3305459518474,0.0,75.57982066895988,654.3305459518474,0.0,64.28666330488176,654.3305459518474,0.0,28.5773250551255,654.3305459518474,0.0,82.23202693879767,654.3305459518474,0.0,54.79491478684555,654.3305459518474
0.0,87.51555117526331,654.3305459518474,0.0,120.5316827580896,654.3305459518474,0.0,136.93987102890986,654.3305459518474,0.0,43.556598714565325,654.3305459518474,0.0,144.94750818579763,654.3305459518474,0.0,74.42538892599116,654.3305459518474
0.0,141.17378800674737,654.3305459518474,0.0,174.19459995984374,654.3305459518474,0.0,193.77544636441672,654.3305459518474,0.0,58.81900506701678,613.1495510188641,0.0,211.17044206151817,654.3305459518474,0.0,87.18676020200893,641.5173061538563
0.0,207.09786946923253,654.3305459518474,0.0,228.9743282134208,654.3305459518474,0.0,231.94634266106243,654.3305459518474,0.0,79.39169472611117,592.5412457449753,0.0,258.4566035553193,654.3305459518474,0.0,98.70388405500081,640.2211902088571
0.0,273.2326662743093,654.3305459518474,0.0,286.01911801109094,654.3305459518474,0.0,257.9457126480491,654.3305459518474,0.0,102.1444883484967,594.2568364237727,0.0,265.4059836289791,654.3305459518474,0.0,112.75816279514389,650.4277204449722
0.0,296.87097778644727,654.3305459518474,0.0,317.2312734935366,654.3305459518474,0.0,266.08732288480843,654.3305459518474,0.0,113.86614629338176,605.3497534584781,0.0,260.9482778912128,654.3305459518474,0.0,145.93802828887576,654.3305459518474
0.0,168.36521042784864,654.3305459518474,0.0,304.73413570046506,654.3305459518474,0.0,250.7934770919096,654.3305459518474,0.0,123.77261105894752,624.367842305636,0.0,250.61552434120875,654.3305459518474,0.0,170.1961233273916,654.3305459518474
0.0,98.05098247876212,652.3815284306095,0.0,271.53219150682605,654.3305459518474,0.0,217.40907750628463,654.3305459518474,0.0,145.2072390274588,654.3305459518474,0.0,225.5316108039935,654.3305459518474,0.0,161.7713803976206,654.3305459518474
0.0,97.60279272340163,649.9843211540111,0.0,217.93533267580844,654.3305459518474,0.0,165.4260572525349,654.3305459518474,0.0,153.4353077254485,654.3305459518474,0.0,155.33227899572802,654.3305459518474,0.0,122.78570495222917,654.3305459518474
0.0,88.15723567256335,638.1415568265745,0.0,145.1421483501954,654.3305459518474,0.0,92.51329641583071,646.8438423676781,0.0,94.08765796355428,648.4182039154017,0.0,79.82266388081962,634.153209832667,0.0,85.01751785968631,639.3480638115337
0.0,48.97488599539062,654.3305459518474,0.0,67.21327624981357,654.3305459518474,0.0,21.70672131156931,654.3305459518474,0.0,32.710920189907455,654.3305459518474,0.0,15.880511269415942,646.8576188481998,0.0,52.72952923539039,654.3305459518474
0.0,46.67520552100833,654.3305459518474,0.0,45.220242755390856,654.3305459518474,0.0,5.063270424348783,654.3305459518474,0.0,16.702972549288514,654.3305459518474,0.0,3.7247046799807144,649.8373825921843,0.0,41.670133607284235,654.3305459518474
0.0,47.315389137880004,654.3305459518474,0.0,43.18329488352641,654.3305459518474,0.0,6.0526451049686605,654.3305459518474,0.0,15.073414251796954,654.3305459518474,0.0,4.481285318101797,653.4224108466658,0.0,37.130649778557746,654.3305459518474
0.0,44.114471053521584,654.3305459518474,0.0,40.85535445853846,654.3305459518474,0.0,6.692828721840346,654.3305459518474,0.0,13.211061911806597,654.3305459518474,0.0,4.830476381849989,654.3305459518474,0.0,32.53296743920656,654.3305459518474
0.0,41.96112616040774,654.3305459518474,0.0,36.72326020418486,654.3305459518474,0.0,6.285439147467455,654.3305459518474,0.0,11.057717018692745,654.3305459518474,0.0,4.364888296852399,654.3305459518474,0.0,32.70756297108065,654.3305459518474
0.0,40.79715594791376,654.3305459518474,0.0,30.3796225460927,654.3305459518474,0.0,6.285439147467455,654.3305459518474,0.0,7.042019785588539,654.3305459518474,0.0,4.190292764978303,654.3305459518474,0.0,36.490466161686065,654.3305459518474
0.0,33.05675403482884,654.3305459518474,0.0,26.65491786611199,654.3305459518474,0.0,6.343637658092154,654.3305459518474,0.0,1.5131612762421651,654.3305459518474,0.0,4.946873403099386,654.3305459518474,0.0,42.07752318165713,654.3305459518474
0.0,34.97730488544389,654.3305459518474,0.0,24.26877893049934,654.3305459518474,0.0,5.9362480837192635,654.3305459518474,0.0,0.6401836168716852,654.3305459518474,0.0,9.020769146828293,654.3305459518474,0.0,43.998074032272186,654.3305459518474
0.0,41.61193509665954,654.3305459518474,0.0,23.803190845501753,654.3305459518474,0.0,4.714079360600592,654.3305459518474,0.0,2.735329999360837,654.3305459518474,0.0,18.623523399903572,654.3305459518474,0.0,44.114471053521584,654.3305459518474
0.0,45.860426372262545,654.3305459518474,0.0,24.210580419874642,654.3305459518474,0.0,3.317315105607824,654.3305459518474,0.0,6.110843615593359,654.3305459518474,0.0,34.33712126857221,654.3305459518474,0.0,43.939875521647494,654.3305459518474
0.0,47.25719062725532,654.3305459518474,0.0,25.607344674867413,654.3305459518474,0.0,2.793528509985536,654.3305459518474,0.0,8.380585529956607,654.3305459518474,0.0,36.665061693560155,654.3305459518474,0.0,43.88167701102279,654.3305459518474
0.0,51.56388041348302,654.3305459518474,0.0,28.109880631729453,654.3305459518474,0.0,3.0263225524843302,654.3305459518474,0.0,7.682203402460224,654.3305459518474,0.0,35.326495949192086,654.3305459518474,0.0,43.4742874366499,654.3305459518474
0.0,55.34678360408843,654.3305459518474,0.0,28.168079142354156,654.3305459518474,0.0,3.608307658731317,654.3305459518474,0.0,9.13716616807769,654.3305459518474,0.0,33.580540630451125,654.3305459518474,0.0,42.60130977727942,654.3305459518474
0.0,52.727850625976984,654.3305459518474,0.0,27.05444758037303,654.3305459518474,0.0,5.505278929010824,654.3305459518474,0.0,12.679415456072459,654.3305459518474,0.0,38.142103159084826,654.3305459518474,0.0,42.49595210598362,654.3305459518474
0.0,71.68520082737517,654.3305459518474,0.0,60.32562963459038,654.3305459518474,0.0,40.93766573645388,654.3305459518474,0.0,54.82202931499296,654.3305459518474,0.0,99.38672419125857,654.3305459518474,0.0,81.73181992351095,654.3305459518474
0.0,125.21918077749797,654.3305459518474,0.0,103.48905761457817,654.3305459518474,0.0,98.52196184997004,654.3305459518474,0.0,130.01875090585574,654.3305459518474,0.0,174.9797960065406,654.3305459518474,0.0,141.23834549705558,654.3305459518474
0.0,189.30448948032833,654.3305459518474,0.0,181.048338560718,654.3305459518474,0.0,174.92981281399787,654.3305459518474,0.0,209.56932144361727,654.3305459518474,0.0,244.18021466466092,654.3305459518474,0.0,194.146360670102,654.3305459518474
0.0,246.01262844463227,654.3305459518474,0.0,240.811237757097,654.3305459518474,0.0,221.17626097666636,654.3305459518474,0.0,262.74139237062485,654.3305459518474,0.0,288.05456500252706,654.3305459518474,0.0,239.07632178830963,654.3305459518474
0.0,277.764290242924,654.3305459518474,0.0,261.67023959904475,654.3305459518474,0.0,236.63684244132745,654.3305459518474,0.0,283.3219418898312,654.3305459518474,0.0,310.0051197065488,654.3305459518474,0.0,272.2971651920141,654.3305459518474
0.0,229.57053215946314,654.3305459518474,0.0,271.5216853438276,654.3305459518474,0.0,246.57792613718237,654.3305459518474,0.0,281.9944154954167,654.3305459518474,0.0,314.19859196136883,654.3305459518474,0.0,279.7750122315663,654.3305459518474
0.0,161.62204305549545,654.3305459518474,0.0,266.14852315628985,654.3305459518474,0.0,234.97266521354678,654.3305459518474,0.0,247.25890993504166,654.3305459518474,0.0,299.8280624783533,654.3305459518474,0.0,265.48944032935276,654.3305459518474
0.0,148.33688518385537,654.3305459518474,0.0,227.58127663522492,654.3305459518474,0.0,185.66209607826306,654.3305459518474,0.0,153.23245224296878,654.3305459518474,0.0,268.81408210811725,654.3305459518474,0.0,239.77002354553593,654.3305459518474
0.0,126.63484424255618,654.3305459518474,0.0,163.18607616920565,654.3305459518474,0.0,131.93780087604244,654.3305459518474,0.0,82.32051946741156,636.651065419259,0.0,218.7862316352717,654.3305459518474,0.0,195.06499660971525,654.3305459518474
0.0,92.75341713148619,647.0839630833336,0.0,88.3260054117091,642.6565513635564,0.0,91.0330754604643,645.3636214123117,0.0,44.3068203730029,580.9578857922619,0.0,150.2950567256163,654.3305459518474,0.0,128.65474924275364,654.3305459518474
0.0,54.900272458141345,654.3305459518474,0.0,28.26275292166646,654.3305459518474,0.0,30.8974056200016,654.3305459518474,0.0,31.332877415995085,606.0241877250579,0.0,76.04373014454407,654.3305459518474,0.0,56.899599638859954,654.3305459518474
0.0,39.92417828854328,654.3305459518474,0.0,3.7829031906054134,654.3305459518474,0.0,11.872496167438527,654.3305459518474,0.0,35.966679566063775,634.797531377909,0.0,54.59020296596734,654.3305459518474,0.0,41.37914105416075,654.3305459518474
0.0,37.712634884804736,654.3305459518474,0.0,0.7565806381210826,654.3305459518474,0.0,12.978267869307802,654.3305459518474,0.0,32.125577864833666,654.3305459518474,0.0,55.28858509346373,654.3305459518474,0.0,47.897374244127,654.3305459518474
0.0,32.76576148170535,654.3305459518474,0.0,0.0,654.3305459518474,0.0,12.978267869307802,654.3305459518474,0.0,23.977786377375846,654.3305459518474,0.0,56.103364242209516,654.3305459518474,0.0,50.749101264737234,654.3305459518474
0.0,24.094183398625244,654.3305459518474,0.0,0.0,654.3305459518474,0.0,11.75609914618913,654.3305459518474,0.0,15.24800978367105,654.3305459518474,0.0,56.0451657315848,654.3305459518474,0.0,52.2040640303547,654.3305459518474
0.0,17.110362123661407,654.3305459518474,0.0,0.9893746806198773,654.3305459518474,0.0,9.893746806198772,654.3305459518474,0.0,15.015215741172256,654.3305459518474,0.0,56.33615828470831,654.3305459518474,0.0,52.96064466847578,654.3305459518474
0.0,13.211061911806597,654.3305459518474,0.0,3.49191063748192,654.3305459518474,0.0,9.253563189327087,654.3305459518474,0.0,24.501572972998137,654.3305459518474,0.0,56.918143390955294,654.3305459518474,0.0,53.89182083847097,654.3305459518474
0.0,8.846173614954198,654.3305459518474,0.0,6.169042126218058,654.3305459518474,0.0,10.242937869946964,654.3305459518474,0.0,31.60179126921138,654.3305459518474,0.0,57.383731475952885,654.3305459518474,0.0,55.113989561589634,654.3305459518474
0.0,5.8198510624698665,654.3305459518474,0.0,7.740401913084923,654.3305459518474,0.0,9.369960210576485,654.3305459518474,0.0,37.59623786355534,654.3305459518474,0.0,57.441929986577584,654.3305459518474,0.0,55.87057019971072,654.3305459518474
0.0,4.3066897862277,654.3305459518474,0.0,7.333012338712031,654.3305459518474,0.0,6.285439147467455,654.3305459518474,0.0,38.52741403355052,654.3305459518474,0.0,57.09273892282938,654.3305459518474,0.0,56.219761263458906,654.3305459518474
0.0,3.1427195737337277,654.3305459518474,0.0,6.110843615593359,654.3305459518474,0.0,3.608307658731317,654.3305459518474,0.0,34.39531977919691,654.3305459518474,0.0,56.6271508378318,654.3305459518474,0.0,56.6271508378318,654.3305459518474
0.0,2.15334489311385,654.3305459518474,0.0,5.412461488096976,654.3305459518474,0.0,2.6771314887361384,654.3305459518474,0.0,32.41657041795716,654.3305459518474,0.0,55.92876871033541,654.3305459518474,0.0,56.7435478590812,654.3305459518474
0.0,1.3385657443680692,654.3305459518474,0.0,5.005071913724085,654.3305459518474,0.0,3.259116594983125,654.3305459518474,0.0,34.569915311071,654.3305459518474,0.0,54.93939402971553,654.3305459518474,0.0,56.33615828470831,654.3305459518474
0.0,5.368481817267629,654.3305459518474,0.0,8.050293676273867,654.3305459518474,0.0,9.725510254008178,654.3305459518474,0.0,42.21599890281373,654.3305459518474,0.0,55.590616996540824,654.3305459518474,0.0,55.81237168908602,654.3305459518474
0.0,67.0912311648209,654.3305459518474,0.0,53.26488836792146,654.3305459518474,0.0,78.56269673757004,654.3305459518474,0.0,97.22852119888955,654.3305459518474,0.0,98.82646232694866,654.3305459518474,0.0,76.16798702590532,654.3305459518474
0.0,139.34490917458794,654.3305459518474,0.0,122.17449220190336,654.3305459518474,0.0,146.7864586744375,654.3305459518474,0.0,170.15382226597566,654.3305459518474,0.0,154.95579567484734,654.3305459518474,0.0,132.93750399067568,654.3305459518474
0.0,197.37907365287793,654.3305459518474,0.0,189.32392187734897,654.3305459518474,0.0,193.94836328687745,654.3305459518474,0.0,237.71532188606423,654.3305459518474,0.0,186.41646492001558,654.3305459518474,0.0,198.35669806760401,654.3305459518474
0.0,240.32074694032053,654.3305459518474,0.0,227.5513380752059,654.3305459518474,0.0,230.70677560830663,654.3305459518474,0.0,282.81034006662065,654.3305459518474,0.0,209.91011946029846,654.3305459518474,0.0,225.32972301498694,654.3305459518474
0.0,261.02555334088805,654.3305459518474,0.0,228.32513931397904,654.3305459518474,0.0,232.82400069070297,654.3305459518474,0.0,306.3511537675747,654.3305459518474,0.0,228.53549919860052,654.3305459518474,0.0,250.82102612657502,654.3305459518474
0.0,268.42630265975004,654.3305459518474,0.0,207.48503668209673,654.3305459518474,0.0,196.98104481904528,654.3305459518474,0.0,307.08883519563034,654.3305459518474,0.0,243.79790555105194,654.3305459518474,0.0,259.97877011413163,654.3305459518474
0.0,257.6279610247483,654.3305459518474,0.0,196.85025122901547,654.3305459518474,0.0,183.9852008911153,654.3305459518474,0.0,274.6938102906252,654.3305459518474,0.0,237.7389014663998,654.3305459518474,0.0,254.90914071009928,654.3305459518474
0.0,226.74927688582713,654.3305459518474,0.0,191.8828000064372,654.3305459518474,0.0,160.76514057431876,654.3305459518474,0.0,194.18998488296126,654.3305459518474,0.0,214.4544613882801,654.3305459518474,0.0,228.04465292385396,654.3305459518474
0.0,174.99119081446435,654.3305459518474,0.0,122.07345944290755,654.3305459518474,0.0,118.75614433729973,654.3305459518474,0.0,102.79032002911167,654.3305459518474,0.0,167.9941183931783,654.3305459518474,0.0,183.08175148477062,654.3305459518474
0.0,104.06821868895352,654.3305459518474,0.0,52.86818268553205,607.1987286373794,0.0,80.00944418510554,634.3399901369529,0.0,66.44097589146878,620.7715218433161,0.0,111.48265366065569,654.3305459518474,0.0,122.00236524393077,654.3305459518474
0.0,27.750005675997777,654.3305459518474,0.0,29.859015440312163,631.0859409896292,0.0,52.4181365917731,654.3305459518474,0.0,45.19198280478521,654.3305459518474,0.0,40.141430339803435,654.3305459518474,0.0,62.315062887813625,654.3305459518474
0.0,5.9362480837192635,654.3305459518474,0.0,28.575468716727045,653.9463159630109,0.0,37.59623786355534,654.3305459518474,0.0,43.5324859472746,654.3305459518474,0.0,15.364406804920447,654.3305459518474,0.0,46.61700701038363,654.3305459518474
0.0,6.401836168716853,654.3305459518474,0.0,25.25815361111922,654.3305459518474,0.0,28.400873184852944,654.3305459518474,0.0,45.80222786163785,654.3305459518474,0.0,10.533930423070458,654.3305459518474,0.0,44.34726509602038,654.3305459518474
0.0,6.460034679341552,654.3305459518474,0.0,20.31128020801983,654.3305459518474,0.0,34.628113821695706,654.3305459518474,0.0,48.130168286625796,654.3305459518474,0.0,7.100218296213236,654.3305459518474,0.0,43.4160889260252,654.3305459518474
0.0,5.645255530595771,654.3305459518474,0.0,16.17918595366623,654.3305459518474,0.0,43.12509637290171,654.3305459518474,0.0,51.62207892410771,654.3305459518474,0.0,1.396764254992768,654.3305459518474,0.0,41.43733956478545,654.3305459518474
0.0,4.830476381849989,654.3305459518474,0.0,11.988893188687923,654.3305459518474,0.0,47.7227787122529,654.3305459518474,0.0,53.193438710974576,654.3305459518474,0.0,0.9893746806198773,654.3305459518474,0.0,39.4585902035457,654.3305459518474
0.0,4.364888296852399,654.3305459518474,0.0,11.174114039942143,654.3305459518474,0.0,48.362962329124585,654.3305459518474,0.0,54.06641637034505,654.3305459518474,0.0,1.0475731912445758,654.3305459518474,0.0,37.88723041667883,654.3305459518474
0.0,4.423086807477099,654.3305459518474,0.0,10.47573191244576,654.3305459518474,0.0,43.00869935165231,654.3305459518474,0.0,54.99759254034023,654.3305459518474,0.0,1.1057717018692748,654.3305459518474,0.0,35.67568701294028,654.3305459518474
0.0,4.073895743728906,654.3305459518474,0.0,13.443855954305391,654.3305459518474,0.0,30.96160765233969,654.3305459518474,0.0,55.46318062533782,654.3305459518474,0.0,1.74595531874096,654.3305459518474,0.0,33.92973169419932,654.3305459518474
0.0,3.899300211854811,654.3305459518474,0.0,15.888193400542736,654.3305459518474,0.0,30.088629992969206,654.3305459518474,0.0,55.40498211471312,654.3305459518474,0.0,2.036947871864453,654.3305459518474,0.0,33.40594509857703,654.3305459518474
0.0,3.9574987224795093,654.3305459518474,0.0,13.211061911806597,654.3305459518474,0.0,40.273369352291475,654.3305459518474,0.0,54.82299700846614,654.3305459518474,0.0,2.5025359568620424,654.3305459518474,0.0,32.940357013579444,654.3305459518474
0.0,4.539483828726496,654.3305459518474,0.0,9.60275425307528,654.3305459518474,0.0,39.2257961610469,654.3305459518474,0.0,54.41560743409325,654.3305459518474,0.0,4.772277871225291,654.3305459518474,0.0,34.919106374819194,654.3305459518474
0.0,5.761652551845168,654.3305459518474,0.0,7.274813828087333,654.3305459518474,0.0,36.024878076688466,654.3305459518474,0.0,54.64840147659204,654.3305459518474,0.0,7.682203402460224,654.3305459518474,0.0,37.188848289182445,654.3305459518474
0.0,12.860369967630058,654.3305459518474,0.0,5.6955941811086195,654.3305459518474,0.0,36.75001927436216,654.3305459518474,0.0,57.16197678340769,654.3305459518474,0.0,8.058153536385715,654.3305459518474,0.0,40.32370800280433,654.3305459518474
0.0,80.13405652443689,654.3305459518474,0.0,38.16453731696215,654.3305459518474,0.0,81.41406830021016,654.3305459518474,0.0,108.24526030760964,654.3305459518474,0.0,40.77410955453339,654.3305459518474,0.0,68.75169571580469,654.3305459518474
0.0,156.05273982313162,654.3305459518474,0.0,59.12571734036398,654.3305459518474,0.0,170.8018657429592,654.3305459518474,0.0,174.63810934493415,654.3305459518474,0.0,74.12706969971099,654.3305459518474,0.0,125.02250654571668,654.3305459518474
0.0,217.2092237846616,654.3305459518474,0.0,77.22095150336021,631.5514974552076,0.0,242.56469747797968,654.3305459518474,0.0,219.24395986015747,654.3305459518474,0.0,127.3165389563557,654.3305459518474,0.0,184.23636095672438,654.3305459518474
0.0,254.74311595427724,654.3305459518474,0.0,79.16826142415256,610.7197588793601,0.0,287.3844428256363,654.3305459518474,0.0,250.13836371930233,654.3305459518474,0.0,131.12938070698016,654.3305459518474,0.0,213.7072414906992,654.3305459518474
0.0,272.5883354741227,654.3305459518474,0.0,87.41372845177938,598.1334873311396,0.0,308.02787122573733,654.3305459518474,0.0,285.98599996123016,654.3305459518474,0.0,162.248718748512,654.3305459518474,0.0,266.671776564957,654.3305459518474
0.0,274.1550148907195,654.3305459518474,0.0,106.05800740014686,602.9798932512571,0.0,309.6652893833408,654.3305459518474,0.0,262.89187513520824,654.3305459518474,0.0,170.78199883942057,654.3305459518474,0.0,233.2291784687073,654.3305459518474
0.0,258.795110727084,654.3305459518474,0.0,123.60119501691516,621.8608492647892,0.0,292.9054414748708,654.3305459518474,0.0,188.53987125311036,654.3305459518474,0.0,154.58055645686207,654.3305459518474,0.0,238.51588219501468,654.3305459518474
0.0,226.8656739070765,654.3305459518474,0.0,108.80755623930304,628.9068942562316,0.0,254.50961099583827,654.3305459518474,0.0,181.0305847731108,654.3305459518474,0.0,176.38009520934523,654.3305459518474,0.0,209.61912690717497,654.3305459518474
0.0,176.5782703215549,654.3305459518474,0.0,86.7688644646376,615.6757587208692,0.0,186.1851717579451,654.3305459518474,0.0,167.07062435430993,654.3305459518474,0.0,98.44486412927989,652.7754100811273,0.0,183.7707728717268,654.3305459518474
0.0,108.31670996455652,654.3305459518474,0.0,45.496048775245825,561.1718074961151,0.0,118.98540343198665,654.3305459518474,0.0,112.62754693409914,654.3305459518474,0.0,50.106271344978964,602.8816814261063,0.0,119.99535593208539,654.3305459518474
0.0,33.379541486369845,654.3305459518474,0.0,15.743536428687689,573.7666366390653,0.0,67.6378864248385,654.3305459518474,0.0,60.13495892452247,654.3305459518474,0.0,18.706980100277224,617.8472655063281,0.0,56.35523522375882,654.3305459518474
0.0,9.835548295574075,654.3305459518474,0.0,17.92514127240719,588.106749656991,0.0,50.98189530723602,654.3305459518474,0.0,42.135721692281834,654.3305459518474,0.0,5.121468934973482,621.9444406543068,0.0,36.665061693560155,654.3305459518474
0.0,9.020769146828293,654.3305459518474,0.0,22.581022122383082,606.1715673548975,0.0,48.362962329124585,654.3305459518474,0.0,32.241974886083064,654.3305459518474,0.0,1.396764254992768,623.061852058301,0.0,27.353299993608367,654.3305459518474
0.0,7.39121084933673,654.3305459518474,0.0,26.887711908610783,627.6817368817862,0.0,45.39483828726496,654.3305459518474,0.0,23.919587866751147,654.3305459518474,0.0,0.9893746806198773,623.853351802797,0.0,19.438302548649354,654.3305459518474
0.0,5.23786595622288,654.3305459518474,0.0,27.877086589230657,649.9834061531707,0.0,42.07752318165713,654.3305459518474,0.0,25.84013871736621,654.3305459518474,0.0,3.550109148106618,626.6934391212823,0.0,17.2267591449108,654.3305459518474
0.0,2.9681240418596317,654.3305459518474,0.0,28.400873184852944,654.3305459518474,0.0,40.15697233104208,654.3305459518474,0.0,34.51171680044631,654.3305459518474,0.0,6.92562276433914,632.2339373327536,0.0,14.840620209298159,654.3305459518474
0.0,1.2803672337433705,654.3305459518474,0.0,29.27385084422343,654.3305459518474,0.0,39.2257961610469,654.3305459518474,0.0,42.019324671032436,654.3305459518474,0.0,7.9731959555837175,638.6124940972206,0.0,15.18981127304635,654.3305459518474
0.0,0.6401836168716852,654.3305459518474,0.0,30.612416588591497,654.3305459518474,0.0,37.65443637418004,654.3305459518474,0.0,45.04564722351677,654.3305459518474,0.0,8.205989998082512,645.1772860956867,0.0,19.845692123022243,654.3305459518474
0.0,0.4655880849975893,654.3305459518474,0.0,32.823959992330046,654.3305459518474,0.0,37.07245126793305,654.3305459518474,0.0,47.25719062725532,654.3305459518474,0.0,8.380585529956607,651.881754519652,0.0,22.581022122383082,654.3305459518474
0.0,0.6401836168716852,654.3305459518474,0.0,34.4535182898216,654.3305459518474,0.0,38.81840658667401,654.3305459518474,0.0,49.99252062661615,654.3305459518474,0.0,10.766724465569252,654.3305459518474,0.0,25.14175658986982,654.3305459518474
0.0,1.2803672337433705,654.3305459518474,0.0,37.42164233168124,654.3305459518474,0.0,41.90292764978304,654.3305459518474,0.0,51.331086370984224,654.3305459518474,0.0,16.93576659178731,654.3305459518474,0.0,29.27385084422343,654.3305459518474
0.0,2.560734467486741,654.3305459518474,0.0,40.50616339479026,654.3305459518474,0.0,45.27844126601556,654.3305459518474,0.0,52.14586551973,654.3305459518474,0.0,17.692347229908396,654.3305459518474,0.0,35.79208403418968,654.3305459518474
0.0,4.423086807477099,654.3305459518474,0.0,42.36851573478063,654.3305459518474,0.0,48.304763818499886,654.3305459518474,0.0,52.3204610516041,654.3305459518474,0.0,10.301136380571663,654.3305459518474,0.0,40.73895743728906,654.3305459518474
0.0,12.84465024740636,654.3305459518474,0.0,44.32368551568483,654.3305459518474,0.0,54.65476045627554,654.3305459518474,0.0,52.86314685729184,654.3305459518474,0.0,6.537132400031701,654.3305459518474,0.0,52.17898356959081,654.3305459518474
0.0,79.93588141222725,654.3305459518474,0.0,81.8119194050578,654.3305459518474,0.0,121.68779311047174,654.3305459518474,0.0,99.2213116709396,654.3305459518474,0.0,47.27194265400584,654.3305459518474,0.0,120.28634848520889,654.3305459518474
0.0,151.8042485475286,654.3305459518474,0.0,141.0210934457954,654.3305459518474,0.0,168.8229386527344,654.3305459518474,0.0,172.2268899485576,654.3305459518474,0.0,121.28729570273752,654.3305459518474,0.0,202.25767688887223,654.3305459518474
0.0,210.86240663672768,654.3305459518474,0.0,205.77184395524642,654.3305459518474,0.0,179.3774468952837,654.3305459518474,0.0,238.0613334599707,654.3305459518474,0.0,201.0422226034072,654.3305459518474,0.0,266.31304703168354,654.3305459518474
0.0,252.75014775324217,654.3305459518474,0.0,237.2656312502754,654.3305459518474,0.0,234.9216156470937,654.3305459518474,0.0,284.8237083581496,654.3305459518474,0.0,264.03244349635173,654.3305459518474,0.0,305.7564507019607,654.3305459518474
0.0,274.11871735101687,654.3305459518474,0.0,256.4714952143961,654.3305459518474,0.0,302.0128468119145,654.3305459518474,0.0,278.1402403768495,654.3305459518474,0.0,294.2078874085214,654.3305459518474,0.0,325.96105008724146,654.3305459518474
0.0,277.09788074283017,654.3305459518474,0.0,250.7334222428865,654.3305459518474,0.0,305.4340187083898,654.3305459518474,0.0,273.61329677850495,654.3305459518474,0.0,293.5959637422554,654.3305459518474,0.0,328.3503685126959,654.3305459518474
0.0,264.99709317417785,654.3305459518474,0.0,225.60234954500012,654.3305459518474,0.0,288.891245122195,654.3305459518474,0.0,263.10126732635655,654.3305459518474,0.0,248.2571121692465,654.3305459518474,0.0,313.89806093872005,654.3305459518474
0.0,236.5517071315404,654.3305459518474,0.0,201.0265028831835,654.3305459518474,0.0,211.7000544498688,654.3305459518474,0.0,204.84534815552132,654.3305459518474,0.0,210.70281990913705,654.3305459518474,0.0,280.0480732680975,654.3305459518474
0.0,190.08968552702515,654.3305459518474,0.0,156.58420854988066,654.3305459518474,0.0,158.21959264010056,654.3305459518474,0.0,153.3499946866764,654.3305459518474,0.0,171.9499385062444,654.3305459518474,0.0,226.6840084795787,654.3305459518474
0.0,125.51353054944826,654.3305459518474,0.0,102.92597171839662,654.3305459518474,0.0,114.51347885442505,654.3305459518474,0.0,99.32534619079212,653.6558921426395,0.0,122.38299574812638,654.3305459518474,0.0,155.33792705947127,654.3305459518474
0.0,55.33609971210495,654.3305459518474,0.0,41.086825349593965,654.3305459518474,0.0,68.81757635755618,654.3305459518474,0.0,42.53074876525783,654.3305459518474,0.0,68.90571342819993,654.3305459518474,0.0,78.7476207034575,654.3305459518474
0.0,34.27892275794751,654.3305459518474,0.0,25.14175658986982,654.3305459518474,0.0,54.76479849784145,654.3305459518474,0.0,21.184257867390315,654.3305459518474,0.0,46.15141892538605,654.3305459518474,0.0,55.055791050964935,654.3305459518474
0.0,33.638739141075824,654.3305459518474,0.0,28.051682121104758,654.3305459518474,0.0,54.88119551909084,654.3305459518474,0.0,15.073414251796954,654.3305459518474,0.0,43.939875521647494,654.3305459518474,0.0,52.7860491366017,654.3305459518474
0.0,33.46414360920173,654.3305459518474,0.0,27.00410892986018,654.3305459518474,0.0,55.40498211471312,654.3305459518474,0.0,11.115915529317444,654.3305459518474,0.0,49.06134445662097,654.3305459518474,0.0,48.24656530787519,654.3305459518474
0.0,34.39531977919691,654.3305459518474,0.0,28.168079142354156,654.3305459518474,0.0,56.103364242209516,654.3305459518474,0.0,8.904372125578895,654.3305459518474,0.0,52.3786595622288,654.3305459518474,0.0,41.43733956478545,654.3305459518474
0.0,36.490466161686065,654.3305459518474,0.0,25.549146164242714,654.3305459518474,0.0,56.510753816582394,654.3305459518474,0.0,8.147791487457813,654.3305459518474,0.0,54.18281339159446,654.3305459518474,0.0,34.4535182898216,654.3305459518474
0.0,39.3421931822963,654.3305459518474,0.0,23.51219829237826,654.3305459518474,0.0,55.579577646587225,654.3305459518474,0.0,7.682203402460224,654.3305459518474,0.0,55.81237168908602,654.3305459518474,0.0,27.17870446173428,654.3305459518474
0.0,41.61193509665954,654.3305459518474,0.0,22.057235526760792,654.3305459518474,0.0,53.54262977472277,654.3305459518474,0.0,6.51823318996625,654.3305459518474,0.0,57.15093743345409,654.3305459518474,0.0,24.210580419874642,654.3305459518474
0.0,39.691384246044485,654.3305459518474,0.0,21.882639994886695,654.3305459518474,0.0,51.04009381786073,654.3305459518474,0.0,5.528858509346373,654.3305459518474,0.0,57.616525518451674,654.3305459518474,0.0,22.930213186131272,654.3305459518474
0.0,33.114952545453534,654.3305459518474,0.0,20.25308169739513,654.3305459518474,0.0,50.51630722223844,654.3305459518474,0.0,4.364888296852399,654.3305459518474,0.0,57.67472402907638,654.3305459518474,0.0,24.26877893049934,654.3305459518474
0.0,26.596719355487288,654.3305459518474,0.0,17.86694276178249,654.3305459518474,0.0,51.68027743473242,654.3305459518474,0.0,2.9681240418596317,654.3305459518474,0.0,57.67472402907638,654.3305459518474,0.0,26.1311312704897,654.3305459518474
0.0,27.586094036107163,654.3305459518474,0.0,16.17918595366623,654.3305459518474,0.0,53.251637221599275,654.3305459518474,0.0,1.6295582974915626,654.3305459518474,0.0,57.616525518451674,654.3305459518474,0.0,27.877086589230657,654.3305459518474
0.0,27.70249105735656,654.3305459518474,0.0,15.597200847419243,654.3305459518474,0.0,54.29921041284385,654.3305459518474,0.0,1.3385657443680692,654.3305459518474,0.0,57.500128497202276,654.3305459518474,0.0,28.22627765297885,654.3305459518474
0.0,32.4732680481535,654.3305459518474,0.0,18.83591735190857,654.3305459518474,0.0,57.89497784119322,654.3305459518474,0.0,6.691327841411999,654.3305459518474,0.0,60.955919323966704,654.3305459518474,0.0,34.459877269505114,654.3305459518474
0.0,92.5507393779915,654.3305459518474,0.0,64.56175840879649,654.3305459518474,0.0,107.1630681860759,654.3305459518474,0.0,63.07703481214503,654.3305459518474,0.0,101.69390906778258,654.3305459518474,0.0,93.94114465330077,654.3305459518474
0.0,161.50600149221614,654.3305459518474,0.0,128.07144098506336,654.3305459518474,0.0,174.4713736731719,654.3305459518474,0.0,145.35357460872723,654.3305459518474,0.0,134.13927262330054,654.3305459518474,0.0,175.16843264922502,654.3305459518474
0.0,214.1355643425211,654.3305459518474,0.0,200.75140777926873,654.3305459518474,0.0,199.6795440917484,654.3305459518474,0.0,207.81718487417785,654.3305459518474,0.0,148.11027239205504,654.3305459518474,0.0,240.92727932037627,654.3305459518474
0.0,245.1259651324216,654.3305459518474,0.0,242.0839228597136,654.3305459518474,0.0,209.92734006095048,654.3305459518474,0.0,249.1450195843526,654.3305459518474,0.0,151.03441676308535,654.3305459518474,0.0,286.4154682355103,654.3305459518474
0.0,261.7301167190829,654.3305459518474,0.0,263.8441623116375,654.3305459518474,0.0,215.74569024299203,654.3305459518474,0.0,274.1172164705885,654.3305459518474,0.0,193.46802317512933,654.3305459518474,0.0,310.65466406396064,654.3305459518474
0.0,261.74901592914836,654.3305459518474,0.0,263.6774266398752,654.3305459518474,0.0,209.6095884376497,654.3305459518474,0.0,280.84784361255987,654.3305459518474,0.0,189.14711454910628,654.3305459518474,0.0,315.56541765634256,654.3305459518474
0.0,247.66947899925628,654.3305459518474,0.0,229.69532222777954,654.3305459518474,0.0,194.0168902315155,654.3305459518474,0.0,263.73412427007156,654.3305459518474,0.0,188.76330455506894,654.3305459518474,0.0,301.14454952281415,654.3305459518474
0.0,220.40696237917825,654.3305459518474,0.0,173.95765873403002,654.3305459518474,0.0,159.1696680201612,654.3305459518474,0.0,228.56129057530464,654.3305459518474,0.0,175.29251180160117,654.3305459518474,0.0,266.5694206545179,654.3305459518474
0.0,176.00078785659295,654.3305459518474,0.0,116.93326902685367,654.3305459518474,0.0,124.25638743807033,654.3305459518474,0.0,182.32420315317637,654.3305459518474,0.0,150.60026811853515,654.3305459518474,0.0,205.12980399997628,654.3305459518474
0.0,112.9063547148108,654.3305459518474,0.0,57.694156426096995,612.0247023779444,0.0,89.06783402307968,643.3983799749271,0.0,122.64608380861432,654.3305459518474,0.0,93.28338497780692,647.6139309296543,0.0,131.56899968628858,654.3305459518474
0.0,48.4733558286606,654.3305459518474,0.0,26.45524187347399,633.1888958767237,0.0,59.76368916086708,654.3305459518474,0.0,46.732080880189734,654.3305459518474,0.0,53.79282214685867,654.3305459518474,0.0,73.25956237509872,654.3305459518474
0.0,30.205027014218608,654.3305459518474,0.0,19.61289808052345,648.8792143411424,0.0,52.3786595622288,654.3305459518474,0.0,17.86694276178249,654.3305459518474,0.0,43.5324859472746,654.3305459518474,0.0,57.67472402907638,654.3305459518474
0.0,32.00918084358427,654.3305459518474,0.0,17.168560634286106,654.3305459518474,0.0,52.3786595622288,654.3305459518474,0.0,21.882639994886695,654.3305459518474,0.0,38.76020807604931,654.3305459518474,0.0,57.616525518451674,654.3305459518474
0.0,36.08307658731317,654.3305459518474,0.0,15.71359786866864,654.3305459518474,0.0,51.272887860359525,654.3305459518474,0.0,27.70249105735656,654.3305459518474,0.0,33.75513616232522,654.3305459518474,0.0,57.15093743345409,654.3305459518474
0.0,38.12002445917762,654.3305459518474,0.0,14.898818719922858,654.3305459518474,0.0,50.34171169036434,654.3305459518474,0.0,23.919587866751147,654.3305459518474,0.0,32.35837190733246,654.3305459518474,0.0,56.394356795333,654.3305459518474
0.0,41.72833211790894,654.3305459518474,0.0,16.52837701741442,654.3305459518474,0.0,49.93432211599145,654.3305459518474,0.0,18.041538293656586,654.3305459518474,0.0,32.70756297108065,654.3305459518474,0.0,55.34678360408843,654.3305459518474
0.0,47.95557275475169,654.3305459518474,0.0,18.914515953027067,654.3305459518474,0.0,50.05071913724085,654.3305459518474,0.0,14.491429145549967,654.3305459518474,0.0,36.141275097937864,654.3305459518474,0.0,54.41560743409325,654.3305459518474
0.0,51.50568190285831,654.3305459518474,0.0,24.559771483622836,654.3305459518474,0.0,49.75972658411735,654.3305459518474,0.0,8.6715780830801,654.3305459518474,0.0,41.14634701166195,654.3305459518474,0.0,53.48443126409807,654.3305459518474
0.0,51.09829232848543,654.3305459518474,0.0,37.36344382105654,654.3305459518474,0.0,48.65395488224808,654.3305459518474,0.0,4.539483828726496,654.3305459518474,0.0,43.5324859472746,654.3305459518474,0.0,52.4368580728535,654.3305459518474
0.0,50.57450573286314,654.3305459518474,0.0,38.17822296980233,654.3305459518474,0.0,49.06134445662097,654.3305459518474,0.0,1.4549627656174666,654.3305459518474,0.0,43.939875521647494,654.3305459518474,0.0,51.15649083911013,654.3305459518474
0.0,50.92369679661133,654.3305459518474,0.0,32.41657041795716,654.3305459518474,0.0,50.34171169036434,654.3305459518474,0.0,0.05819851062469866,654.3305459518474,0.0,43.4742874366499,654.3305459518474,0.0,50.167116158490245,654.3305459518474
0.0,51.15649083911013,654.3305459518474,0.0,36.25767211918726,654.3305459518474,0.0,51.214689349734826,654.3305459518474,0.0,0.0,654.3305459518474,0.0,41.37914105416075,654.3305459518474,0.0,49.29413849911976,654.3305459518474
0.0,50.98189530723602,654.3305459518474,0.0,41.78653062853363,654.3305459518474,0.0,51.68027743473242,654.3305459518474,0.0,0.40738957437289064,654.3305459518474,0.0,38.76020807604931,654.3305459518474,0.0,48.82855041412218,654.3305459518474
0.0,52.23082310053199,654.3305459518474,0.0,42.170340622570976,654.3305459518474,0.0,55.42706081462033,654.3305459518474,0.0,7.95279586508992,654.3305459518474,0.0,37.34772410083284,654.3305459518474,0.0,51.43494316185166,654.3305459518474
0.0,62.11370828576223,654.3305459518474,0.0,91.45582929709077,654.3305459518474,0.0,102.29329250366668,654.3305459518474,0.0,38.230595687698695,654.3305459518474,0.0,70.62676601516205,654.3305459518474,0.0,96.7266355741894,654.3305459518474
0.0,70.34027610332359,654.3305459518474,0.0,173.9840623462372,654.3305459518474,0.0,167.87922225235724,654.3305459518474,0.0,79.32881584521638,654.3305459518474,0.0,134.77813308872894,654.3305459518474,0.0,173.60007462321482,654.3305459518474
0.0,82.05407418809679,636.3846201399442,0.0,233.6053063316178,654.3305459518474,0.0,223.14811817126744,654.3305459518474,0.0,123.22056451271958,654.3305459518474,0.0,198.83200235111192,654.3305459518474,0.0,234.00465831689382,654.3305459518474
0.0,100.73447294718176,636.9721984976896,0.0,272.4274255950887,654.3305459518474,0.0,267.7036300359779,654.3305459518474,0.0,122.19657090181055,654.3305459518474,0.0,257.3742337048006,654.3305459518474,0.0,270.32574250393105,654.3305459518474
0.0,128.92966661768332,654.3305459518474,0.0,286.5101420148226,654.3305459518474,0.0,285.1272411416551,654.3305459518474,0.0,117.41793405090176,654.3305459518474,0.0,278.4282311691162,654.3305459518474,0.0,279.7744790446111,654.3305459518474
0.0,111.89136638647184,654.3305459518474,0.0,284.0611241983151,654.3305459518474,0.0,283.6848186064195,654.3305459518474,0.0,138.580468676355,654.3305459518474,0.0,281.5662703725798,654.3305459518474,0.0,261.6917851119968,654.3305459518474
0.0,116.12731743169292,654.3305459518474,0.0,255.48847951345968,654.3305459518474,0.0,248.82655704511154,654.3305459518474,0.0,152.64896625629342,654.3305459518474,0.0,269.89177158836594,654.3305459518474,0.0,226.86814248097804,654.3305459518474
0.0,159.6666955456062,654.3305459518474,0.0,215.63300589853955,654.3305459518474,0.0,256.5686375676099,654.3305459518474,0.0,149.84121890651255,654.3305459518474,0.0,240.8093814186985,654.3305459518474,0.0,179.33346722445435,654.3305459518474
0.0,143.69018734543465,654.3305459518474,0.0,168.6410164477036,654.3305459518474,0.0,208.6076735266479,654.3305459518474,0.0,108.8468555398623,654.3305459518474,0.0,194.40405744437967,654.3305459518474,0.0,143.41977261179,654.3305459518474
0.0,137.59656433049332,654.3305459518474,0.0,104.28043491197347,654.3305459518474,0.0,133.34021319477847,654.3305459518474,0.0,58.22916010065794,612.5597060525054,0.0,131.02499072915754,654.3305459518474,0.0,97.36363970121934,651.6941856530667
0.0,77.42477467931313,654.3305459518474,0.0,33.37318250668634,654.3305459518474,0.0,67.6221667046148,654.3305459518474,0.0,14.795139658040465,624.3958177789377,0.0,59.32503787503185,654.3305459518474,0.0,58.06807249263897,654.3305459518474
0.0,52.66965211535229,654.3305459518474,0.0,18.623523399903572,654.3305459518474,0.0,51.15649083911013,654.3305459518474,0.0,5.179667445598181,628.5395517354162,0.0,34.569915311071,654.3305459518474,0.0,49.41053552036916,654.3305459518474
0.0,49.06134445662097,654.3305459518474,0.0,22.98841169675597,654.3305459518474,0.0,49.41053552036916,654.3305459518474,0.0,4.772277871225291,632.3573740323965,0.0,32.00918084358427,654.3305459518474,0.0,48.71215339287278,654.3305459518474
0.0,43.06689786227701,654.3305459518474,0.0,22.464625101133684,654.3305459518474,0.0,46.67520552100833,654.3305459518474,0.0,4.132094254353605,635.6630494358793,0.0,29.506644886722224,654.3305459518474,0.0,49.41053552036916,654.3305459518474
0.0,38.06182594855293,654.3305459518474,0.0,20.02028765489634,654.3305459518474,0.0,43.5324859472746,654.3305459518474,0.0,3.2009180843584266,638.2237839033661,0.0,26.422123823613195,654.3305459518474,0.0,51.85487296660651,654.3305459518474
0.0,34.104327226073416,654.3305459518474,0.0,24.094183398625244,654.3305459518474,0.0,41.43733956478545,654.3305459518474,0.0,2.0951463824891516,639.8999010093574,0.0,23.395801271128864,654.3305459518474,0.0,54.59020296596734,654.3305459518474
0.0,27.586094036107163,654.3305459518474,0.0,34.8609078641945,654.3305459518474,0.0,39.92417828854328,654.3305459518474,0.0,1.1057717018692748,640.7845183708529,0.0,19.96208914427164,654.3305459518474,0.0,56.219761263458906,654.3305459518474
0.0,22.406426590508985,654.3305459518474,0.0,41.55373658603484,654.3305459518474,0.0,37.829031906054134,654.3305459518474,0.0,0.698382127496384,641.34322407285,0.0,16.58657552803912,654.3305459518474,0.0,56.97634190157999,654.3305459518474
0.0,19.96208914427164,654.3305459518474,0.0,41.61193509665954,654.3305459518474,0.0,38.469215522925815,654.3305459518474,0.0,0.23279404249879465,641.529459306849,0.0,13.0364663799325,654.3305459518474,0.0,56.97634190157999,654.3305459518474
0.0,19.61289808052345,654.3305459518474,0.0,39.4585902035457,654.3305459518474,0.0,37.07245126793305,654.3305459518474,0.0,0.11639702124939733,641.6225769238486,0.0,10.184739359322265,654.3305459518474,0.0,56.7435478590812,654.3305459518474
0.0,20.485875739893928,654.3305459518474,0.0,36.665061693560155,654.3305459518474,0.0,35.326495949192086,654.3305459518474,0.0,0.23279404249879465,641.8088121578476,0.0,8.962570636203594,654.3305459518474,0.0,56.510753816582394,654.3305459518474
0.0,21.126059356765616,654.3305459518474,0.0,31.89278382233487,654.3305459518474,0.0,33.23134956670293,654.3305459518474,0.0,0.40738957437289064,642.1347238173458,0.0,9.020769146828293,654.3305459518474,0.0,56.0451657315848,654.3305459518474
0.0,22.813816164881878,654.3305459518474,0.0,23.453999781753563,654.3305459518474,0.0,30.728813609840895,654.3305459518474,0.0,0.6401836168716852,642.6468707108432,0.0,8.147791487457813,654.3305459518474,0.0,55.34678360408843,654.3305459518474
0.0,31.11898258356174,654.3305459518474,0.0,19.738833571298102,654.3305459518474,0.0,31.213300904903935,654.3305459518474,0.0,7.474667549710382,648.6266047506116,0.0,14.52772668525252,654.3305459518474,0.0,58.270927975118724,654.3305459518474
0.0,90.27463848394476,654.3305459518474,0.0,73.16595496969676,654.3305459518474,0.0,59.837962849685596,654.3305459518474,0.0,68.98034257498855,654.3305459518474,0.0,79.54271067764971,654.3305459518474,0.0,111.73098969439312,654.3305459518474
0.0,171.39974829841492,654.3305459518474,0.0,142.50970744822885,654.3305459518474,0.0,116.24406991091243,654.3305459518474,0.0,140.8266310103827,654.3305459518474,0.0,153.80507660867553,654.3305459518474,0.0,174.78762441604437,654.3305459518474
0.0,228.894406460859,654.3305459518474,0.0,198.5462233552137,654.3305459518474,0.0,168.20969183502507,654.3305459518474,0.0,198.75225832753517,654.3305459518474,0.0,212.27338973151578,654.3305459518474,0.0,230.99873585490332,654.3305459518474
0.0,266.3040417491134,654.3305459518474,0.0,199.4742200353671,654.3305459518474,0.0,197.7387708796246,654.3305459518474,0.0,239.55312695224586,654.3305459518474,0.0,252.8839431041287,654.3305459518474,0.0,268.79368201762344,654.3305459518474
0.0,284.6416084241338,654.3305459518474,0.0,168.1471684121004,654.3305459518474,0.0,229.85066309161806,654.3305459518474,0.0,254.99798869668328,654.3305459518474,0.0,274.0464777295819,654.3305459518474,0.0,258.1777957746077,654.3305459518474
0.0,284.1791998289779,654.3305459518474,0.0,83.61342693153688,637.9439728833843,0.0,247.4834886594585,654.3305459518474,0.0,252.75968622276744,654.3305459518474,0.0,277.41731097554435,654.3305459518474,0.0,256.48685947664967,654.3305459518474
0.0,267.2243562981401,654.3305459518474,0.0,51.3018587269054,589.2458316102897,0.0,251.79335793552795,654.3305459518474,0.0,233.76153584038167,654.3305459518474,0.0,263.3377740456523,654.3305459518474,0.0,220.23969352046083,654.3305459518474
0.0,234.19232726610505,654.3305459518474,0.0,56.40928655106859,545.6551181613582,0.0,227.55566298750588,654.3305459518474,0.0,204.11288028469096,654.3305459518474,0.0,231.6836100585446,654.3305459518474,0.0,183.1698885554144,654.3305459518474
0.0,181.57698325559545,654.3305459518474,0.0,65.11716217385124,510.7722803352095,0.0,190.781530945853,654.3305459518474,0.0,134.2500215808067,654.3305459518474,0.0,180.68210462530286,654.3305459518474,0.0,128.1605457491803,654.3305459518474
0.0,106.41806008486361,654.3305459518474,0.0,93.3310773254332,504.1033576606427,0.0,126.46342820052382,654.3305459518474,0.0,71.99712665794763,626.3276726097951,0.0,110.89166327183861,654.3305459518474,0.0,79.2794448881767,633.6099908400241
0.0,24.684206093969138,654.3305459518474,0.0,50.5827210509451,544.5695345013988,0.0,60.86495822145132,654.3305459518474,0.0,24.055061827051055,645.5717220714359,0.0,33.40162018627705,654.3305459518474,0.0,47.938352154099654,654.3305459518474
0.0,9.195364678702388,654.3305459518474,0.0,29.390247865472826,568.0817327937771,0.0,37.36344382105654,654.3305459518474,0.0,4.481285318101797,649.1567503259174,0.0,4.132094254353605,654.3305459518474,0.0,41.37914105416075,654.3305459518474
0.0,4.190292764978303,654.3305459518474,0.0,32.00918084358427,593.6890774686444,0.0,32.53296743920656,654.3305459518474,0.0,1.2803672337433705,650.1810441129121,0.0,2.61893297811144,654.3305459518474,0.0,42.135721692281834,654.3305459518474
0.0,0.698382127496384,654.3305459518474,0.0,32.47476892858185,619.6688926115099,0.0,26.713116376736686,654.3305459518474,0.0,0.174595531874096,650.3207205384114,0.0,1.1057717018692748,654.3305459518474,0.0,42.54311126665472,654.3305459518474
0.0,0.0,654.3305459518474,0.0,30.845210631090293,644.3450611163821,0.0,23.686793824252355,654.3305459518474,0.0,0.05819851062469866,650.3672793469111,0.0,0.2909925531234933,654.3305459518474,0.0,43.64888296852399,654.3305459518474
0.0,0.5237865956222879,654.3305459518474,0.0,30.845210631090293,654.3305459518474,0.0,17.983339783031887,654.3305459518474,0.0,0.5237865956222879,650.7863086234089,0.0,0.05819851062469866,654.3305459518474,0.0,46.15141892538605,654.3305459518474
0.0,4.248491275603002,654.3305459518474,0.0,30.321424035468006,654.3305459518474,0.0,13.327458933055995,654.3305459518474,0.0,2.5025359568620424,652.7883373888985,0.0,0.0,654.3305459518474,0.0,48.0137712653764,654.3305459518474
0.0,8.846173614954198,654.3305459518474,0.0,30.6706150992162,654.3305459518474,0.0,11.930694678063224,654.3305459518474,0.0,2.793528509985536,654.3305459518474,0.0,0.0,654.3305459518474,0.0,49.11954296724567,654.3305459518474
0.0,10.824922976193951,654.3305459518474,0.0,29.44844637609752,654.3305459518474,0.0,13.0364663799325,654.3305459518474,0.0,2.2115434037385495,654.3305459518474,0.0,0.05819851062469866,654.3305459518474,0.0,49.643329562867955,654.3305459518474
0.0,10.708525954944554,654.3305459518474,0.0,22.581022122383082,654.3305459518474,0.0,15.073414251796954,654.3305459518474,0.0,1.4549627656174666,654.3305459518474,0.0,0.05819851062469866,654.3305459518474,0.0,48.944947435371574,654.3305459518474
0.0,9.60275425307528,654.3305459518474,0.0,17.75054574053309,654.3305459518474,0.0,17.2849576555355,654.3305459518474,0.0,1.1057717018692748,654.3305459518474,0.0,0.05819851062469866,654.3305459518474,0.0,48.71215339287278,654.3305459518474
0.0,8.380585529956607,654.3305459518474,0.0,16.819369570537912,654.3305459518474,0.0,19.845692123022243,654.3305459518474,0.0,1.1639702124939733,654.3305459518474,0.0,0.05819851062469866,654.3305459518474,0.0,48.65395488224808,654.3305459518474
0.0,7.740401913084923,654.3305459518474,0.0,19.845692123022243,654.3305459518474,0.0,20.660471271768024,654.3305459518474,0.0,1.6877568081162613,654.3305459518474,0.0,0.0,654.3305459518474,0.0,48.47935935037398,654.3305459518474
0.0,13.609090745639289,654.3305459518474,0.0,33.100911434643244,654.3305459518474,0.0,26.489860803763147,654.3305459518474,0.0,2.61893297811144,654.3305459518474,0.0,4.43730564727245,654.3305459518474,0.0,53.43259173315687,654.3305459518474
0.0,63.65416181913686,654.3305459518474,0.0,100.46741543236394,654.3305459518474,0.0,92.40608240613646,654.3305459518474,0.0,11.334668461005943,640.6652144128533,0.0,47.78636850908793,654.3305459518474,0.0,110.7762339440624,654.3305459518474
0.0,111.99875812515117,654.3305459518474,0.0,181.41943059538838,654.3305459518474,0.0,173.92586383561252,654.3305459518474,0.0,27.25297815055278,642.4675969332956,0.0,108.88465395999322,654.3305459518474,0.0,178.24809561307887,654.3305459518474
0.0,140.74599834188066,654.3305459518474,0.0,248.6379204024272,654.3305459518474,0.0,238.98314888942565,654.3305459518474,0.0,64.6908733894129,607.1584703227085,0.0,168.61761459635312,654.3305459518474,0.0,232.05098941641796,654.3305459518474
0.0,150.94345566056995,654.3305459518474,0.0,294.2425063388106,654.3305459518474,0.0,288.7136478294642,654.3305459518474,0.0,128.31059400724567,629.806945528505,0.0,215.37998949453203,654.3305459518474,0.0,233.54057111232459,654.3305459518474
0.0,172.35768353858742,654.3305459518474,0.0,317.3648911154381,654.3305459518474,0.0,319.21638183446,654.3305459518474,0.0,148.37989716121157,654.3305459518474,0.0,239.6145049527123,654.3305459518474,0.0,303.39707083652536,654.3305459518474
0.0,187.36371626820454,654.3305459518474,0.0,320.75144408162424,654.3305459518474,0.0,321.31470770679084,654.3305459518474,0.0,132.40806933131012,654.3305459518474,0.0,245.07580421089378,654.3305459518474,0.0,297.47018349334627,654.3305459518474
0.0,221.58179421264077,654.3305459518474,0.0,297.78157613696357,654.3305459518474,0.0,305.88874517241885,654.3305459518474,0.0,95.58041914930266,649.91096510115,0.0,231.42255606544015,654.3305459518474,0.0,272.31235172528267,654.3305459518474
0.0,213.8947327109254,654.3305459518474,0.0,244.142238515545,654.3305459518474,0.0,272.08909615230914,654.3305459518474,0.0,66.64586544133205,616.5568305424821,0.0,197.6889654160669,654.3305459518474,0.0,227.9739141828473,654.3305459518474
0.0,184.06830213351887,654.3305459518474,0.0,185.20833730770715,654.3305459518474,0.0,216.9712161849375,654.3305459518474,0.0,45.09952082184148,561.6563513643235,0.0,158.87470601270783,654.3305459518474,0.0,175.99407341893934,654.3305459518474
0.0,130.82999510678965,654.3305459518474,0.0,125.64997220322137,654.3305459518474,0.0,140.60434313088234,654.3305459518474,0.0,28.57882593555385,490.23517729987736,0.0,104.32459231178785,654.3305459518474,0.0,116.36814906328861,654.3305459518474
0.0,65.03953126620591,654.3305459518474,0.0,73.82582776112201,654.3305459518474,0.0,59.35815592489266,654.3305459518474,0.0,12.124189420002772,499.9345288358796,0.0,35.03117848376861,654.3305459518474,0.0,53.347811881339936,654.3305459518474
0.0,45.162044244766165,654.3305459518474,0.0,57.383731475952885,654.3305459518474,0.0,29.73943892922102,654.3305459518474,0.0,9.544555742450582,507.57017342984005,0.0,8.380585529956607,654.3305459518474,0.0,32.53296743920656,654.3305459518474
0.0,47.315389137880004,654.3305459518474,0.0,56.97634190157999,654.3305459518474,0.0,28.575468716727045,654.3305459518474,0.0,9.253563189327087,514.9730239813017,0.0,8.962570636203594,654.3305459518474,0.0,32.35837190733246,654.3305459518474
0.0,46.03502190413665,654.3305459518474,0.0,55.81237168908602,654.3305459518474,0.0,29.73943892922102,654.3305459518474,0.0,7.9731959555837175,521.3515807457687,0.0,10.01014382744817,654.3305459518474,0.0,36.432267651061366,654.3305459518474
0.0,44.17266956414628,654.3305459518474,0.0,53.95001934909566,654.3305459518474,0.0,34.6863123323204,654.3305459518474,0.0,7.39121084933673,527.2645494252381,0.0,11.930694678063224,654.3305459518474,0.0,39.86597977791859,654.3305459518474
0.0,42.42671424540532,654.3305459518474,0.0,52.029468498480604,654.3305459518474,0.0,38.41101701230112,654.3305459518474,0.0,9.078967657452992,534.5277235512006,0.0,12.62907680555961,654.3305459518474,0.0,42.25211871353123,654.3305459518474
0.0,39.691384246044485,654.3305459518474,0.0,51.15649083911013,654.3305459518474,0.0,41.26274403291135,654.3305459518474,0.0,9.893746806198772,542.4427209961596,0.0,12.803672337433706,654.3305459518474,0.0,42.95050084102761,654.3305459518474
0.0,38.76020807604931,654.3305459518474,0.0,51.15649083911013,654.3305459518474,0.0,42.193920202906526,654.3305459518474,0.0,10.824922976193951,551.1026593771147,0.0,12.861870848058405,654.3305459518474,0.0,42.019324671032436,654.3305459518474
0.0,38.35281850167642,654.3305459518474,0.0,52.3204610516041,654.3305459518474,0.0,40.21517084166677,654.3305459518474,0.0,12.338084252436117,560.9731267790636,0.0,11.81429765681383,654.3305459518474,0.0,37.829031906054134,654.3305459518474
0.0,37.770833395429435,654.3305459518474,0.0,53.65902679597217,654.3305459518474,0.0,39.86597977791859,654.3305459518474,0.0,12.62907680555961,571.0763882235112,0.0,9.719151274324677,654.3305459518474,0.0,35.908481055439076,654.3305459518474
0.0,37.30524531043184,654.3305459518474,0.0,54.124614880969766,654.3305459518474,0.0,42.25211871353123,654.3305459518474,0.0,12.687275316184309,581.2262084764586,0.0,8.32238701933191,654.3305459518474,0.0,36.19947360856257,654.3305459518474
0.0,36.665061693560155,654.3305459518474,0.0,53.89182083847097,654.3305459518474,0.0,43.24149339415111,654.3305459518474,0.0,12.803672337433706,591.4691463464056,0.0,7.9731959555837175,654.3305459518474,0.0,36.54866467231076,654.3305459518474
0.0,36.665061693560155,654.3305459518474,0.0,53.89182083847097,654.3305459518474,0.0,43.5324859472746,654.3305459518474,0.0,11.290511061191541,600.5015551953588,0.0,8.438784040581305,654.3305459518474,0.0,37.30524531043184,654.3305459518474
0.0,43.94941399117274,654.3305459518474,0.0,59.34526023654059,654.3305459518474,0.0,53.904538797837965,654.3305459518474,0.0,11.933874167904978,610.0486545296828,0.0,17.329115055349906,654.3305459518474,0.0,45.07090541326572,654.3305459518474
0.0,103.74057313815737,654.3305459518474,0.0,109.8544185146074,654.3305459518474,0.0,124.22662660703634,654.3305459518474,0.0,46.26048927347876,627.0570459484659,0.0,85.39400118056697,654.3305459518474,0.0,108.00796362382582,654.3305459518474
0.0,178.10193776079547,654.3305459518474,0.0,164.1921382635224,654.3305459518474,0.0,199.52552637935315,654.3305459518474,0.0,96.97568252386706,654.3305459518474,0.0,162.3523978103944,654.3305459518474,0.0,185.0181997845944,654.3305459518474
0.0,232.39399922946777,654.3305459518474,0.0,211.07877004306252,654.3305459518474,0.0,257.96072145233256,654.3305459518474,0.0,155.32441913561615,654.3305459518474,0.0,217.93436498233527,654.3305459518474,0.0,246.6732121519977,654.3305459518474
0.0,275.94123720349285,654.3305459518474,0.0,249.77345293533045,654.3305459518474,0.0,293.7626994140176,654.3305459518474,0.0,201.03604135270876,654.3305459518474,0.0,254.28538772939154,654.3305459518474,0.0,286.50510618658234,654.3305459518474
0.0,298.0270881388294,654.3305459518474,0.0,257.33307806584287,654.3305459518474,0.0,269.55176353617287,654.3305459518474,0.0,244.90103095003465,654.3305459518474,0.0,272.4955180332089,654.3305459518474,0.0,308.94014818566706,654.3305459518474
0.0,297.17769005979443,654.3305459518474,0.0,230.8759798539704,654.3305459518474,0.0,243.05218653389943,654.3305459518474,0.0,260.82720049969333,654.3305459518474,0.0,274.0039989391809,654.3305459518474,0.0,311.3373264712333,654.3305459518474
0.0,266.9234698175212,654.3305459518474,0.0,215.91560540459602,654.3305459518474,0.0,231.8464553245248,654.3305459518474,0.0,253.44217090105502,654.3305459518474,0.0,259.5013527146923,654.3305459518474,0.0,295.05410599771454,654.3305459518474
0.0,236.00230688819906,654.3305459518474,0.0,182.63974298010857,654.3305459518474,0.0,209.6095884376497,654.3305459518474,0.0,222.81986038496817,654.3305459518474,0.0,228.71230652684318,654.3305459518474,0.0,251.85605908743767,654.3305459518474
0.0,206.1554762202987,654.3305459518474,0.0,154.47598875005443,654.3305459518474,0.0,195.68106745929623,654.3305459518474,0.0,166.0817828606452,654.3305459518474,0.0,180.13941881961512,654.3305459518474,0.0,189.9854732781876,654.3305459518474
0.0,143.34267489109988,654.3305459518474,0.0,120.04401597318483,654.3305459518474,0.0,150.05908319327574,654.3305459518474,0.0,102.98584883843473,654.3305459518474,0.0,114.91522036505467,654.3305459518474,0.0,123.73895982213153,654.3305459518474
0.0,74.40481110651231,654.3305459518474,0.0,71.37680994461456,654.3305459518474,0.0,81.90923948725668,654.3305459518474,0.0,33.624875759250585,654.3305459518474,0.0,42.1078171996463,654.3305459518474,0.0,57.17319386234634,654.3305459518474
0.0,45.685830840388455,654.3305459518474,0.0,51.44748339223362,654.3305459518474,0.0,57.67472402907638,654.3305459518474,0.0,9.195364678702388,654.3305459518474,0.0,11.81429765681383,654.3305459518474,0.0,31.950982332959565,654.3305459518474
0.0,42.95050084102761,654.3305459518474,0.0,50.51630722223844,654.3305459518474,0.0,57.616525518451674,654.3305459518474,0.0,6.460034679341552,654.3305459518474,0.0,8.32238701933191,654.3305459518474,0.0,24.443374462373438,654.3305459518474
0.0,39.05120062917281,654.3305459518474,0.0,48.82855041412218,654.3305459518474,0.0,57.20913594407879,654.3305459518474,0.0,3.899300211854811,654.3305459518474,0.0,6.98382127496384,654.3305459518474,0.0,18.27433233615538,654.3305459518474
0.0,34.744510842945104,654.3305459518474,0.0,47.19899211663062,654.3305459518474,0.0,56.4525553059577,654.3305459518474,0.0,2.15334489311385,654.3305459518474,0.0,6.98382127496384,654.3305459518474,0.0,11.697900635564432,654.3305459518474
0.0,31.07800467358909,654.3305459518474,0.0,46.03502190413665,654.3305459518474,0.0,55.754173178461315,654.3305459518474,0.0,0.87297765937048,654.3305459518474,0.0,7.85679893433432,654.3305459518474,0.0,6.867424253714441,654.3305459518474
0.0,29.681240418596317,654.3305459518474,0.0,45.27844126601556,654.3305459518474,0.0,54.18281339159446,654.3305459518474,0.0,0.2909925531234933,654.3305459518474,0.0,9.253563189327087,654.3305459518474,0.0,2.9099255312349332,654.3305459518474
0.0,28.63366722735174,654.3305459518474,0.0,44.34726509602038,654.3305459518474,0.0,52.7860491366017,654.3305459518474,0.0,0.174595531874096,654.3305459518474,0.0,9.719151274324677,654.3305459518474,0.0,0.5819851062469866,654.3305459518474
0.0,29.15745382297403,654.3305459518474,0.0,43.64888296852399,654.3305459518474,0.0,52.0876670091053,654.3305459518474,0.0,0.4655880849975893,654.3305459518474,0.0,11.34870957181624,654.3305459518474,0.0,0.5237865956222879,654.3305459518474
0.0,27.70249105735656,654.3305459518474,0.0,42.310317224155924,654.3305459518474,0.0,51.15649083911013,654.3305459518474,0.0,2.0951463824891516,654.3305459518474,0.0,14.607826166799367,654.3305459518474,0.0,2.15334489311385,654.3305459518474
0.0,25.25815361111922,654.3305459518474,0.0,40.73895743728906,654.3305459518474,0.0,49.75972658411735,654.3305459518474,0.0,5.005071913724085,654.3305459518474,0.0,20.660471271768024,654.3305459518474,0.0,5.063270424348783,654.3305459518474
0.0,22.69741914363248,654.3305459518474,0.0,38.81840658667401,654.3305459518474,0.0,48.24656530787519,654.3305459518474,0.0,6.98382127496384,654.3305459518474,0.0,30.263225524843307,654.3305459518474,0.0,7.100218296213236,654.3305459518474
0.0,20.36947871864453,654.3305459518474,0.0,36.665061693560155,654.3305459518474,0.0,46.03502190413665,654.3305459518474,0.0,7.100218296213236,654.3305459518474,0.0,32.823959992330046,654.3305459518474,0.0,8.787975104329497,654.3305459518474
0.0,23.603514852863757,654.3305459518474,0.0,41.2722825024366,654.3305459518474,0.0,49.35401561915787,654.3305459518474,0.0,11.97167258803588,654.3305459518474,0.0,42.912880149881765,654.3305459518474,0.0,9.53669588233873,654.3305459518474
0.0,65.32619890702944,654.3305459518474,0.0,99.6320584641393,654.3305459518474,0.0,109.79957722280952,654.3305459518474,0.0,66.93385623359885,654.3305459518474,0.0,105.62350329762657,654.3305459518474,0.0,28.201374921200014,654.3305459518474
0.0,138.75170698940227,654.3305459518474,0.0,172.7633945035469,654.3305459518474,0.0,185.6804621013733,654.3305459518474,0.0,148.45381539205997,654.3305459518474,0.0,133.669359626003,654.3305459518474,0.0,51.78784690239678,654.3305459518474
0.0,203.15476731553346,654.3305459518474,0.0,228.56711636803294,654.3305459518474,0.0,241.8837136801204,654.3305459518474,0.0,212.1931125209839,654.3305459518474,0.0,164.33882930276096,654.3305459518474,0.0,72.992860318251,627.3234062700984
0.0,241.2045862206596,654.3305459518474,0.0,257.2342571032156,654.3305459518474,0.0,275.3530708465474,654.3305459518474,0.0,254.89095241597408,654.3305459518474,0.0,172.4473214896595,654.3305459518474,0.0,91.45936424490264,618.7827705150011
0.0,261.39664537555836,654.3305459518474,0.0,266.74755113420383,654.3305459518474,0.0,289.9328147917262,654.3305459518474,0.0,279.12228838431264,654.3305459518474,0.0,175.21877129973785,654.3305459518474,0.0,109.3910422259784,626.2956042957837
0.0,261.3416263547754,654.3305459518474,0.0,268.78617761548173,654.3305459518474,0.0,287.69451231781034,654.3305459518474,0.0,281.2237937464853,654.3305459518474,0.0,172.80905278378964,654.3305459518474,0.0,127.21418304591658,648.066950732517
0.0,230.47398156580783,654.3305459518474,0.0,245.79122921005717,654.3305459518474,0.0,272.2182111329255,654.3305459518474,0.0,263.85370078116273,654.3305459518474,0.0,184.82823999046673,654.3305459518474,0.0,149.43533021256798,654.3305459518474
0.0,195.83279432677503,654.3305459518474,0.0,218.2850569265118,654.3305459518474,0.0,243.6203082583212,654.3305459518474,0.0,229.83697743877792,654.3305459518474,0.0,202.1796114747089,654.3305459518474,0.0,130.83988903428502,654.3305459518474
0.0,143.13249273546342,654.3305459518474,0.0,128.63770637108667,654.3305459518474,0.0,198.21221882473404,654.3305459518474,0.0,174.78665672257117,654.3305459518474,0.0,178.24076893992222,654.3305459518474,0.0,70.30318859913294,624.6337345509803
0.0,84.230030968073,638.5605769199204,0.0,38.78114135349828,593.1116873053456,0.0,132.02540475973103,654.3305459518474,0.0,107.36663458449587,654.3305459518474,0.0,118.12549918995329,654.3305459518474,0.0,28.171614090166017,552.8053486411463
0.0,27.669728465465873,654.3305459518474,0.0,5.791591111864219,597.7449601948371,0.0,66.27273933927819,654.3305459518474,0.0,35.30645131666841,654.3305459518474,0.0,49.02240061403184,654.3305459518474,0.0,8.382264139370012,559.5111599526424
0.0,6.692828721840346,654.3305459518474,0.0,0.349191063748192,598.0243130458356,0.0,39.74958275666919,654.3305459518474,0.0,4.364888296852399,654.3305459518474,0.0,20.835066803642118,654.3305459518474,0.0,5.528858509346373,563.9342467601195
0.0,4.481285318101797,654.3305459518474,0.0,0.11639702124939733,598.1174306628351,0.0,37.829031906054134,654.3305459518474,0.0,1.8623523399903572,654.3305459518474,0.0,16.58657552803912,654.3305459518474,0.0,15.539002336794544,576.3654486295552
0.0,3.1427195737337277,654.3305459518474,0.0,4.015697233104208,601.3299884493184,0.0,33.92973169419932,654.3305459518474,0.0,1.6877568081162613,654.3305459518474,0.0,11.930694678063224,654.3305459518474,0.0,20.485875739893928,592.7541492214704
0.0,2.9099255312349332,654.3305459518474,0.0,11.057717018692745,610.1761620642726,0.0,29.215652333598733,654.3305459518474,0.0,3.550109148106618,654.3305459518474,0.0,9.13716616807769,654.3305459518474,0.0,19.321905527399956,608.2116736433903
0.0,4.3066897862277,654.3305459518474,0.0,17.517751698034296,624.1903634227,0.0,24.035984888000545,654.3305459518474,0.0,4.772277871225291,654.3305459518474,0.0,8.089592976833115,654.3305459518474,0.0,21.067860846140917,625.065962320303
0.0,6.227240636842756,654.3305459518474,0.0,21.184257867390315,641.1377697166122,0.0,18.914515953027067,654.3305459518474,0.0,4.888674892474688,654.3305459518474,0.0,6.98382127496384,654.3305459518474,0.0,27.993483610480055,647.460749208687
0.0,7.740401913084923,654.3305459518474,0.0,23.977786377375846,654.3305459518474,0.0,15.829994889918037,654.3305459518474,0.0,5.528858509346373,654.3305459518474,0.0,4.481285318101797,654.3305459518474,0.0,36.08307658731317,654.3305459518474
0.0,7.682203402460224,654.3305459518474,0.0,24.967161057995725,654.3305459518474,0.0,11.988893188687923,654.3305459518474,0.0,6.92562276433914,654.3305459518474,0.0,2.269741914363248,654.3305459518474,0.0,42.717706798528816,654.3305459518474
0.0,6.576431700590949,654.3305459518474,0.0,24.559771483622836,654.3305459518474,0.0,7.39121084933673,654.3305459518474,0.0,7.914997444959019,654.3305459518474,0.0,0.698382127496384,654.3305459518474,0.0,42.36851573478063,654.3305459518474
0.0,5.8198510624698665,654.3305459518474,0.0,23.221205739254767,654.3305459518474,0.0,3.9574987224795093,654.3305459518474,0.0,8.380585529956607,654.3305459518474,0.0,0.2909925531234933,654.3305459518474,0.0,34.22072424732281,654.3305459518474
0.0,5.9362480837192635,654.3305459518474,0.0,22.348228079884287,654.3305459518474,0.0,1.74595531874096,654.3305459518474,0.0,8.6133795724554,654.3305459518474,0.0,0.6401836168716852,654.3305459518474,0.0,25.72374169611681,654.3305459518474
0.0,6.0526451049686605,654.3305459518474,0.0,18.390729357404776,654.3305459518474,0.0,0.5237865956222879,654.3305459518474,0.0,8.496982551206004,654.3305459518474,0.0,1.920550850615056,654.3305459518474,0.0,22.17363254801019,654.3305459518474
0.0,13.612270235481041,654.3305459518474,0.0,14.72422318804876,654.3305459518474,0.0,10.29813461971497,654.3305459518474,0.0,14.10929776092603,654.3305459518474,0.0,5.605956230036522,654.3305459518474,0.0,20.190202816500335,654.3305459518474
0.0,71.7581513647504,654.3305459518474,0.0,23.954384526025358,653.2849304778728,0.0,78.50617683635873,654.3305459518474,0.0,32.14483253286923,654.3305459518474,0.0,28.437348453540558,654.3305459518474,0.0,44.644972086797495,654.3305459518474
0.0,150.59779954463363,654.3305459518474,0.0,42.532605103656294,654.3305459518474,0.0,159.06034089453553,654.3305459518474,0.0,40.4138791408316,654.3305459518474,0.0,64.45322124765895,654.3305459518474,0.0,56.45944747259638,654.3305459518474
0.0,208.78297997446222,654.3305459518474,0.0,76.55718830615298,630.8877342580004,0.0,218.11063912362275,654.3305459518474,0.0,62.685364957995844,617.0159109098432,0.0,122.41496837552893,654.3305459518474,0.0,95.5033214286125,649.8338673804599
0.0,246.70536250838535,654.3305459518474,0.0,110.56287229858421,639.3380320968678,0.0,259.07038355998384,654.3305459518474,0.0,86.35361503015287,603.369525939996,0.0,161.62239851346555,654.3305459518474,0.0,146.99081503734558,654.3305459518474
0.0,266.9367209638434,654.3305459518474,0.0,135.7600033672071,654.3305459518474,0.0,279.20892457452806,654.3305459518474,0.0,67.51434045941748,570.8838663994135,0.0,184.98075682243365,654.3305459518474,0.0,206.7802955749168,654.3305459518474
0.0,269.2017825079365,654.3305459518474,0.0,117.37845702135748,654.3305459518474,0.0,285.01155503634584,654.3305459518474,0.0,71.12114723772045,542.005013637134,0.0,199.79011532026948,654.3305459518474,0.0,139.09904171475202,654.3305459518474
0.0,257.82145576668785,654.3305459518474,0.0,109.81883189084506,654.3305459518474,0.0,271.6996380945285,654.3305459518474,0.0,94.83973596039033,536.8447495975242,0.0,215.51493026787676,654.3305459518474,0.0,93.70817288181692,648.0387188336643
0.0,223.2306071781679,654.3305459518474,0.0,99.54895722173576,653.8795031735832,0.0,238.30737864879163,654.3305459518474,0.0,123.17808572231857,555.3872181753791,0.0,202.626122620656,654.3305459518474,0.0,88.23583427368186,636.2745531073463
0.0,171.0069330218075,654.3305459518474,0.0,71.35994480193264,625.2394479755159,0.0,185.8084316595315,654.3305459518474,0.0,110.54883118777393,563.8262831255983,0.0,156.64390794093373,654.3305459518474,0.0,78.41750657875981,614.6920596861061
0.0,100.3010352185718,654.3305459518474,0.0,51.87880800491217,577.1182559804281,0.0,115.6923788226546,654.3305459518474,0.0,62.94491807067193,526.7712011962702,0.0,103.93574648951031,654.3305459518474,0.0,54.052552988519814,568.7446126746258
0.0,28.718980266123857,654.3305459518474,0.0,36.06267649681938,605.9683971778836,0.0,37.68322951174086,654.3305459518474,0.0,19.243484655266517,542.1659889204834,0.0,47.65857667991482,654.3305459518474,0.0,30.16890720350111,592.8797384374267
0.0,4.248491275603002,654.3305459518474,0.0,38.12002445917762,636.4644167452257,0.0,6.169042126218058,654.3305459518474,0.0,6.110843615593359,547.0546638129581,0.0,24.734367015496932,654.3305459518474,0.0,26.596719355487288,614.1571139218165
0.0,4.539483828726496,654.3305459518474,0.0,42.36851573478063,654.3305459518474,0.0,9.95194531682347,654.3305459518474,0.0,7.100218296213236,552.7348384499287,0.0,20.42767722926923,654.3305459518474,0.0,32.41657041795716,640.0903702561823
0.0,6.0526451049686605,654.3305459518474,0.0,45.45303679788965,654.3305459518474,0.0,13.269260422431296,654.3305459518474,0.0,6.460034679341552,557.9028661934019,0.0,16.702972549288514,654.3305459518474,0.0,38.294619991051725,654.3305459518474
0.0,7.39121084933673,654.3305459518474,0.0,48.362962329124585,654.3305459518474,0.0,15.073414251796954,654.3305459518474,0.0,5.528858509346373,562.325953000879,0.0,12.978267869307802,654.3305459518474,0.0,39.74958275666919,654.3305459518474
0.0,9.195364678702388,654.3305459518474,0.0,50.39991020098904,654.3305459518474,0.0,14.72422318804876,654.3305459518474,0.0,4.423086807477099,565.8644224468608,0.0,11.232312550566842,654.3305459518474,0.0,38.76020807604931,654.3305459518474
0.0,11.988893188687923,654.3305459518474,0.0,51.56388041348302,654.3305459518474,0.0,13.211061911806597,654.3305459518474,0.0,4.248491275603002,569.2632154673432,0.0,10.417533401821059,654.3305459518474,0.0,38.06182594855293,654.3305459518474
0.0,14.491429145549967,654.3305459518474,0.0,51.913071477231206,654.3305459518474,0.0,10.126540848697566,654.3305459518474,0.0,4.946873403099386,573.2207141898227,0.0,9.893746806198772,654.3305459518474,0.0,38.87660509729871,654.3305459518474
0.0,16.761171059913213,654.3305459518474,0.0,51.62207892410771,654.3305459518474,0.0,6.576431700590949,654.3305459518474,0.0,6.169042126218058,578.1559478907972,0.0,8.6133795724554,654.3305459518474,0.0,41.55373658603484,654.3305459518474
0.0,19.61289808052345,654.3305459518474,0.0,50.98189530723602,654.3305459518474,0.0,4.190292764978303,654.3305459518474,0.0,7.682203402460224,584.3017106127653,0.0,7.274813828087333,654.3305459518474,0.0,44.521860627894476,654.3305459518474
0.0,22.23183105863489,654.3305459518474,0.0,50.690902754112535,654.3305459518474,0.0,3.2009180843584266,654.3305459518474,0.0,9.544555742450582,591.9373552067258,0.0,6.110843615593359,654.3305459518474,0.0,45.45303679788965,654.3305459518474
0.0,24.38517595174874,654.3305459518474,0.0,50.690902754112535,654.3305459518474,0.0,3.317315105607824,654.3305459518474,0.0,10.708525954944554,600.5041759706814,0.0,5.23786595622288,654.3305459518474,0.0,45.27844126601556,654.3305459518474
0.0,26.014734249240302,654.3305459518474,0.0,50.39991020098904,654.3305459518474,0.0,3.550109148106618,654.3305459518474,0.0,12.861870848058405,610.7936726491282,0.0,4.714079360600592,654.3305459518474,0.0,42.48491275603003,654.3305459518474
0.0,37.986406837276185,654.3305459518474,0.0,51.68027743473242,654.3305459518474,0.0,16.420017585261927,654.3305459518474,0.0,17.959760202696337,625.1614808112853,0.0,4.39950722714155,654.3305459518474,0.0,50.97889354637933,654.3305459518474
0.0,70.73062280602949,654.3305459518474,0.0,59.80298846142633,654.3305459518474,0.0,89.54985274424119,654.3305459518474,0.0,37.233183417981905,634.9480275456708,0.0,27.353655451578483,654.3305459518474,0.0,108.25497650611993,654.3305459518474
0.0,86.46647710359039,654.3305459518474,0.0,91.8770822532889,654.3305459518474,0.0,162.38869535009692,654.3305459518474,0.0,56.92185606775221,654.3305459518474,0.0,62.54538835641089,654.3305459518474,0.0,155.59933651054584,654.3305459518474
0.0,109.33716862765368,654.3305459518474,0.0,148.11177327248342,654.3305459518474,0.0,218.49912948793022,654.3305459518474,0.0,77.84055730075303,632.1711032526005,0.0,84.42520431942596,638.7557502712733,0.0,205.64608619345682,654.3305459518474
0.0,139.60860947057893,654.3305459518474,0.0,221.1645107107725,654.3305459518474,0.0,247.5783401677558,654.3305459518474,0.0,100.28813953021975,632.4016148767763,0.0,103.08202349817539,641.2213690698136,0.0,246.70968742068536,654.3305459518474
0.0,175.10537603934515,654.3305459518474,0.0,309.7942266349721,654.3305459518474,0.0,249.93621915276285,654.3305459518474,0.0,132.3197545316813,654.3305459518474,0.0,141.02798561243407,654.3305459518474,0.0,243.23349650342715,654.3305459518474
0.0,224.6723187974632,654.3305459518474,0.0,315.1391288719042,654.3305459518474,0.0,221.24081846697453,654.3305459518474,0.0,157.07487709564217,654.3305459518474,0.0,157.76893431083855,654.3305459518474,0.0,251.69603785332905,654.3305459518474
0.0,202.97345734600572,654.3305459518474,0.0,289.2561559061669,654.3305459518474,0.0,178.51621950180706,654.3305459518474,0.0,162.12242779976725,654.3305459518474,0.0,204.2056977256048,654.3305459518474,0.0,240.64450208533475,654.3305459518474
0.0,159.27988379071215,654.3305459518474,0.0,238.97193181048704,654.3305459518474,0.0,136.53248145453696,654.3305459518474,0.0,125.461513289522,654.3305459518474,0.0,210.21904353001426,654.3305459518474,0.0,214.25664173404056,654.3305459518474
0.0,125.478556161189,654.3305459518474,0.0,174.29359865145608,654.3305459518474,0.0,129.32204738777276,654.3305459518474,0.0,113.62813869365768,654.3305459518474,0.0,182.7173738877539,654.3305459518474,0.0,171.39206616728816,654.3305459518474
0.0,88.09567994311183,642.4262258949592,0.0,130.1454763611185,654.3305459518474,0.0,104.75874095633804,654.3305459518474,0.0,88.43568799530489,642.7662339471523,0.0,121.49633243591572,654.3305459518474,0.0,122.67452148820506,654.3305459518474
0.0,64.49348824169137,654.3305459518474,0.0,77.85574383402157,654.3305459518474,0.0,37.944283504845295,654.3305459518474,0.0,51.29196479941004,654.3305459518474,0.0,48.04406528336557,654.3305459518474,0.0,44.63711222668564,654.3305459518474
0.0,56.510753816582394,654.3305459518474,0.0,56.6271508378318,654.3305459518474,0.0,9.13716616807769,654.3305459518474,0.0,37.47984084230594,654.3305459518474,0.0,19.438302548649354,654.3305459518474,0.0,12.687275316184309,654.3305459518474
0.0,56.6853493484565,654.3305459518474,0.0,56.33615828470831,654.3305459518474,0.0,7.274813828087333,654.3305459518474,0.0,37.36344382105654,654.3305459518474,0.0,24.094183398625244,654.3305459518474,0.0,12.279885741811418,654.3305459518474
0.0,56.219761263458906,654.3305459518474,0.0,56.16156275283421,654.3305459518474,0.0,5.587057019971072,654.3305459518474,0.0,34.8609078641945,654.3305459518474,0.0,31.42719573733728,654.3305459518474,0.0,12.745473826809006,654.3305459518474
0.0,55.46318062533782,654.3305459518474,0.0,55.81237168908602,654.3305459518474,0.0,5.587057019971072,654.3305459518474,0.0,34.39531977919691,654.3305459518474,0.0,35.61748850231558,654.3305459518474,0.0,12.745473826809006,654.3305459518474
0.0,54.47380594471795,654.3305459518474,0.0,55.28858509346373,654.3305459518474,0.0,6.169042126218058,654.3305459518474,0.0,35.966679566063775,654.3305459518474,0.0,35.966679566063775,654.3305459518474,0.0,10.766724465569252,654.3305459518474
0.0,53.42623275347337,654.3305459518474,0.0,54.29921041284385,654.3305459518474,0.0,5.470659998721674,654.3305459518474,0.0,36.95605424668366,654.3305459518474,0.0,33.638739141075824,654.3305459518474,0.0,8.147791487457813,654.3305459518474
0.0,52.90244615785109,654.3305459518474,0.0,52.96064466847578,654.3305459518474,0.0,4.364888296852399,654.3305459518474,0.0,36.25767211918726,654.3305459518474,0.0,29.681240418596317,654.3305459518474,0.0,6.867424253714441,654.3305459518474
0.0,52.029468498480604,654.3305459518474,0.0,51.56388041348302,654.3305459518474,0.0,2.735329999360837,654.3305459518474,0.0,35.15190041731799,654.3305459518474,0.0,27.41149850423307,654.3305459518474,0.0,6.227240636842756,654.3305459518474
0.0,50.45810871161374,654.3305459518474,0.0,50.28351317973964,654.3305459518474,0.0,1.2803672337433705,654.3305459518474,0.0,34.104327226073416,654.3305459518474,0.0,24.79256552612163,654.3305459518474,0.0,5.587057019971072,654.3305459518474
0.0,48.304763818499886,654.3305459518474,0.0,47.839175733502294,654.3305459518474,0.0,0.5819851062469866,654.3305459518474,0.0,33.05675403482884,654.3305459518474,0.0,22.581022122383082,654.3305459518474,0.0,4.946873403099386,654.3305459518474
0.0,45.627632329763756,654.3305459518474,0.0,42.89230233040291,654.3305459518474,0.0,0.349191063748192,654.3305459518474,0.0,33.580540630451125,654.3305459518474,0.0,20.835066803642118,654.3305459518474,0.0,4.481285318101797,654.3305459518474
0.0,41.78653062853363,654.3305459518474,0.0,35.79208403418968,654.3305459518474,0.0,0.40738957437289064,654.3305459518474,0.0,39.691384246044485,654.3305459518474,0.0,19.96208914427164,654.3305459518474,0.0,3.9574987224795093,654.3305459518474
0.0,45.33363801578356,654.3305459518474,0.0,41.84172737830165,654.3305459518474,0.0,12.245444540507325,654.3305459518474,0.0,41.234484082305705,654.3305459518474,0.0,23.20866550887282,654.3305459518474,0.0,9.911145135835877,654.3305459518474
0.0,105.22397358336552,654.3305459518474,0.0,104.4862921553099,654.3305459518474,0.0,83.41693042874064,654.3305459518474,0.0,66.0526632561464,654.3305459518474,0.0,60.92183358063272,654.3305459518474,0.0,63.57724182743178,654.3305459518474
0.0,178.28139139192473,654.3305459518474,0.0,181.6932025478598,654.3305459518474,0.0,154.73943226851245,654.3305459518474,0.0,109.09183435477294,654.3305459518474,0.0,125.02286200368678,654.3305459518474,0.0,134.37595707158133,654.3305459518474
0.0,232.51693295938566,654.3305459518474,0.0,241.07697212047154,654.3305459518474,0.0,206.28044401760016,654.3305459518474,0.0,159.597813142998,654.3305459518474,0.0,201.74060473090358,654.3305459518474,0.0,194.6169845833398,654.3305459518474
0.0,270.62812986497823,654.3305459518474,0.0,276.9466870623065,654.3305459518474,0.0,227.72611133606506,654.3305459518474,0.0,184.12332115430178,654.3305459518474,0.0,271.8566575677804,654.3305459518474,0.0,240.297167359985,654.3305459518474
0.0,289.6137400169821,654.3305459518474,0.0,297.9535253659511,654.3305459518474,0.0,217.08664551271374,654.3305459518474,0.0,195.1230173913549,654.3305459518474,0.0,292.2201327647116,654.3305459518474,0.0,271.0169756872558,654.3305459518474
0.0,295.6145455910096,654.3305459518474,0.0,303.3644859736197,654.3305459518474,0.0,205.14005338544172,654.3305459518474,0.0,195.35899092369544,654.3305459518474,0.0,295.15681736612385,654.3305459518474,0.0,273.4062941127102,654.3305459518474
0.0,282.8735744054856,654.3305459518474,0.0,291.61606895855743,654.3305459518474,0.0,203.09206616362368,654.3305459518474,0.0,188.79191996364472,654.3305459518474,0.0,283.6033959734294,654.3305459518474,0.0,257.70505874543846,654.3305459518474
0.0,248.1474295856508,654.3305459518474,0.0,261.3429495062187,654.3305459518474,0.0,207.5954301816327,654.3305459518474,0.0,170.70136617091853,654.3305459518474,0.0,255.40652369351443,654.3305459518474,0.0,223.57193838180424,654.3305459518474
0.0,194.83370344764484,654.3305459518474,0.0,211.1876626621702,654.3305459518474,0.0,169.2467588632712,654.3305459518474,0.0,142.5376119408644,654.3305459518474,0.0,207.53201811378273,654.3305459518474,0.0,170.78199883942057,654.3305459518474
0.0,122.93239599146773,654.3305459518474,0.0,143.39955025028127,654.3305459518474,0.0,96.35439811706082,650.6849440689082,0.0,100.45637608241032,654.3305459518474,0.0,139.8823814230504,654.3305459518474,0.0,102.19014662873946,654.3305459518474
0.0,47.943387982339864,654.3305459518474,0.0,67.62870341328338,654.3305459518474,0.0,34.57345025888287,654.3305459518474,0.0,46.881595951299936,654.3305459518474,0.0,60.40104874586713,654.3305459518474,0.0,29.78545266743388,654.3305459518474
0.0,17.575950208658995,654.3305459518474,0.0,39.1093991397975,654.3305459518474,0.0,3.9574987224795093,654.3305459518474,0.0,18.099736804281285,654.3305459518474,0.0,25.665543185492112,654.3305459518474,0.0,1.8041538293656585,654.3305459518474
0.0,18.914515953027067,654.3305459518474,0.0,42.193920202906526,654.3305459518474,0.0,2.9099255312349332,654.3305459518474,0.0,14.607826166799367,654.3305459518474,0.0,20.36947871864453,654.3305459518474,0.0,2.735329999360837,654.3305459518474
0.0,22.11543403738549,654.3305459518474,0.0,41.32094254353605,654.3305459518474,0.0,2.9681240418596317,654.3305459518474,0.0,13.385657443680692,654.3305459518474,0.0,17.401354676784898,654.3305459518474,0.0,4.539483828726496,654.3305459518474
0.0,22.63922063300778,654.3305459518474,0.0,36.31587062981197,654.3305459518474,0.0,2.61893297811144,654.3305459518474,0.0,12.454481273685513,654.3305459518474,0.0,16.237384464290926,654.3305459518474,0.0,7.042019785588539,654.3305459518474
0.0,21.358853399264408,654.3305459518474,0.0,32.649364460455956,654.3305459518474,0.0,2.269741914363248,654.3305459518474,0.0,10.766724465569252,654.3305459518474,0.0,16.52837701741442,654.3305459518474,0.0,9.253563189327087,654.3305459518474
0.0,19.61289808052345,654.3305459518474,0.0,30.205027014218608,654.3305459518474,0.0,2.2115434037385495,654.3305459518474,0.0,10.650327444319855,654.3305459518474,0.0,17.459553187409597,654.3305459518474,0.0,10.417533401821059,654.3305459518474
0.0,17.92514127240719,654.3305459518474,0.0,28.168079142354156,654.3305459518474,0.0,1.9787493612397546,654.3305459518474,0.0,9.078967657452992,654.3305459518474,0.0,18.099736804281285,654.3305459518474,0.0,9.253563189327087,654.3305459518474
0.0,17.86694276178249,654.3305459518474,0.0,27.41149850423307,654.3305459518474,0.0,1.1057717018692748,654.3305459518474,0.0,8.6133795724554,654.3305459518474,0.0,17.575950208658995,654.3305459518474,0.0,7.624004891835525,654.3305459518474
0.0,19.089111484901164,654.3305459518474,0.0,26.014734249240302,654.3305459518474,0.0,0.7565806381210826,654.3305459518474,0.0,7.274813828087333,654.3305459518474,0.0,16.17918595366623,654.3305459518474,0.0,5.528858509346373,654.3305459518474
0.0,21.591647441763204,654.3305459518474,0.0,25.25815361111922,654.3305459518474,0.0,1.6295582974915626,654.3305459518474,0.0,6.343637658092154,654.3305459518474,0.0,15.131612762421653,654.3305459518474,0.0,4.423086807477099,654.3305459518474
0.0,24.559771483622836,654.3305459518474,0.0,25.19995510049452,654.3305459518474,0.0,5.412461488096976,654.3305459518474,0.0,5.528858509346373,654.3305459518474,0.0,15.829994889918037,654.3305459518474,0.0,4.714079360600592,654.3305459518474
0.0,31.718188290460777,654.3305459518474,0.0,23.62859531362766,654.3305459518474,0.0,9.369960210576485,654.3305459518474,0.0,5.296064466847579,654.3305459518474,0.0,17.575950208658995,654.3305459518474,0.0,6.169042126218058,654.3305459518474
0.0,43.34384930459021,654.3305459518474,0.0,24.089503028355146,654.3305459518474,0.0,13.412416513857991,654.3305459518474,0.0,12.188746910310975,654.3305459518474,0.0,32.47494665756691,654.3305459518474,0.0,18.43806624706093,654.3305459518474
0.0,105.13265702288003,654.3305459518474,0.0,51.201003696894645,654.3305459518474,0.0,30.603233577036356,654.3305459518474,0.0,62.1630792428019,654.3305459518474,0.0,101.29491254047673,654.3305459518474,0.0,83.06138038530894,654.3305459518474
0.0,177.38783591307543,654.3305459518474,0.0,83.14616023712588,654.3305459518474,0.0,58.82836580755697,654.3305459518474,0.0,120.31046125249959,654.3305459518474,0.0,172.9855046540622,654.3305459518474,0.0,153.696539447538,654.3305459518474
0.0,241.28282936380796,654.3305459518474,0.0,125.29195358588814,654.3305459518474,0.0,110.3929571369802,654.3305459518474,0.0,182.37136231384744,654.3305459518474,0.0,233.2862315568738,654.3305459518474,0.0,210.90806491697043,654.3305459518474
0.0,278.5539889309058,654.3305459518474,0.0,171.39842514697165,654.3305459518474,0.0,120.5211765950912,654.3305459518474,0.0,248.57857646934428,654.3305459518474,0.0,272.74685582780296,654.3305459518474,0.0,246.21619484305222,654.3305459518474
0.0,305.71732913038653,654.3305459518474,0.0,211.05890313952392,654.3305459518474,0.0,121.30133681354782,654.3305459518474,0.0,268.7642766445596,654.3305459518474,0.0,289.4421462459647,654.3305459518474,0.0,266.23833883634705,654.3305459518474
0.0,299.83760094787857,654.3305459518474,0.0,236.7908601537227,654.3305459518474,0.0,117.91628472779003,654.3305459518474,0.0,272.0658720299437,654.3305459518474,0.0,288.84126192965226,654.3305459518474,0.0,269.2017825079365,654.3305459518474
0.0,291.7934885223031,654.3305459518474,0.0,252.32535984923217,654.3305459518474,0.0,107.64641005868073,654.3305459518474,0.0,257.54432659538963,654.3305459518474,0.0,277.122783474609,654.3305459518474,0.0,258.26814464162,654.3305459518474
0.0,256.6678139882073,654.3305459518474,0.0,245.32414024463125,654.3305459518474,0.0,87.61004722559056,641.9405931774379,0.0,231.29326335583866,654.3305459518474,0.0,233.9279160541738,654.3305459518474,0.0,227.1959657607593,654.3305459518474
0.0,201.38787871934352,654.3305459518474,0.0,194.17479834969276,654.3305459518474,0.0,67.53438509194118,609.4749782693791,0.0,180.6330891262333,654.3305459518474,0.0,176.50567524214975,654.3305459518474,0.0,176.15984139722838,654.3305459518474
0.0,148.2408882530998,654.3305459518474,0.0,122.7469388386251,654.3305459518474,0.0,49.43279194926143,558.9077702186405,0.0,105.84693659958516,654.3305459518474,0.0,101.81083927598716,654.3305459518474,0.0,115.50188584157175,654.3305459518474
0.0,73.75994711937052,654.3305459518474,0.0,42.70402114568864,654.3305459518474,0.0,41.141666641391865,591.821103531754,0.0,43.7482371181064,654.3305459518474,0.0,35.831738792719044,654.3305459518474,0.0,50.23988896688041,654.3305459518474
0.0,43.88167701102279,654.3305459518474,0.0,6.867424253714441,654.3305459518474,0.0,44.114471053521584,627.1126803745713,0.0,25.72374169611681,654.3305459518474,0.0,7.740401913084923,654.3305459518474,0.0,22.23183105863489,654.3305459518474
0.0,44.40546360664508,654.3305459518474,0.0,4.888674892474688,654.3305459518474,0.0,45.220242755390856,654.3305459518474,0.0,30.205027014218608,654.3305459518474,0.0,3.6665061693560155,654.3305459518474,0.0,19.089111484901164,654.3305459518474
0.0,46.79160254225773,654.3305459518474,0.0,2.0951463824891516,654.3305459518474,0.0,49.99252062661615,654.3305459518474,0.0,35.03550339606859,654.3305459518474,0.0,6.343637658092154,654.3305459518474,0.0,12.16348872056202,654.3305459518474
0.0,47.897374244127,654.3305459518474,0.0,0.23279404249879465,654.3305459518474,0.0,50.34171169036434,654.3305459518474,0.0,37.36344382105654,654.3305459518474,0.0,18.565324889278873,654.3305459518474,0.0,7.798600423709622,654.3305459518474
0.0,46.73340403163303,654.3305459518474,0.0,0.0,654.3305459518474,0.0,49.52693254161856,654.3305459518474,0.0,37.712634884804736,654.3305459518474,0.0,25.025359568620424,654.3305459518474,0.0,6.92562276433914,654.3305459518474
0.0,43.88167701102279,654.3305459518474,0.0,0.0,654.3305459518474,0.0,49.70152807349266,654.3305459518474,0.0,38.23642148042702,654.3305459518474,0.0,25.374550632368617,654.3305459518474,0.0,8.147791487457813,654.3305459518474
0.0,40.79715594791376,654.3305459518474,0.0,0.2909925531234933,654.3305459518474,0.0,49.41053552036916,654.3305459518474,0.0,39.86597977791859,654.3305459518474,0.0,24.26877893049934,654.3305459518474,0.0,11.75609914618913,654.3305459518474
0.0,37.36344382105654,654.3305459518474,0.0,1.1057717018692748,654.3305459518474,0.0,49.58513105224326,654.3305459518474,0.0,40.85535445853846,654.3305459518474,0.0,25.19995510049452,654.3305459518474,0.0,19.321905527399956,654.3305459518474
0.0,35.50109148106618,654.3305459518474,0.0,2.269741914363248,654.3305459518474,0.0,49.81792509474205,654.3305459518474,0.0,41.495538075410145,654.3305459518474,0.0,28.400873184852944,654.3305459518474,0.0,28.109880631729453,654.3305459518474
0.0,33.98793020482402,654.3305459518474,0.0,3.49191063748192,654.3305459518474,0.0,49.41053552036916,654.3305459518474,0.0,41.90292764978304,654.3305459518474,0.0,32.649364460455956,654.3305459518474,0.0,32.00918084358427,654.3305459518474
0.0,32.88215850295474,654.3305459518474,0.0,4.655880849975893,654.3305459518474,0.0,49.17774147787037,654.3305459518474,0.0,42.310317224155924,654.3305459518474,0.0,35.61748850231558,654.3305459518474,0.0,33.75513616232522,654.3305459518474
0.0,28.982858291099934,654.3305459518474,0.0,6.867424253714441,654.3305459518474,0.0,46.79160254225773,654.3305459518474,0.0,42.135721692281834,654.3305459518474,0.0,36.665061693560155,654.3305459518474,0.0,35.50109148106618,654.3305459518474
0.0,37.03801006662896,654.3305459518474,0.0,21.723941912221356,654.3305459518474,0.0,48.117628056243845,654.3305459518474,0.0,49.55537022120926,654.3305459518474,0.0,47.41306467804902,654.3305459518474,0.0,42.61084824680467,654.3305459518474
0.0,101.28069370068135,654.3305459518474,0.0,87.92647569744807,654.3305459518474,0.0,75.33130690623739,654.3305459518474,0.0,106.0527938429216,654.3305459518474,0.0,112.30379178908495,654.3305459518474,0.0,105.72100110881053,654.3305459518474
0.0,173.93072193486768,654.3305459518474,0.0,163.00362077721968,654.3305459518474,0.0,109.68150159214672,654.3305459518474,0.0,178.64462356648323,654.3305459518474,0.0,181.5972056171042,654.3305459518474,0.0,167.4280307361401,654.3305459518474
0.0,224.50125821340094,654.3305459518474,0.0,200.99524117172112,654.3305459518474,0.0,119.80822016982934,654.3305459518474,0.0,222.10540307927803,654.3305459518474,0.0,247.07759996551394,654.3305459518474,0.0,213.141153833661,654.3305459518474
0.0,262.3607618664293,654.3305459518474,0.0,202.20486966445787,654.3305459518474,0.0,106.74499471971954,654.3305459518474,0.0,245.24518618554265,654.3305459518474,0.0,276.642798820831,654.3305459518474,0.0,190.75645048508912,654.3305459518474
0.0,254.11379395837412,654.3305459518474,0.0,253.57128588167146,654.3305459518474,0.0,109.32162663641503,654.3305459518474,0.0,265.8524947749262,654.3305459518474,0.0,302.20802016326746,654.3305459518474,0.0,141.2462053571674,654.3305459518474
0.0,283.55323505190165,654.3305459518474,0.0,282.79833302319383,654.3305459518474,0.0,121.35635583433077,654.3305459518474,0.0,265.1116338570288,654.3305459518474,0.0,305.91550424259617,654.3305459518474,0.0,96.44385833914788,650.7744042909953
0.0,270.6329879642334,654.3305459518474,0.0,273.64994977617755,654.3305459518474,0.0,126.80661574255865,654.3305459518474,0.0,269.47970164372293,654.3305459518474,0.0,285.68582439655154,654.3305459518474,0.0,70.66324128384967,621.437645574845
0.0,238.03978794701868,654.3305459518474,0.0,250.21749550737604,654.3305459518474,0.0,101.11545890934747,654.3305459518474,0.0,209.33617194314837,654.3305459518474,0.0,221.493657141997,654.3305459518474,0.0,75.07060837110306,596.508253945948
0.0,190.42015510969298,654.3305459518474,0.0,184.10142018337964,654.3305459518474,0.0,72.33192115291541,626.6624671047628,0.0,172.55418004138366,654.3305459518474,0.0,111.82416259327708,654.3305459518474,0.0,85.49600163303597,582.0042555789839
0.0,121.78900359845262,654.3305459518474,0.0,127.52539796054883,654.3305459518474,0.0,55.16150418023085,581.8239712849936,0.0,117.3906417937693,654.3305459518474,0.0,67.68072067320962,622.011266625057,0.0,44.48909803600379,526.4933536149878
0.0,44.20932256181895,654.3305459518474,0.0,49.51474776920673,654.3305459518474,0.0,43.64270171782555,616.738132659254,0.0,60.38047092638827,654.3305459518474,0.0,52.125643158221266,654.3305459518474,0.0,15.257548253196305,538.6993922175448
0.0,8.555181061830703,654.3305459518474,0.0,19.61289808052345,654.3305459518474,0.0,38.76020807604931,647.7462991200935,0.0,38.52741403355052,654.3305459518474,0.0,43.12509637290171,654.3305459518474,0.0,1.1639702124939733,539.6305683875399
0.0,6.460034679341552,654.3305459518474,0.0,20.42767722926923,654.3305459518474,0.0,41.78653062853363,654.3305459518474,0.0,38.58561254417521,654.3305459518474,0.0,43.18329488352641,654.3305459518474,0.0,0.23279404249879465,539.816803621539
0.0,3.550109148106618,654.3305459518474,0.0,19.72929510177285,654.3305459518474,0.0,44.40546360664508,654.3305459518474,0.0,36.83965722543426,654.3305459518474,0.0,45.27844126601556,654.3305459518474,0.0,0.2909925531234933,540.0495976640377
0.0,1.2803672337433705,654.3305459518474,0.0,17.692347229908396,654.3305459518474,0.0,44.114471053521584,654.3305459518474,0.0,34.802709353569796,654.3305459518474,0.0,46.67520552100833,654.3305459518474,0.0,1.8041538293656585,541.4929207275302
0.0,0.2909925531234933,654.3305459518474,0.0,14.200436592426472,654.3305459518474,0.0,42.89230233040291,654.3305459518474,0.0,33.92973169419932,654.3305459518474,0.0,46.79160254225773,654.3305459518474,0.0,4.423086807477099,545.0313901735119
0.0,0.174595531874096,654.3305459518474,0.0,11.930694678063224,654.3305459518474,0.0,41.08814850103725,654.3305459518474,0.0,32.41657041795716,654.3305459518474,0.0,46.67520552100833,654.3305459518474,0.0,7.740401913084923,551.2237117039798
0.0,0.349191063748192,654.3305459518474,0.0,13.152863401181898,654.3305459518474,0.0,38.06182594855293,654.3305459518474,0.0,29.681240418596317,654.3305459518474,0.0,46.907999563507126,654.3305459518474,0.0,11.872496167438527,560.7217086379306
0.0,0.6401836168716852,654.3305459518474,0.0,13.269260422431296,654.3305459518474,0.0,29.85583595047041,654.3305459518474,0.0,27.17870446173428,654.3305459518474,0.0,47.7227787122529,654.3305459518474,0.0,13.211061911806597,571.2905581673759
0.0,0.87297765937048,654.3305459518474,0.0,12.338084252436117,654.3305459518474,0.0,25.083558079245122,654.3305459518474,0.0,24.559771483622836,654.3305459518474,0.0,49.99252062661615,654.3305459518474,0.0,13.0364663799325,581.719731271322
0.0,1.1639702124939733,654.3305459518474,0.0,12.047091699312622,654.3305459518474,0.0,24.152381909249943,654.3305459518474,0.0,22.464625101133684,654.3305459518474,0.0,54.41560743409325,654.3305459518474,0.0,12.454481273685513,591.6833162902703
0.0,1.2803672337433705,654.3305459518474,0.0,9.078967657452992,654.3305459518474,0.0,21.067860846140917,654.3305459518474,0.0,20.485875739893928,654.3305459518474,0.0,55.40498211471312,654.3305459518474,0.0,10.941319997443347,600.436372288225
0.0,0.87297765937048,654.3305459518474,0.0,7.85679893433432,654.3305459518474,0.0,16.353781485540324,654.3305459518474,0.0,18.623523399903572,654.3305459518474,0.0,56.97634190157999,654.3305459518474,0.0,11.75609914618913,609.8412516051764
0.0,14.685101616474572,654.3305459518474,0.0,9.928365736487923,654.3305459518474,0.0,21.390470568696863,654.3305459518474,0.0,28.23431524207576,654.3305459518474,0.0,59.38138004725809,654.3305459518474,0.0,24.684206093969138,629.5886164803517
0.0,87.09765543789199,654.3305459518474,0.0,35.602124240062,654.3305459518474,0.0,61.98380334065771,654.3305459518474,0.0,93.3310773254332,654.3305459518474,0.0,110.86419328572109,654.3305459518474,0.0,90.12229938096291,654.3305459518474
0.0,162.47365293089894,654.3305459518474,0.0,61.260163023412375,654.3305459518474,0.0,134.9076035273155,654.3305459518474,0.0,166.89974149923273,654.3305459518474,0.0,207.91079227957985,654.3305459518474,0.0,163.30397407088336,654.3305459518474
0.0,221.18261995634984,654.3305459518474,0.0,74.14111081052128,628.4716567623686,0.0,205.09757459504078,654.3305459518474,0.0,222.48956853128547,654.3305459518474,0.0,255.6468221381549,654.3305459518474,0.0,228.41945763532118,654.3305459518474
0.0,259.7530459672565,654.3305459518474,0.0,97.28557428705601,625.7572310494246,0.0,229.49882572498333,654.3305459518474,0.0,259.57359233612726,654.3305459518474,0.0,285.22623983326736,654.3305459518474,0.0,277.81648523183526,654.3305459518474
0.0,279.55025577816434,654.3305459518474,0.0,117.95576175733436,640.121840455292,0.0,214.98831964038283,654.3305459518474,0.0,280.40583510789776,654.3305459518474,0.0,300.3030113038911,654.3305459518474,0.0,298.23029907927923,654.3305459518474
0.0,281.25691179634606,654.3305459518474,0.0,145.59254990192446,654.3305459518474,0.0,216.4275626857766,654.3305459518474,0.0,281.08063765505864,654.3305459518474,0.0,305.82250907269724,654.3305459518474,0.0,298.55591056269196,654.3305459518474
0.0,266.23833883634705,654.3305459518474,0.0,176.2210416687098,654.3305459518474,0.0,204.25285688627594,654.3305459518474,0.0,269.24726305919427,654.3305459518474,0.0,307.52916509087896,654.3305459518474,0.0,282.2223514386603,654.3305459518474
0.0,232.84607939061019,654.3305459518474,0.0,136.8798161798867,654.3305459518474,0.0,131.11198237734305,654.3305459518474,0.0,242.08542374014195,654.3305459518474,0.0,277.77515186389246,654.3305459518474,0.0,248.11599014520337,654.3305459518474
0.0,181.20439034049681,654.3305459518474,0.0,105.39238786454118,654.3305459518474,0.0,81.04165311409653,635.372199065944,0.0,194.2612568109231,654.3305459518474,0.0,228.39066449776038,654.3305459518474,0.0,194.1542205302139,654.3305459518474
0.0,112.73679501117692,654.3305459518474,0.0,76.38709541556392,630.7176413674113,0.0,54.700951923473475,590.0731509894174,0.0,128.6642877122789,654.3305459518474,0.0,160.84170510805376,654.3305459518474,0.0,126.2639299368709,654.3305459518474
0.0,37.21764142674327,654.3305459518474,0.0,38.06668404780808,654.3305459518474,0.0,23.775108623881163,609.0932378885224,0.0,54.328003550404674,654.3305459518474,0.0,87.63327134795601,654.3305459518474,0.0,49.79320009194827,654.3305459518474
0.0,4.364888296852399,654.3305459518474,0.0,33.92973169419932,654.3305459518474,0.0,5.528858509346373,613.5163246959995,0.0,19.438302548649354,654.3305459518474,0.0,52.2622625409794,654.3305459518474,0.0,14.666024677424062,654.3305459518474
0.0,4.3066897862277,654.3305459518474,0.0,33.92973169419932,654.3305459518474,0.0,3.550109148106618,616.3564120144848,0.0,18.79811893177767,654.3305459518474,0.0,49.93432211599145,654.3305459518474,0.0,9.777349784949376,654.3305459518474
0.0,4.714079360600592,654.3305459518474,0.0,32.70756297108065,654.3305459518474,0.0,2.15334489311385,618.0790879289759,0.0,19.030912974276465,654.3305459518474,0.0,47.25719062725532,654.3305459518474,0.0,5.121468934973482,654.3305459518474
0.0,5.9362480837192635,654.3305459518474,0.0,34.569915311071,654.3305459518474,0.0,1.1057717018692748,618.9637052904714,0.0,20.31128020801983,654.3305459518474,0.0,41.37914105416075,654.3305459518474,0.0,3.259116594983125,654.3305459518474
0.0,6.92562276433914,654.3305459518474,0.0,42.42671424540532,654.3305459518474,0.0,0.4655880849975893,619.3361757584694,0.0,19.845692123022243,654.3305459518474,0.0,28.924659780475235,654.3305459518474,0.0,5.470659998721674,654.3305459518474
0.0,8.089592976833115,654.3305459518474,0.0,45.627632329763756,654.3305459518474,0.0,0.2909925531234933,619.5689698009681,0.0,19.67109659114815,654.3305459518474,0.0,13.793047018053581,654.3305459518474,0.0,12.803672337433706,654.3305459518474
0.0,9.660952763699978,654.3305459518474,0.0,45.860426372262545,654.3305459518474,0.0,0.5819851062469866,620.0345578859657,0.0,18.623523399903572,654.3305459518474,0.0,3.841101701230112,654.3305459518474,0.0,19.20550850615056,654.3305459518474
0.0,10.592128933695157,654.3305459518474,0.0,47.25719062725532,654.3305459518474,0.0,0.9893746806198773,620.8260576304616,0.0,16.819369570537912,654.3305459518474,0.0,0.4655880849975893,654.3305459518474,0.0,16.99396510241201,654.3305459518474
0.0,10.417533401821059,654.3305459518474,0.0,49.00314594599627,654.3305459518474,0.0,1.3385657443680692,621.896910225956,0.0,14.142238081801773,654.3305459518474,0.0,0.0,654.3305459518474,0.0,15.073414251796954,654.3305459518474
0.0,9.078967657452992,654.3305459518474,0.0,49.52693254161856,654.3305459518474,0.0,1.4549627656174666,623.06088043845,0.0,10.184739359322265,654.3305459518474,0.0,0.0,654.3305459518474,0.0,15.422605315545146,654.3305459518474
0.0,8.205989998082512,654.3305459518474,0.0,46.966198074131825,654.3305459518474,0.0,1.8623523399903572,624.5507623104423,0.0,6.110843615593359,654.3305459518474,0.0,1.3385657443680692,654.3305459518474,0.0,16.702972549288514,654.3305459518474
0.0,8.089592976833115,654.3305459518474,0.0,44.81285318101797,654.3305459518474,0.0,2.3861389356126455,626.4596734589325,0.0,3.550109148106618,654.3305459518474,0.0,6.809225743089744,654.3305459518474,0.0,18.79811893177767,654.3305459518474
0.0,20.967361274100277,654.3305459518474,0.0,54.61396027528795,654.3305459518474,0.0,6.955561324358192,632.0241225184191,0.0,13.576150424763545,654.3305459518474,0.0,22.779374963577784,654.3305459518474,0.0,33.56499863921248,654.3305459518474
0.0,84.36532719938785,654.3305459518474,0.0,112.93911730670149,654.3305459518474,0.0,31.473209475550142,637.2026900988592,0.0,76.24111529226559,654.3305459518474,0.0,93.57641159831394,654.3305459518474,0.0,103.22800362147373,654.3305459518474
0.0,156.3972505166097,654.3305459518474,0.0,190.3095838811719,654.3305459518474,0.0,65.94766104282071,654.3305459518474,0.0,158.7772082015239,654.3305459518474,0.0,187.81040514313668,654.3305459518474,0.0,186.4591214394016,654.3305459518474
0.0,217.852586891375,654.3305459518474,0.0,251.34967082145246,654.3305459518474,0.0,106.7642493877551,654.3305459518474,0.0,216.46218161606575,654.3305459518474,0.0,245.8524294815386,654.3305459518474,0.0,249.2545244389633,654.3305459518474
0.0,261.4658832361367,654.3305459518474,0.0,292.32045460776715,654.3305459518474,0.0,147.67365517360332,654.3305459518474,0.0,255.43213734123347,654.3305459518474,0.0,274.85622105008747,654.3305459518474,0.0,288.3376976955387,654.3305459518474
0.0,279.6178150293293,654.3305459518474,0.0,310.0807165468106,654.3305459518474,0.0,170.42644879598888,654.3305459518474,0.0,276.5946719666867,654.3305459518474,0.0,276.1571661033097,654.3305459518474,0.0,309.6134498523996,654.3305459518474
0.0,278.8644138810499,654.3305459518474,0.0,310.2427718483027,654.3305459518474,0.0,177.72652081382518,654.3305459518474,0.0,280.2407780455489,654.3305459518474,0.0,255.11738747878934,654.3305459518474,0.0,310.44394872136905,654.3305459518474
0.0,262.2162826235593,654.3305459518474,0.0,290.97570761270066,654.3305459518474,0.0,163.91439685672108,654.3305459518474,0.0,267.1191763558294,654.3305459518474,0.0,240.8129163665104,654.3305459518474,0.0,297.8493131171135,654.3305459518474
0.0,229.50668558509514,654.3305459518474,0.0,253.61808958437248,654.3305459518474,0.0,145.49823158058229,654.3305459518474,0.0,235.57354952985918,654.3305459518474,0.0,196.61595630608835,654.3305459518474,0.0,267.0980653493953,654.3305459518474
0.0,178.60585745287915,654.3305459518474,0.0,193.534437003836,654.3305459518474,0.0,97.5183683295548,651.8489142814022,0.0,184.7387797683797,654.3305459518474,0.0,139.7425825504505,654.3305459518474,0.0,217.07339436639154,654.3305459518474
0.0,114.76270353308779,654.3305459518474,0.0,114.63040906262961,654.3305459518474,0.0,44.003287589497454,595.8522018708996,0.0,115.7395379833257,654.3305459518474,0.0,78.45080235760568,632.781348309453,0.0,148.4108034147038,654.3305459518474
0.0,51.71693043240508,654.3305459518474,0.0,41.38903498165612,654.3305459518474,0.0,15.521781736142497,608.2696272598137,0.0,38.416230569526384,654.3305459518474,0.0,40.144609829645184,654.3305459518474,0.0,72.49061923558075,654.3305459518474
0.0,30.03043148234451,654.3305459518474,0.0,4.3066897862277,654.3305459518474,0.0,13.0364663799325,618.6988003637597,0.0,2.5025359568620424,654.3305459518474,0.0,28.168079142354156,654.3305459518474,0.0,37.07245126793305,654.3305459518474
0.0,32.53296743920656,654.3305459518474,0.0,2.3861389356126455,654.3305459518474,0.0,16.237384464290926,631.6887079351924,0.0,1.74595531874096,654.3305459518474,0.0,41.96112616040774,654.3305459518474,0.0,34.569915311071,654.3305459518474
0.0,31.07800467358909,654.3305459518474,0.0,6.98382127496384,654.3305459518474,0.0,18.099736804281285,646.1684973786174,0.0,0.9311761699951786,654.3305459518474,0.0,50.51630722223844,654.3305459518474,0.0,31.659989779836074,654.3305459518474
0.0,28.982858291099934,654.3305459518474,0.0,22.98841169675597,654.3305459518474,0.0,15.480803826169845,654.3305459518474,0.0,0.23279404249879465,654.3305459518474,0.0,54.29921041284385,654.3305459518474,0.0,29.332049354848124,654.3305459518474
0.0,26.945910419235485,654.3305459518474,0.0,32.35837190733246,654.3305459518474,0.0,13.618451486179488,654.3305459518474,0.0,0.0,654.3305459518474,0.0,55.52137913596252,654.3305459518474,0.0,24.210580419874642,654.3305459518474
0.0,25.549146164242714,654.3305459518474,0.0,35.09370190669329,654.3305459518474,0.0,13.152863401181898,654.3305459518474,0.0,0.0,654.3305459518474,0.0,55.637776157211924,654.3305459518474,0.0,18.448927868029475,654.3305459518474
0.0,24.035984888000545,654.3305459518474,0.0,36.024878076688466,654.3305459518474,0.0,14.72422318804876,654.3305459518474,0.0,0.0,654.3305459518474,0.0,54.64840147659204,654.3305459518474,0.0,12.687275316184309,654.3305459518474
0.0,22.98841169675597,654.3305459518474,0.0,37.188848289182445,654.3305459518474,0.0,17.2849576555355,654.3305459518474,0.0,0.0,654.3305459518474,0.0,55.172188072214325,654.3305459518474,0.0,7.274813828087333,654.3305459518474
0.0,21.7662429736373,654.3305459518474,0.0,42.54311126665472,654.3305459518474,0.0,20.07848616552104,654.3305459518474,0.0,0.0,654.3305459518474,0.0,56.859944880330595,654.3305459518474,0.0,2.3861389356126455,654.3305459518474
0.0,21.358853399264408,654.3305459518474,0.0,46.326014457260136,654.3305459518474,0.0,22.98841169675597,654.3305459518474,0.0,0.0,654.3305459518474,0.0,57.67472402907638,654.3305459518474,0.0,0.174595531874096,654.3305459518474
0.0,21.882639994886695,654.3305459518474,0.0,49.11954296724567,654.3305459518474,0.0,25.72374169611681,654.3305459518474,0.0,0.0,654.3305459518474,0.0,56.859944880330595,654.3305459518474,0.0,0.0,654.3305459518474
0.0,22.581022122383082,654.3305459518474,0.0,50.63270424348784,654.3305459518474,0.0,23.86138935612645,654.3305459518474,0.0,0.05819851062469866,654.3305459518474,0.0,55.28858509346373,654.3305459518474,0.0,0.0,654.3305459518474
0.0,35.17883721648035,654.3305459518474,0.0,62.98986543497446,654.3305459518474,0.0,29.080533831268937,654.3305459518474,0.0,12.420040072381422,654.3305459518474,0.0,48.0137712653764,654.3305459518474,0.0,15.018572959999062,654.3305459518474
0.0,95.81321319180145,654.3305459518474,0.0,125.30413835829997,654.3305459518474,0.0,88.43136308300491,654.3305459518474,0.0,74.64767680549153,654.3305459518474,0.0,60.8836797025317,654.3305459518474,0.0,82.94348248363119,654.3305459518474
0.0,163.70200290471604,654.3305459518474,0.0,197.4414193468176,654.3305459518474,0.0,159.3039965580029,654.3305459518474,0.0,140.640996128555,654.3305459518474,0.0,70.0539639204702,654.3305459518474,0.0,148.1377423781726,654.3305459518474
0.0,220.52971838011115,654.3305459518474,0.0,259.1074710641745,654.3305459518474,0.0,220.61935633118324,654.3305459518474,0.0,180.1111588690095,654.3305459518474,0.0,84.22781917170443,638.5583651235518,0.0,199.33742292362393,654.3305459518474
0.0,258.0572515700433,654.3305459518474,0.0,298.79938849717416,654.3305459518474,0.0,262.3781601960664,654.3305459518474,0.0,159.36705316788272,654.3305459518474,0.0,99.85195681828603,638.4103219418378,0.0,234.4945368981672,654.3305459518474
0.0,278.39396769679723,654.3305459518474,0.0,317.6968615785342,654.3305459518474,0.0,280.37907603772044,654.3305459518474,0.0,126.12580967368442,654.3305459518474,0.0,103.8393941007846,641.4818372224654,0.0,255.37393883060878,654.3305459518474
0.0,282.5371013011044,654.3305459518474,0.0,318.1388700831963,654.3305459518474,0.0,279.8663287920518,654.3305459518474,0.0,149.96079541760366,654.3305459518474,0.0,92.85709619336859,634.3389334158339,0.0,258.85330923770874,654.3305459518474
0.0,271.2196534407505,654.3305459518474,0.0,301.9217079804141,654.3305459518474,0.0,263.5673885983093,654.3305459518474,0.0,227.95890537856386,654.3305459518474,0.0,86.21946422129625,620.5583976371302,0.0,249.55240915872548,654.3305459518474
0.0,240.7058800858012,654.3305459518474,0.0,269.32850796319934,654.3305459518474,0.0,222.6737025326848,654.3305459518474,0.0,222.5636644911189,654.3305459518474,0.0,74.5968049680235,595.1552026051537,0.0,223.24314740854985,654.3305459518474
0.0,190.2973991087601,654.3305459518474,0.0,219.4438135817805,654.3305459518474,0.0,162.37447651030163,654.3305459518474,0.0,177.8571366748699,654.3305459518474,0.0,61.40428680831224,556.5594894134659,0.0,177.9357352759884,654.3305459518474
0.0,119.6639186559444,654.3305459518474,0.0,153.63294965070295,654.3305459518474,0.0,94.55024428769516,648.8807902395425,0.0,110.28927807509783,654.3305459518474,0.0,63.7432665832538,520.3027559967197,0.0,113.97150396467754,654.3305459518474
0.0,40.38394058081254,654.3305459518474,0.0,82.88457305706626,654.3305459518474,0.0,31.93879756054773,654.3305459518474,0.0,35.886935542487045,654.3305459518474,0.0,47.12825337562397,558.0053586972189,0.0,41.75712525546977,654.3305459518474
0.0,7.100218296213236,654.3305459518474,0.0,51.56388041348302,654.3305459518474,0.0,1.222168723118672,654.3305459518474,0.0,1.920550850615056,654.3305459518474,0.0,35.09370190669329,586.0803202225735,0.0,7.914997444959019,654.3305459518474
0.0,34.8609078641945,654.3305459518474,0.0,51.73847594535711,654.3305459518474,0.0,0.2909925531234933,654.3305459518474,0.0,0.9311761699951786,654.3305459518474,0.0,16.237384464290926,599.0702277940062,0.0,8.496982551206004,654.3305459518474
0.0,44.98744871289207,654.3305459518474,0.0,52.7860491366017,654.3305459518474,0.0,2.269741914363248,654.3305459518474,0.0,0.174595531874096,654.3305459518474,0.0,9.13716616807769,606.3799607284684,0.0,9.486357231825883,654.3305459518474
0.0,35.79208403418968,654.3305459518474,0.0,54.29921041284385,654.3305459518474,0.0,7.740401913084923,654.3305459518474,0.0,0.0,654.3305459518474,0.0,2.036947871864453,608.00951902596,0.0,9.893746806198772,654.3305459518474
0.0,28.924659780475235,654.3305459518474,0.0,54.706599987216734,654.3305459518474,0.0,10.126540848697566,654.3305459518474,0.0,0.0,654.3305459518474,0.0,2.61893297811144,610.1046654084491,0.0,11.290511061191541,654.3305459518474
0.0,33.05675403482884,654.3305459518474,0.0,54.93939402971553,654.3305459518474,0.0,8.962570636203594,654.3305459518474,0.0,0.05819851062469866,654.3305459518474,0.0,5.761652551845168,614.7139874499253,0.0,13.443855954305391,654.3305459518474
0.0,40.09877382041737,654.3305459518474,0.0,55.46318062533782,654.3305459518474,0.0,9.020769146828293,654.3305459518474,0.0,0.349191063748192,654.3305459518474,0.0,7.682203402460224,620.8597501718934,0.0,15.539002336794544,654.3305459518474
0.0,39.57498722479509,654.3305459518474,0.0,55.637776157211924,654.3305459518474,0.0,9.835548295574075,654.3305459518474,0.0,3.084521063109029,654.3305459518474,0.0,1.6295582974915626,622.1633968098866,0.0,17.052163613036708,654.3305459518474
0.0,39.98237679916799,654.3305459518474,0.0,55.579577646587225,654.3305459518474,0.0,13.443855954305391,654.3305459518474,0.0,6.867424253714441,654.3305459518474,0.0,4.772277871225291,625.9812191068669,0.0,16.52837701741442,654.3305459518474
0.0,42.07752318165713,654.3305459518474,0.0,55.40498211471312,654.3305459518474,0.0,20.136684676145737,654.3305459518474,0.0,9.486357231825883,654.3305459518474,0.0,16.702972549288514,639.3435971462977,0.0,14.957017230547557,654.3305459518474
0.0,43.12509637290171,654.3305459518474,0.0,55.34678360408843,654.3305459518474,0.0,25.025359568620424,654.3305459518474,0.0,10.824922976193951,654.3305459518474,0.0,2.3861389356126455,641.2525082947878,0.0,12.62907680555961,654.3305459518474
0.0,46.55880849975893,654.3305459518474,0.0,55.055791050964935,654.3305459518474,0.0,23.163007228630068,654.3305459518474,0.0,11.057717018692745,654.3305459518474,0.0,6.809225743089744,646.6998888892597,0.0,13.0946648905572,654.3305459518474
0.0,57.57890482730583,654.3305459518474,0.0,70.06650415085214,654.3305459518474,0.0,39.419468631971505,654.3305459518474,0.0,17.44233258675755,654.3305459518474,0.0,23.65385350337661,654.3305459518474,0.0,33.1261696243922,654.3305459518474
0.0,101.55711195603939,654.3305459518474,0.0,139.740548483067,654.3305459518474,0.0,105.76665938905326,654.3305459518474,0.0,43.11927058017338,654.3305459518474,0.0,39.80195547456556,654.3305459518474,0.0,102.1993296402946,654.3305459518474
0.0,100.92478819927956,654.3305459518474,0.0,210.72171911920253,654.3305459518474,0.0,182.55514085727668,654.3305459518474,0.0,94.25289275488818,654.3305459518474,0.0,83.33947725008036,654.3305459518474,0.0,173.73890580234155,654.3305459518474
0.0,175.6370224950793,654.3305459518474,0.0,266.0252339684018,654.3305459518474,0.0,246.94248146318415,654.3305459518474,0.0,132.85793769608404,654.3305459518474,0.0,89.31202287350217,643.6425688253496,0.0,229.53476780671573,654.3305459518474
0.0,166.0168699123669,654.3305459518474,0.0,300.49968553567237,654.3305459518474,0.0,282.43624627109364,654.3305459518474,0.0,189.41355982842109,654.3305459518474,0.0,62.741707130222075,606.3842759555716,0.0,264.95929475404694,654.3305459518474
0.0,155.29094562778525,654.3305459518474,0.0,317.3334516749907,654.3305459518474,0.0,299.1221759487152,654.3305459518474,0.0,230.77283397904318,654.3305459518474,0.0,81.73817890319445,588.1224548587661,0.0,285.73801938546285,654.3305459518474
0.0,216.6141652610775,654.3305459518474,0.0,317.3916501856154,654.3305459518474,0.0,289.90623345053393,654.3305459518474,0.0,246.14845786290226,654.3305459518474,0.0,105.54790645736476,592.5607800246579,0.0,292.60076326890714,654.3305459518474
0.0,258.0394977824361,654.3305459518474,0.0,302.8811441010149,654.3305459518474,0.0,250.50998894092788,654.3305459518474,0.0,253.9691369865191,654.3305459518474,0.0,111.89172184444197,602.0741575002115,0.0,284.49209335302356,654.3305459518474
0.0,186.26562669746207,654.3305459518474,0.0,271.4283347159586,654.3305459518474,0.0,178.54562487487092,654.3305459518474,0.0,228.01842704063185,654.3305459518474,0.0,90.8330440098562,592.9072015100677,0.0,258.93305326128547,654.3305459518474
0.0,145.2650820801134,654.3305459518474,0.0,221.81891316743955,654.3305459518474,0.0,134.6050384372832,654.3305459518474,0.0,185.6806398303584,654.3305459518474,0.0,64.69051793144278,557.5977194415104,0.0,213.65390107932967,654.3305459518474
0.0,115.8351794561112,654.3305459518474,0.0,155.34428603915478,654.3305459518474,0.0,98.50102857252107,652.8315745243684,0.0,114.34859952106126,654.3305459518474,0.0,54.53854116401121,512.1362606055217,0.0,146.89296176819153,654.3305459518474
0.0,47.00735371308953,654.3305459518474,0.0,78.53222499059581,654.3305459518474,0.0,53.35885123129353,654.3305459518474,0.0,50.51330546138175,654.3305459518474,0.0,43.295011534505704,546.7722698331262,0.0,71.91181361917552,654.3305459518474
0.0,20.660471271768024,654.3305459518474,0.0,43.5324859472746,654.3305459518474,0.0,39.1093991397975,654.3305459518474,0.0,44.05627254289689,654.3305459518474,0.0,44.521860627894476,582.3897583354418,0.0,33.40594509857703,654.3305459518474
0.0,18.448927868029475,654.3305459518474,0.0,42.48491275603003,654.3305459518474,0.0,43.12509637290171,654.3305459518474,0.0,46.907999563507126,654.3305459518474,0.0,42.310317224155924,616.2380121147665,0.0,31.834585311710175,654.3305459518474
0.0,20.02028765489634,654.3305459518474,0.0,38.87660509729871,654.3305459518474,0.0,44.17266956414628,654.3305459518474,0.0,48.18836679725049,654.3305459518474,0.0,40.38976637354087,648.5498252135992,0.0,32.183776375458365,654.3305459518474
0.0,16.295582974915625,654.3305459518474,0.0,17.92514127240719,654.3305459518474,0.0,45.162044244766165,654.3305459518474,0.0,48.304763818499886,654.3305459518474,0.0,45.336639776640254,654.3305459518474,0.0,33.81333467294992,654.3305459518474
0.0,12.338084252436117,654.3305459518474,0.0,4.248491275603002,654.3305459518474,0.0,47.7227787122529,654.3305459518474,0.0,50.34171169036434,654.3305459518474,0.0,48.71215339287278,654.3305459518474,0.0,34.569915311071,654.3305459518474
0.0,10.417533401821059,654.3305459518474,0.0,0.87297765937048,654.3305459518474,0.0,49.00314594599627,654.3305459518474,0.0,51.913071477231206,654.3305459518474,0.0,53.251637221599275,654.3305459518474,0.0,35.67568701294028,654.3305459518474
0.0,9.020769146828293,654.3305459518474,0.0,0.5819851062469866,654.3305459518474,0.0,48.886748924746875,654.3305459518474,0.0,51.971269987855905,654.3305459518474,0.0,56.103364242209516,654.3305459518474,0.0,34.919106374819194,654.3305459518474
0.0,6.692828721840346,654.3305459518474,0.0,0.87297765937048,654.3305459518474,0.0,48.53755786099868,654.3305459518474,0.0,52.4368580728535,654.3305459518474,0.0,56.97634190157999,654.3305459518474,0.0,33.114952545453534,654.3305459518474
0.0,3.9574987224795093,654.3305459518474,0.0,0.40738957437289064,654.3305459518474,0.0,49.81792509474205,654.3305459518474,0.0,52.49505658347819,654.3305459518474,0.0,56.7435478590812,654.3305459518474,0.0,30.787012120465597,654.3305459518474
0.0,1.1639702124939733,654.3305459518474,0.0,0.5237865956222879,654.3305459518474,0.0,52.4368580728535,654.3305459518474,0.0,51.913071477231206,654.3305459518474,0.0,56.56895232720709,654.3305459518474,0.0,29.56484339734692,654.3305459518474
0.0,0.05819851062469866,654.3305459518474,0.0,3.1427195737337277,654.3305459518474,0.0,54.82299700846614,654.3305459518474,0.0,51.73847594535711,654.3305459518474,0.0,56.918143390955294,654.3305459518474,0.0,31.659989779836074,654.3305459518474
0.0,0.0,654.3305459518474,0.0,10.126540848697566,654.3305459518474,0.0,56.510753816582394,654.3305459518474,0.0,52.0876670091053,654.3305459518474,0.0,57.26733445470348,654.3305459518474,0.0,33.75513616232522,654.3305459518474
0.0,7.509286479999531,654.3305459518474,0.0,22.505603011106334,654.3305459518474,0.0,58.80725480112295,654.3305459518474,0.0,53.57724870501192,654.3305459518474,0.0,63.58589165203175,654.3305459518474,0.0,39.1000383992573,654.3305459518474
0.0,47.1697644725518,654.3305459518474,0.0,58.858126638590974,654.3305459518474,0.0,81.1683785693593,654.3305459518474,0.0,67.16443847972906,654.3305459518474,0.0,111.14732597873271,654.3305459518474,0.0,53.61222309327118,654.3305459518474
0.0,109.2967239046362,654.3305459518474,0.0,129.2352334685723,654.3305459518474,0.0,125.14190532782276,654.3305459518474,0.0,89.08355374330338,654.3305459518474,0.0,198.3031799272494,654.3305459518474,0.0,62.282478024907995,654.3305459518474
0.0,168.9494073304642,654.3305459518474,0.0,228.52781706747368,654.3305459518474,0.0,174.518532833843,654.3305459518474,0.0,114.65663494585175,654.3305459518474,0.0,255.5886236275302,654.3305459518474,0.0,74.22438978190988,628.5549357337572
0.0,225.1462999295278,654.3305459518474,0.0,252.8298917768189,654.3305459518474,0.0,216.90180059537417,654.3305459518474,0.0,139.82232657402722,654.3305459518474,0.0,270.1494683626436,654.3305459518474,0.0,80.58542576963914,609.1403615033964
0.0,257.1197164203647,654.3305459518474,0.0,262.6309988710889,654.3305459518474,0.0,231.01277696571358,654.3305459518474,0.0,148.2549293639101,654.3305459518474,0.0,265.138037469236,654.3305459518474,0.0,95.62757830997373,604.7679398133702
0.0,263.1645016652215,654.3305459518474,0.0,201.24807984674362,654.3305459518474,0.0,236.19094353088343,654.3305459518474,0.0,142.74329145521574,654.3305459518474,0.0,271.44873480645236,654.3305459518474,0.0,158.39304274951644,651.4823740129833
0.0,247.99173326384215,654.3305459518474,0.0,159.0001083165273,654.3305459518474,0.0,217.4177273308846,654.3305459518474,0.0,126.07626098765968,654.3305459518474,0.0,278.26749901906743,654.3305459518474,0.0,159.21868351923075,654.3305459518474
0.0,232.2055403157684,654.3305459518474,0.0,141.62365637152126,654.3305459518474,0.0,217.75905853452093,654.3305459518474,0.0,107.98570719493355,654.3305459518474,0.0,237.12529919072037,654.3305459518474,0.0,147.8823364488114,654.3305459518474
0.0,191.7003446144513,654.3305459518474,0.0,168.264710855808,654.3305459518474,0.0,179.5299637272506,654.3305459518474,0.0,94.22392188834232,648.5544678401898,0.0,200.64533919203274,654.3305459518474,0.0,100.50335751409638,654.3305459518474
0.0,133.72119915694418,654.3305459518474,0.0,114.40511942227255,654.3305459518474,0.0,136.8635632727078,654.3305459518474,0.0,75.85023540260451,624.4047032427943,0.0,141.45506436136054,654.3305459518474,0.0,64.84921601410812,619.1797619659555
0.0,66.75104538364278,654.3305459518474,0.0,53.40433178255123,654.3305459518474,0.0,87.5954729278251,654.3305459518474,0.0,59.97440450345867,654.3305459518474,0.0,72.63359759802239,654.3305459518474,0.0,39.670984155550684,650.9165492903961
0.0,28.400873184852944,654.3305459518474,0.0,44.98744871289207,654.3305459518474,0.0,57.383731475952885,654.3305459518474,0.0,56.394356795333,654.3305459518474,0.0,51.331086370984224,654.3305459518474,0.0,31.48539424796198,654.3305459518474
0.0,23.163007228630068,654.3305459518474,0.0,39.4585902035457,654.3305459518474,0.0,57.09273892282938,654.3305459518474,0.0,56.4525553059577,654.3305459518474,0.0,51.971269987855905,654.3305459518474,0.0,30.96160765233969,654.3305459518474
0.0,18.914515953027067,654.3305459518474,0.0,27.993483610480055,654.3305459518474,0.0,56.394356795333,654.3305459518474,0.0,56.394356795333,654.3305459518474,0.0,51.62207892410771,654.3305459518474,0.0,36.31587062981197,654.3305459518474
0.0,19.089111484901164,654.3305459518474,0.0,21.067860846140917,654.3305459518474,0.0,55.113989561589634,654.3305459518474,0.0,56.394356795333,654.3305459518474,0.0,52.66965211535229,654.3305459518474,0.0,31.834585311710175,654.3305459518474
0.0,19.96208914427164,654.3305459518474,0.0,18.79811893177767,654.3305459518474,0.0,53.193438710974576,654.3305459518474,0.0,56.394356795333,654.3305459518474,0.0,54.124614880969766,654.3305459518474,0.0,15.829994889918037,654.3305459518474
0.0,24.443374462373438,654.3305459518474,0.0,24.908962547371026,654.3305459518474,0.0,51.09829232848543,654.3305459518474,0.0,56.219761263458906,654.3305459518474,0.0,54.47380594471795,654.3305459518474,0.0,15.073414251796954,654.3305459518474
0.0,32.30017339670776,654.3305459518474,0.0,28.22627765297885,654.3305459518474,0.0,48.362962329124585,654.3305459518474,0.0,55.98696722096011,654.3305459518474,0.0,53.65902679597217,654.3305459518474,0.0,22.29002956925959,654.3305459518474
0.0,42.48491275603003,654.3305459518474,0.0,29.44844637609752,654.3305459518474,0.0,44.98744871289207,654.3305459518474,0.0,56.16156275283421,654.3305459518474,0.0,52.84424764722639,654.3305459518474,0.0,25.84013871736621,654.3305459518474
0.0,44.40546360664508,654.3305459518474,0.0,40.68075892666436,654.3305459518474,0.0,43.00869935165231,654.3305459518474,0.0,56.4525553059577,654.3305459518474,0.0,52.2622625409794,654.3305459518474,0.0,20.835066803642118,654.3305459518474
0.0,41.78653062853363,654.3305459518474,0.0,49.468734030993865,654.3305459518474,0.0,39.86597977791859,654.3305459518474,0.0,56.56895232720709,654.3305459518474,0.0,50.51630722223844,654.3305459518474,0.0,9.13716616807769,654.3305459518474
0.0,32.70756297108065,654.3305459518474,0.0,49.93432211599145,654.3305459518474,0.0,34.33712126857221,654.3305459518474,0.0,56.6271508378318,654.3305459518474,0.0,48.0137712653764,654.3305459518474,0.0,3.1427195737337277,654.3305459518474
0.0,33.638739141075824,654.3305459518474,0.0,49.11954296724567,654.3305459518474,0.0,29.506644886722224,654.3305459518474,0.0,56.6853493484565,654.3305459518474,0.0,45.220242755390856,654.3305459518474,0.0,2.9099255312349332,654.3305459518474
0.0,31.549951738270178,654.3305459518474,0.0,50.36847076054164,654.3305459518474,0.0,31.386395556349683,654.3305459518474,0.0,56.6271508378318,654.3305459518474,0.0,55.69147202655157,654.3305459518474,0.0,24.36495359024,654.3305459518474
0.0,60.58050237699638,654.3305459518474,0.0,65.49876037152,654.3305459518474,0.0,64.41692370795639,654.3305459518474,0.0,66.90956573732306,654.3305459518474,0.0,111.28765803828779,654.3305459518474,0.0,92.39204129532617,654.3305459518474
0.0,121.28861885418081,654.3305459518474,0.0,99.82855496693554,654.3305459518474,0.0,122.93557548130948,654.3305459518474,0.0,89.23925006511203,654.3305459518474,0.0,173.6002523521999,654.3305459518474,0.0,165.27168408216954,654.3305459518474
0.0,163.86370274823813,654.3305459518474,0.0,113.27726902049608,654.3305459518474,0.0,185.82865402104022,654.3305459518474,0.0,123.07351801551093,654.3305459518474,0.0,220.66147966361413,654.3305459518474,0.0,227.91289164035098,654.3305459518474
0.0,243.9506001120039,654.3305459518474,0.0,105.21893775512532,654.3305459518474,0.0,243.4885469748182,654.3305459518474,0.0,163.99396315131276,654.3305459518474,0.0,271.66298509685583,654.3305459518474,0.0,282.2788713398716,654.3305459518474
0.0,309.6102703625578,654.3305459518474,0.0,104.44345790693879,654.3305459518474,0.0,286.7354316551796,654.3305459518474,0.0,216.71316395268977,654.3305459518474,0.0,295.97141878588457,654.3305459518474,0.0,282.480225941923,654.3305459518474
0.0,319.5953337292421,654.3305459518474,0.0,140.65450405241012,654.3305459518474,0.0,285.5903606527511,654.3305459518474,0.0,263.132706766804,654.3305459518474,0.0,296.2120726884952,654.3305459518474,0.0,275.0212781124363,654.3305459518474
0.0,308.6963147932147,654.3305459518474,0.0,197.07332907300395,654.3305459518474,0.0,267.27805216747976,654.3305459518474,0.0,275.04317908335844,654.3305459518474,0.0,284.1097842394146,654.3305459518474,0.0,233.87121842397744,654.3305459518474
0.0,277.3945213596969,654.3305459518474,0.0,171.62300387138848,654.3305459518474,0.0,232.7878808799855,654.3305459518474,0.0,245.80041222161233,654.3305459518474,0.0,248.71519585210243,654.3305459518474,0.0,155.76925167214984,654.3305459518474
0.0,226.3615764860078,654.3305459518474,0.0,133.48522562460363,654.3305459518474,0.0,181.24686913089778,654.3305459518474,0.0,185.98567349429214,654.3305459518474,0.0,199.5855812283763,654.3305459518474,0.0,100.51289598362163,654.3305459518474
0.0,146.26514065271675,654.3305459518474,0.0,96.97232530504026,651.3028712568877,0.0,114.16031833634699,654.3305459518474,0.0,132.22207899151232,654.3305459518474,0.0,130.7672939548799,654.3305459518474,0.0,47.34400454645578,601.6745504983032
0.0,74.81838193158363,654.3305459518474,0.0,43.62565884615856,654.3305459518474,0.0,30.441356004529265,654.3305459518474,0.0,68.81157283584278,654.3305459518474,0.0,52.6670058124657,654.3305459518474,0.0,16.13202679299513,614.5801719326994
0.0,56.394356795333,654.3305459518474,0.0,11.75609914618913,654.3305459518474,0.0,8.846173614954198,654.3305459518474,0.0,35.03550339606859,654.3305459518474,0.0,14.607826166799367,654.3305459518474,0.0,8.380585529956607,621.2846403566647
0.0,55.92876871033541,654.3305459518474,0.0,9.428158721201184,654.3305459518474,0.0,19.321905527399956,654.3305459518474,0.0,37.36344382105654,654.3305459518474,0.0,12.338084252436117,654.3305459518474,0.0,7.216615317462634,627.0579326106348
0.0,54.64840147659204,654.3305459518474,0.0,8.205989998082512,654.3305459518474,0.0,27.29510148298367,654.3305459518474,0.0,38.23642148042702,654.3305459518474,0.0,10.941319997443347,654.3305459518474,0.0,5.878049573094565,631.7603722691105
0.0,53.077041689725185,654.3305459518474,0.0,6.92562276433914,654.3305459518474,0.0,33.114952545453534,654.3305459518474,0.0,38.12002445917762,654.3305459518474,0.0,9.078967657452992,654.3305459518474,0.0,5.7034540412204695,636.3231355020869
0.0,51.73847594535711,654.3305459518474,0.0,5.528858509346373,654.3305459518474,0.0,42.36851573478063,654.3305459518474,0.0,37.36344382105654,654.3305459518474,0.0,6.460034679341552,654.3305459518474,0.0,4.597682339351194,640.0012813735678
0.0,48.47935935037398,654.3305459518474,0.0,4.481285318101797,654.3305459518474,0.0,48.362962329124585,654.3305459518474,0.0,36.37406914043667,654.3305459518474,0.0,4.3066897862277,654.3305459518474,0.0,2.036947871864453,641.6308396710594
0.0,43.76527998977339,654.3305459518474,0.0,3.6665061693560155,654.3305459518474,0.0,44.638257649143874,654.3305459518474,0.0,34.97730488544389,654.3305459518474,0.0,3.259116594983125,654.3305459518474,0.0,0.8147791487457813,642.2826629900561
0.0,40.56436190541496,654.3305459518474,0.0,3.317315105607824,654.3305459518474,0.0,35.73388552356498,654.3305459518474,0.0,30.728813609840895,654.3305459518474,0.0,3.317315105607824,654.3305459518474,0.0,4.714079360600592,646.0539264785366
0.0,38.76020807604931,654.3305459518474,0.0,2.793528509985536,654.3305459518474,0.0,34.569915311071,654.3305459518474,0.0,26.713116376736686,654.3305459518474,0.0,3.841101701230112,654.3305459518474,0.0,15.364406804920447,654.3305459518474
0.0,36.83965722543426,654.3305459518474,0.0,3.3755136162325226,654.3305459518474,0.0,44.69645615976857,654.3305459518474,0.0,22.930213186131272,654.3305459518474,0.0,4.423086807477099,654.3305459518474,0.0,30.6706150992162,654.3305459518474
0.0,34.6863123323204,654.3305459518474,0.0,4.190292764978303,654.3305459518474,0.0,55.40498211471312,654.3305459518474,0.0,18.157935314905984,654.3305459518474,0.0,5.121468934973482,654.3305459518474,0.0,44.81285318101797,654.3305459518474
0.0,31.89278382233487,654.3305459518474,0.0,4.597682339351194,654.3305459518474,0.0,57.09273892282938,654.3305459518474,0.0,15.364406804920447,654.3305459518474,0.0,5.528858509346373,654.3305459518474,0.0,51.214689349734826,654.3305459518474
0.0,35.16143888684324,654.3305459518474,0.0,3.259116594983125,654.3305459518474,0.0,71.23833422345797,654.3305459518474,0.0,13.734848507428882,654.3305459518474,0.0,24.984737116617886,654.3305459518474,0.0,65.49240139183651,654.3305459518474
0.0,97.78710445378604,654.3305459518474,0.0,11.644560224194887,640.9751061760422,0.0,131.9906081004568,654.3305459518474,0.0,38.93365818546517,654.3305459518474,0.0,95.65133561929436,654.3305459518474,0.0,128.24700421041064,654.3305459518474
0.0,106.09076999203756,654.3305459518474,0.0,32.597880387484864,647.0534104860301,0.0,203.55694333268104,654.3305459518474,0.0,33.51333683725635,654.3305459518474,0.0,167.76503702747647,654.3305459518474,0.0,193.57806121669523,654.3305459518474
0.0,173.14588134614092,654.3305459518474,0.0,49.45522610713874,596.5086365931688,0.0,263.7854306140576,654.3305459518474,0.0,74.33310467203248,628.6636506238799,0.0,224.93408370650786,654.3305459518474,0.0,252.77619590747923,654.3305459518474
0.0,207.57317375274044,654.3305459518474,0.0,62.883540070205484,559.3921766633744,0.0,300.81911576838655,654.3305459518474,0.0,100.99941734606818,629.4631845007344,0.0,260.37433037406277,654.3305459518474,0.0,293.5110061614534,654.3305459518474
0.0,258.05089259035987,654.3305459518474,0.0,72.84820334639596,532.2403800097703,0.0,315.1157270205537,654.3305459518474,0.0,137.68859180691908,654.3305459518474,0.0,279.09720792354875,654.3305459518474,0.0,313.64168731588575,654.3305459518474
0.0,256.02966443871907,654.3305459518474,0.0,71.2233254191745,503.4637054289448,0.0,310.0539574766333,654.3305459518474,0.0,119.47378113283166,654.3305459518474,0.0,281.8435772728632,654.3305459518474,0.0,318.92839104219314,654.3305459518474
0.0,226.43452702338305,654.3305459518474,0.0,73.8029590967267,477.2666645256715,0.0,287.20834641333386,654.3305459518474,0.0,109.90864757090225,654.3305459518474,0.0,268.438842890132,654.3305459518474,0.0,289.23257632583136,654.3305459518474
0.0,194.14803927951542,654.3305459518474,0.0,63.904354191272766,441.1710187169443,0.0,231.4046245488479,654.3305459518474,0.0,126.63387654908301,654.3305459518474,0.0,238.82480626473046,654.3305459518474,0.0,254.40893369481256,654.3305459518474
0.0,123.47358091672712,654.3305459518474,0.0,46.34544685428075,387.516465571225,0.0,149.62829176755235,654.3305459518474,0.0,93.92427951061885,648.2548254624662,0.0,188.60664053978712,654.3305459518474,0.0,209.90376048061495,654.3305459518474
0.0,76.48627183616128,630.8168177880086,0.0,24.124299687629357,311.64076525885434,0.0,85.13091312007903,639.4614590719265,0.0,45.98689504999237,594.2417205124586,0.0,120.51499534439274,654.3305459518474,0.0,147.50152821563077,654.3305459518474
0.0,33.06647023333915,654.3305459518474,0.0,9.613793603028881,319.3318001412774,0.0,46.384390696869886,654.3305459518474,0.0,12.684273555327614,604.3891393567208,0.0,43.88221019797796,654.3305459518474,0.0,68.24512972083446,654.3305459518474
0.0,7.85679893433432,654.3305459518474,0.0,8.438784040581305,326.0828273737425,0.0,29.27385084422343,654.3305459518474,0.0,3.49191063748192,607.1826678667063,0.0,5.761652551845168,654.3305459518474,0.0,39.74958275666919,654.3305459518474
0.0,3.1427195737337277,654.3305459518474,0.0,12.687275316184309,336.2326476266899,0.0,26.596719355487288,654.3305459518474,0.0,7.914997444959019,613.5146658226736,0.0,4.888674892474688,654.3305459518474,0.0,33.40594509857703,654.3305459518474
0.0,0.2909925531234933,654.3305459518474,0.0,18.79811893177767,351.27114277211206,0.0,24.734367015496932,654.3305459518474,0.0,27.993483610480055,635.9094527110576,0.0,2.8517270206102348,654.3305459518474,0.0,31.543592758586676,654.3305459518474
0.0,0.0,654.3305459518474,0.0,22.69741914363248,369.42907808701807,0.0,21.067860846140917,654.3305459518474,0.0,41.96112616040774,654.3305459518474,0.0,1.1639702124939733,654.3305459518474,0.0,35.326495949192086,654.3305459518474
0.0,0.11639702124939733,654.3305459518474,0.0,27.41149850423307,391.3582768904045,0.0,16.64477403866382,654.3305459518474,0.0,36.78145871480955,654.3305459518474,0.0,0.2909925531234933,654.3305459518474,0.0,41.55373658603484,654.3305459518474
0.0,1.222168723118672,654.3305459518474,0.0,32.00918084358427,416.96562156527193,0.0,13.909444039302981,654.3305459518474,0.0,28.168079142354156,654.3305459518474,0.0,0.0,654.3305459518474,0.0,47.08259509538122,654.3305459518474
0.0,2.5025359568620424,654.3305459518474,0.0,34.97730488544389,444.94746547362706,0.0,12.454481273685513,654.3305459518474,0.0,27.062307440484883,654.3305459518474,0.0,0.0,654.3305459518474,0.0,49.643329562867955,654.3305459518474
0.0,3.550109148106618,654.3305459518474,0.0,38.469215522925815,475.72283789196774,0.0,11.988893188687923,654.3305459518474,0.0,26.945910419235485,654.3305459518474,0.0,0.0,654.3305459518474,0.0,51.73847594535711,654.3305459518474
0.0,5.179667445598181,654.3305459518474,0.0,41.32094254353605,508.77959192679657,0.0,11.697900635564432,654.3305459518474,0.0,24.676168504872233,654.3305459518474,0.0,0.0,654.3305459518474,0.0,52.90244615785109,654.3305459518474
0.0,7.565806381210827,654.3305459518474,0.0,42.310317224155924,542.6278457061213,0.0,11.75609914618913,654.3305459518474,0.0,22.23183105863489,654.3305459518474,0.0,0.05819851062469866,654.3305459518474,0.0,53.600828285347475,654.3305459518474
0.0,10.068342338072869,654.3305459518474,0.0,42.717706798528816,576.8020111449443,0.0,12.803672337433706,654.3305459518474,0.0,21.358853399264408,654.3305459518474,0.0,0.05819851062469866,654.3305459518474,0.0,54.35740892346856,654.3305459518474
0.0,15.18981127304635,654.3305459518474,0.0,44.34726509602038,612.2798232217607,0.0,12.221687231186719,654.3305459518474,0.0,18.79811893177767,654.3305459518474,0.0,0.0,654.3305459518474,0.0,54.64840147659204,654.3305459518474
0.0,30.574795897445654,654.3305459518474,0.0,47.38462699845831,650.1875248205273,0.0,24.486030981759498,654.3305459518474,0.0,32.687340609571905,654.3305459518474,0.0,17.12475869244182,654.3305459518474,0.0,67.73538423602245,654.3305459518474
0.0,74.39880758479892,654.3305459518474,0.0,66.165703058569,654.3305459518474,0.0,93.88012211080445,654.3305459518474,0.0,94.20873535507377,654.3305459518474,0.0,78.1648456327224,654.3305459518474,0.0,122.97284071448522,654.3305459518474
0.0,126.5422045306274,654.3305459518474,0.0,122.00872422361428,654.3305459518474,0.0,166.75826401721946,654.3305459518474,0.0,172.5339576798749,654.3305459518474,0.0,147.17194727788825,654.3305459518474,0.0,187.4419594113529,654.3305459518474
0.0,169.29506344640052,654.3305459518474,0.0,157.4489708911692,654.3305459518474,0.0,221.1730814868246,654.3305459518474,0.0,229.97509770196436,654.3305459518474,0.0,213.16526660095175,654.3305459518474,0.0,247.37309515992249,654.3305459518474
0.0,195.59010635678086,654.3305459518474,0.0,203.70327891394953,654.3305459518474,0.0,254.25394828894414,654.3305459518474,0.0,264.6902031718456,654.3305459518474,0.0,249.06324149339235,654.3305459518474,0.0,283.5117239549738,654.3305459518474
0.0,221.59415671403767,654.3305459518474,0.0,200.31354645792163,654.3305459518474,0.0,265.74599168117214,654.3305459518474,0.0,273.8715267397377,654.3305459518474,0.0,277.95999678123206,654.3305459518474,0.0,297.9640315289495,654.3305459518474
0.0,244.34377084658144,654.3305459518474,0.0,189.00395845767957,654.3305459518474,0.0,256.5143294627672,654.3305459518474,0.0,271.1565968308707,654.3305459518474,0.0,280.97377910333444,654.3305459518474,0.0,276.5687028609975,654.3305459518474
0.0,241.5360234968005,654.3305459518474,0.0,151.67142089011526,654.3305459518474,0.0,219.3674267770306,654.3305459518474,0.0,257.46872975512787,654.3305459518474,0.0,266.2461986964589,654.3305459518474,0.0,178.43205188549317,654.3305459518474
0.0,230.00468080401333,654.3305459518474,0.0,131.01695314006065,654.3305459518474,0.0,183.02744337992792,654.3305459518474,0.0,232.37377686795895,654.3305459518474,0.0,234.70843173060055,654.3305459518474,0.0,155.40398543020783,654.3305459518474
0.0,202.9231186954929,654.3305459518474,0.0,106.1658336453442,654.3305459518474,0.0,163.87827704600357,654.3305459518474,0.0,194.30355787233904,654.3305459518474,0.0,185.96880835161025,654.3305459518474,0.0,141.92533281662824,654.3305459518474
0.0,147.55354547555703,654.3305459518474,0.0,83.94468647869279,638.2752324305402,0.0,110.67776843940528,654.3305459518474,0.0,132.1073605796763,654.3305459518474,0.0,121.35335407347407,654.3305459518474,0.0,134.07471513299237,654.3305459518474
0.0,78.42536643887166,654.3305459518474,0.0,64.61306475278252,654.3305459518474,0.0,42.83145751689163,654.3305459518474,0.0,57.5382823753033,654.3305459518474,0.0,46.733937218588196,654.3305459518474,0.0,90.83418943231445,654.3305459518474
0.0,38.87660509729871,654.3305459518474,0.0,55.055791050964935,654.3305459518474,0.0,10.824922976193951,654.3305459518474,0.0,27.00410892986018,654.3305459518474,0.0,7.85679893433432,654.3305459518474,0.0,56.56895232720709,654.3305459518474
0.0,38.58561254417521,654.3305459518474,0.0,56.103364242209516,654.3305459518474,0.0,13.0946648905572,654.3305459518474,0.0,32.30017339670776,654.3305459518474,0.0,6.809225743089744,654.3305459518474,0.0,54.82299700846614,654.3305459518474
0.0,39.2257961610469,654.3305459518474,0.0,56.6271508378318,654.3305459518474,0.0,14.898818719922858,654.3305459518474,0.0,37.30524531043184,654.3305459518474,0.0,6.169042126218058,654.3305459518474,0.0,51.68027743473242,654.3305459518474
0.0,38.934803607923406,654.3305459518474,0.0,56.7435478590812,654.3305459518474,0.0,15.18981127304635,654.3305459518474,0.0,39.57498722479509,654.3305459518474,0.0,6.401836168716853,654.3305459518474,0.0,47.48998466975411,654.3305459518474
0.0,37.01425275730835,654.3305459518474,0.0,56.918143390955294,654.3305459518474,0.0,15.422605315545146,654.3305459518474,0.0,37.65443637418004,654.3305459518474,0.0,7.333012338712031,654.3305459518474,0.0,43.299691904775806,654.3305459518474
0.0,34.33712126857221,654.3305459518474,0.0,56.97634190157999,654.3305459518474,0.0,19.147309995525863,654.3305459518474,0.0,33.92973169419932,654.3305459518474,0.0,9.486357231825883,654.3305459518474,0.0,38.76020807604931,654.3305459518474
0.0,32.70756297108065,654.3305459518474,0.0,56.859944880330595,654.3305459518474,0.0,20.835066803642118,654.3305459518474,0.0,32.125577864833666,654.3305459518474,0.0,12.803672337433706,654.3305459518474,0.0,33.87153318357462,654.3305459518474
0.0,31.776386801085472,654.3305459518474,0.0,56.4525553059577,654.3305459518474,0.0,22.69741914363248,654.3305459518474,0.0,29.97223297171981,654.3305459518474,0.0,16.58657552803912,654.3305459518474,0.0,32.47476892858185,654.3305459518474
0.0,30.14682850359391,654.3305459518474,0.0,56.219761263458906,654.3305459518474,0.0,27.586094036107163,654.3305459518474,0.0,27.00410892986018,654.3305459518474,0.0,19.321905527399956,654.3305459518474,0.0,31.310798716087884,654.3305459518474
0.0,27.41149850423307,654.3305459518474,0.0,55.98696722096011,654.3305459518474,0.0,29.56484339734692,654.3305459518474,0.0,28.109880631729453,654.3305459518474,0.0,19.787493612397544,654.3305459518474,0.0,30.437821056717404,654.3305459518474
0.0,23.337602760504165,654.3305459518474,0.0,56.7435478590812,654.3305459518474,0.0,27.70249105735656,654.3305459518474,0.0,31.25260020546318,654.3305459518474,0.0,21.940838505511394,654.3305459518474,0.0,28.284476163603546,654.3305459518474
0.0,18.914515953027067,654.3305459518474,0.0,55.92876871033541,654.3305459518474,0.0,21.649845952387903,654.3305459518474,0.0,27.993483610480055,654.3305459518474,0.0,22.17363254801019,654.3305459518474,0.0,25.25815361111922,654.3305459518474
0.0,35.17733633605201,654.3305459518474,0.0,54.18281339159446,654.3305459518474,0.0,27.69798841607152,654.3305459518474,0.0,40.457681082675876,654.3305459518474,0.0,36.92011216495121,654.3305459518474,0.0,40.64013647466183,654.3305459518474
0.0,103.45461641327407,654.3305459518474,0.0,70.54313158580334,654.3305459518474,0.0,75.1493847012066,654.3305459518474,0.0,103.30042097189377,654.3305459518474,0.0,95.13991152506895,654.3305459518474,0.0,102.2260887104719,654.3305459518474
0.0,173.52819045974996,654.3305459518474,0.0,127.7688758950311,654.3305459518474,0.0,145.87418171450776,654.3305459518474,0.0,176.25398198958553,654.3305459518474,0.0,169.69009051937653,654.3305459518474,0.0,166.5584102955964,654.3305459518474
0.0,220.28588498765873,654.3305459518474,0.0,235.730213545141,654.3305459518474,0.0,208.24179504920284,654.3305459518474,0.0,232.33765705724147,654.3305459518474,0.0,232.47931226823982,654.3305459518474,0.0,215.80928003982706,654.3305459518474
0.0,257.8512165977219,654.3305459518474,0.0,299.1186410009033,654.3305459518474,0.0,245.6607910779975,654.3305459518474,0.0,276.855370501821,654.3305459518474,0.0,253.00166327682138,654.3305459518474,0.0,255.09230701802545,654.3305459518474
0.0,277.29923534488154,654.3305459518474,0.0,318.9929485325014,654.3305459518474,0.0,266.24602096747384,654.3305459518474,0.0,302.1578592417397,654.3305459518474,0.0,263.37371612738474,654.3305459518474,0.0,280.48611231842966,654.3305459518474
0.0,279.1301482444245,654.3305459518474,0.0,310.0397386368379,654.3305459518474,0.0,262.43317921684934,654.3305459518474,0.0,313.12761691877375,654.3305459518474,0.0,284.1995999194717,654.3305459518474,0.0,284.81488080456455,654.3305459518474
0.0,263.910220682374,654.3305459518474,0.0,270.4249189245284,654.3305459518474,0.0,227.04645068964908,654.3305459518474,0.0,304.75321263951565,654.3305459518474,0.0,260.32681575542153,654.3305459518474,0.0,273.29925783200105,654.3305459518474
0.0,232.49671059787693,654.3305459518474,0.0,196.43314545613228,654.3305459518474,0.0,182.5176978951159,654.3305459518474,0.0,272.6948385678767,654.3305459518474,0.0,233.1649764363692,654.3305459518474,0.0,243.71666064704684,654.3305459518474
0.0,176.1817423681505,654.3305459518474,0.0,127.97340998692425,654.3305459518474,0.0,148.4663556224419,654.3305459518474,0.0,221.81290964572617,654.3305459518474,0.0,194.73920739731756,654.3305459518474,0.0,196.0435096693666,654.3305459518474
0.0,119.38546633320286,654.3305459518474,0.0,120.78337601065385,654.3305459518474,0.0,96.02242765396468,650.352973605812,0.0,151.16052998284505,654.3305459518474,0.0,143.25321466901283,654.3305459518474,0.0,127.55233475971119,654.3305459518474
0.0,51.44483708934703,654.3305459518474,0.0,79.85975138501028,654.3305459518474,0.0,41.797925436457355,654.3305459518474,0.0,67.31580988923773,654.3305459518474,0.0,73.91264168032247,654.3305459518474,0.0,47.792549759786375,654.3305459518474
0.0,12.745473826809006,654.3305459518474,0.0,54.59020296596734,654.3305459518474,0.0,14.025841060552379,654.3305459518474,0.0,20.485875739893928,654.3305459518474,0.0,34.97730488544389,654.3305459518474,0.0,4.423086807477099,654.3305459518474
0.0,10.650327444319855,654.3305459518474,0.0,54.59020296596734,654.3305459518474,0.0,15.073414251796954,654.3305459518474,0.0,18.448927868029475,654.3305459518474,0.0,34.104327226073416,654.3305459518474,0.0,2.3861389356126455,654.3305459518474
0.0,10.301136380571663,654.3305459518474,0.0,53.077041689725185,654.3305459518474,0.0,30.96160765233969,654.3305459518474,0.0,17.983339783031887,654.3305459518474,0.0,32.88215850295474,654.3305459518474,0.0,1.0475731912445758,654.3305459518474
0.0,9.719151274324677,654.3305459518474,0.0,52.2040640303547,654.3305459518474,0.0,40.85535445853846,654.3305459518474,0.0,17.2267591449108,654.3305459518474,0.0,29.85583595047041,654.3305459518474,0.0,0.2909925531234933,654.3305459518474
0.0,9.60275425307528,654.3305459518474,0.0,53.36803424284868,654.3305459518474,0.0,34.33712126857221,654.3305459518474,0.0,16.004590421792134,654.3305459518474,0.0,27.353299993608367,654.3305459518474,0.0,0.05819851062469866,654.3305459518474
0.0,9.60275425307528,654.3305459518474,0.0,55.055791050964935,654.3305459518474,0.0,28.575468716727045,654.3305459518474,0.0,13.909444039302981,654.3305459518474,0.0,23.744992334877054,654.3305459518474,0.0,0.0,654.3305459518474
0.0,9.311761699951786,654.3305459518474,0.0,56.0451657315848,654.3305459518474,0.0,33.638739141075824,654.3305459518474,0.0,12.221687231186719,654.3305459518474,0.0,19.380104038024655,654.3305459518474,0.0,0.0,654.3305459518474
0.0,8.205989998082512,654.3305459518474,0.0,55.579577646587225,654.3305459518474,0.0,36.83965722543426,654.3305459518474,0.0,10.999518508068046,654.3305459518474,0.0,16.295582974915625,654.3305459518474,0.0,0.11639702124939733,654.3305459518474
0.0,6.227240636842756,654.3305459518474,0.0,54.35740892346856,654.3305459518474,0.0,33.87153318357462,654.3305459518474,0.0,10.592128933695157,654.3305459518474,0.0,14.666024677424062,654.3305459518474,0.0,0.23279404249879465,654.3305459518474
0.0,4.539483828726496,654.3305459518474,0.0,53.42623275347337,654.3305459518474,0.0,29.97223297171981,654.3305459518474,0.0,10.824922976193951,654.3305459518474,0.0,13.50205446493009,654.3305459518474,0.0,0.2909925531234933,654.3305459518474
0.0,3.7247046799807144,654.3305459518474,0.0,53.193438710974576,654.3305459518474,0.0,24.035984888000545,654.3305459518474,0.0,10.824922976193951,654.3305459518474,0.0,12.221687231186719,654.3305459518474,0.0,0.6401836168716852,654.3305459518474
0.0,3.317315105607824,654.3305459518474,0.0,53.251637221599275,654.3305459518474,0.0,21.358853399264408,654.3305459518474,0.0,9.95194531682347,654.3305459518474,0.0,10.301136380571663,654.3305459518474,0.0,1.74595531874096,654.3305459518474
0.0,20.201419895438995,654.3305459518474,0.0,63.5576317014261,654.3305459518474,0.0,26.3074054117772,654.3305459518474,0.0,28.84473802791345,654.3305459518474,0.0,12.876089687853757,654.3305459518474,0.0,26.202225469466466,654.3305459518474
0.0,74.80655261714192,654.3305459518474,0.0,103.4430438763653,654.3305459518474,0.0,55.57225097343054,654.3305459518474,0.0,96.55893220895399,654.3305459518474,0.0,32.79287600985276,654.3305459518474,0.0,100.2050382878162,654.3305459518474
0.0,140.38462250572064,654.3305459518474,0.0,149.48027757687052,654.3305459518474,0.0,113.29652368853166,654.3305459518474,0.0,166.3682727724837,654.3305459518474,0.0,60.70811647718443,654.3305459518474,0.0,172.88500508202156,654.3305459518474
0.0,199.64413519697112,654.3305459518474,0.0,208.9379653803306,654.3305459518474,0.0,228.50759470596495,654.3305459518474,0.0,222.8971358346434,654.3305459518474,0.0,107.85430136940067,654.3305459518474,0.0,229.98799339031643,654.3305459518474
0.0,230.805952028904,654.3305459518474,0.0,226.01238542225963,654.3305459518474,0.0,267.47755043113267,654.3305459518474,0.0,259.5863102954943,654.3305459518474,0.0,147.0256116966198,654.3305459518474,0.0,267.69330160196455,654.3305459518474
0.0,239.56416630219945,654.3305459518474,0.0,205.53251320407907,654.3305459518474,0.0,270.35603652192026,654.3305459518474,0.0,280.5742493890734,654.3305459518474,0.0,179.50241469258518,654.3305459518474,0.0,287.08312183849944,654.3305459518474
0.0,229.27389154259635,654.3305459518474,0.0,183.4623819889662,654.3305459518474,0.0,241.0644318900896,654.3305459518474,0.0,280.5742493890734,654.3305459518474,0.0,217.5569139679814,654.3305459518474,0.0,289.2396462214551,654.3305459518474
0.0,212.56438228463927,654.3305459518474,0.0,178.9747376911809,654.3305459518474,0.0,255.4475016034871,654.3305459518474,0.0,253.26775309816603,654.3305459518474,0.0,228.73906559702047,654.3305459518474,0.0,273.821543547195,654.3305459518474
0.0,184.1489348020209,654.3305459518474,0.0,137.1655951757849,654.3305459518474,0.0,257.3523327338784,654.3305459518474,0.0,192.9103285651581,654.3305459518474,0.0,216.6021582176507,654.3305459518474,0.0,241.64359296446494,654.3305459518474
0.0,151.9788440794027,654.3305459518474,0.0,114.6377357357863,654.3305459518474,0.0,205.43219136102348,654.3305459518474,0.0,129.78763547277035,654.3305459518474,0.0,171.879910681178,654.3305459518474,0.0,192.08919043672887,654.3305459518474
0.0,87.71576035485647,642.0463063067039,0.0,100.9844875903326,654.3305459518474,0.0,135.64643037782935,654.3305459518474,0.0,90.34105231265143,644.6715982644988,0.0,110.32389700538698,654.3305459518474,0.0,126.17446971478385,654.3305459518474
0.0,33.4519588367899,654.3305459518474,0.0,75.72597852124326,654.3305459518474,0.0,74.28073195413612,654.3305459518474,0.0,39.964010776057705,654.3305459518474,0.0,39.901131895162905,654.3305459518474,0.0,52.54124805067612,654.3305459518474
0.0,5.005071913724085,654.3305459518474,0.0,56.16156275283421,654.3305459518474,0.0,34.104327226073416,654.3305459518474,0.0,5.005071913724085,654.3305459518474,0.0,1.5713597868668638,654.3305459518474,0.0,13.85124552867828,654.3305459518474
0.0,4.597682339351194,654.3305459518474,0.0,56.56895232720709,654.3305459518474,0.0,33.40594509857703,654.3305459518474,0.0,7.158416806837935,654.3305459518474,0.0,1.8041538293656585,654.3305459518474,0.0,14.258635103051171,654.3305459518474
0.0,4.248491275603002,654.3305459518474,0.0,56.918143390955294,654.3305459518474,0.0,31.42719573733728,654.3305459518474,0.0,9.95194531682347,654.3305459518474,0.0,1.0475731912445758,654.3305459518474,0.0,13.211061911806597,654.3305459518474
0.0,4.132094254353605,654.3305459518474,0.0,56.97634190157999,654.3305459518474,0.0,29.506644886722224,654.3305459518474,0.0,10.999518508068046,654.3305459518474,0.0,0.4655880849975893,654.3305459518474,0.0,7.624004891835525,654.3305459518474
0.0,4.481285318101797,654.3305459518474,0.0,56.859944880330595,654.3305459518474,0.0,27.877086589230657,654.3305459518474,0.0,11.581503614315034,654.3305459518474,0.0,0.4655880849975893,654.3305459518474,0.0,4.946873403099386,654.3305459518474
0.0,5.8198510624698665,654.3305459518474,0.0,56.510753816582394,654.3305459518474,0.0,25.898337227990908,654.3305459518474,0.0,12.16348872056202,654.3305459518474,0.0,1.3385657443680692,654.3305459518474,0.0,5.23786595622288,654.3305459518474
0.0,6.98382127496384,654.3305459518474,0.0,56.103364242209516,654.3305459518474,0.0,22.581022122383082,654.3305459518474,0.0,14.433230634925268,654.3305459518474,0.0,2.9681240418596317,654.3305459518474,0.0,7.274813828087333,654.3305459518474
0.0,6.98382127496384,654.3305459518474,0.0,55.579577646587225,654.3305459518474,0.0,20.660471271768024,654.3305459518474,0.0,16.702972549288514,654.3305459518474,0.0,3.608307658731317,654.3305459518474,0.0,11.290511061191541,654.3305459518474
0.0,7.274813828087333,654.3305459518474,0.0,55.172188072214325,654.3305459518474,0.0,19.380104038024655,654.3305459518474,0.0,18.565324889278873,654.3305459518474,0.0,3.259116594983125,654.3305459518474,0.0,16.87756808116261,654.3305459518474
0.0,9.369960210576485,654.3305459518474,0.0,54.64840147659204,654.3305459518474,0.0,18.157935314905984,654.3305459518474,0.0,18.623523399903572,654.3305459518474,0.0,2.5025359568620424,654.3305459518474,0.0,23.163007228630068,654.3305459518474
0.0,12.338084252436117,654.3305459518474,0.0,54.18281339159446,654.3305459518474,0.0,14.840620209298159,654.3305459518474,0.0,17.575950208658995,654.3305459518474,0.0,1.8623523399903572,654.3305459518474,0.0,27.993483610480055,654.3305459518474
0.0,15.829994889918037,654.3305459518474,0.0,52.90244615785109,654.3305459518474,0.0,12.396282763060816,654.3305459518474,0.0,15.888193400542736,654.3305459518474,0.0,1.8623523399903572,654.3305459518474,0.0,30.14682850359391,654.3305459518474
0.0,24.333336420807544,654.3305459518474,0.0,61.94697261399998,654.3305459518474,0.0,28.457748544034352,654.3305459518474,0.0,23.823768664980612,654.3305459518474,0.0,22.53253981026869,654.3305459518474,0.0,48.869706053079895,654.3305459518474
0.0,48.956342243295296,654.3305459518474,0.0,102.89417681997912,654.3305459518474,0.0,87.79435895597497,654.3305459518474,0.0,61.9821247312443,654.3305459518474,0.0,96.93488234287949,654.3305459518474,0.0,109.89407327313675,654.3305459518474
0.0,85.95222897749336,654.3305459518474,0.0,147.59284477611627,654.3305459518474,0.0,155.67996917904784,654.3305459518474,0.0,107.14170040210892,654.3305459518474,0.0,169.1728406324228,654.3305459518474,0.0,185.02623737369134,654.3305459518474
0.0,116.10577191874088,654.3305459518474,0.0,215.316399697697,654.3305459518474,0.0,211.05272188882546,654.3305459518474,0.0,114.95301878518558,654.3305459518474,0.0,225.6088862536687,654.3305459518474,0.0,265.0972372882484,654.3305459518474
0.0,161.41000456146057,654.3305459518474,0.0,230.75808195229263,654.3305459518474,0.0,247.78437514007732,654.3305459518474,0.0,100.43465284047325,654.3305459518474,0.0,263.5045097174145,654.3305459518474,0.0,309.5881916626506,654.3305459518474
0.0,196.2650866329267,654.3305459518474,0.0,270.7520312883694,654.3305459518474,0.0,267.51552658024866,654.3305459518474,0.0,104.32927268205795,654.3305459518474,0.0,282.603337400826,654.3305459518474,0.0,329.73459253730675,654.3305459518474
0.0,232.90860281353486,654.3305459518474,0.0,318.5305399373455,654.3305459518474,0.0,272.24382478064456,654.3305459518474,0.0,134.46391641324,654.3305459518474,0.0,282.9210890241268,654.3305459518474,0.0,332.51558081691024,654.3305459518474
0.0,239.9459422288533,654.3305459518474,0.0,305.5520943390526,654.3305459518474,0.0,263.11752023353546,654.3305459518474,0.0,187.79336227146973,654.3305459518474,0.0,265.73027196094847,654.3305459518474,0.0,318.5556203981094,654.3305459518474
0.0,235.4362192311608,654.3305459518474,0.0,268.6301258357029,654.3305459518474,0.0,235.35329571774236,654.3305459518474,0.0,183.13898230192214,654.3305459518474,0.0,231.42255606544015,654.3305459518474,0.0,286.97069427157993,654.3305459518474
0.0,196.52914238688786,654.3305459518474,0.0,216.15793791662006,654.3305459518474,0.0,185.87917040053816,654.3305459518474,0.0,140.1941295246378,654.3305459518474,0.0,180.05613984822654,654.3305459518474,0.0,236.50401478391413,654.3305459518474
0.0,135.45443651631814,654.3305459518474,0.0,140.97543516555265,654.3305459518474,0.0,116.80601038463573,654.3305459518474,0.0,97.09508130597317,651.4256272578206,0.0,112.37974408731688,654.3305459518474,0.0,166.94954696279044,654.3305459518474
0.0,71.98573185002391,654.3305459518474,0.0,71.19135279177192,654.3305459518474,0.0,43.726513876169314,654.3305459518474,0.0,53.480106351798085,654.3305459518474,0.0,46.48542345586571,654.3305459518474,0.0,87.61605074730394,654.3305459518474
0.0,35.15190041731799,654.3305459518474,0.0,36.08307658731317,654.3305459518474,0.0,5.528858509346373,654.3305459518474,0.0,29.85583595047041,654.3305459518474,0.0,21.475250420513806,654.3305459518474,0.0,40.68075892666436,654.3305459518474
0.0,32.59116594983125,654.3305459518474,0.0,32.41657041795716,654.3305459518474,0.0,6.110843615593359,654.3305459518474,0.0,29.681240418596317,654.3305459518474,0.0,33.92973169419932,654.3305459518474,0.0,33.28954807732764,654.3305459518474
0.0,31.136203184213784,654.3305459518474,0.0,31.48539424796198,654.3305459518474,0.0,5.878049573094565,654.3305459518474,0.0,27.877086589230657,654.3305459518474,0.0,40.04057530979268,654.3305459518474,0.0,28.284476163603546,654.3305459518474
0.0,30.5542180779668,654.3305459518474,0.0,31.136203184213784,654.3305459518474,0.0,5.9944465943439615,654.3305459518474,0.0,27.993483610480055,654.3305459518474,0.0,42.42671424540532,654.3305459518474,0.0,20.835066803642118,654.3305459518474
0.0,30.088629992969206,654.3305459518474,0.0,31.194401694838486,654.3305459518474,0.0,6.51823318996625,654.3305459518474,0.0,28.866461269850536,654.3305459518474,0.0,44.69645615976857,654.3305459518474,0.0,14.025841060552379,654.3305459518474
0.0,28.750064248601138,654.3305459518474,0.0,31.48539424796198,654.3305459518474,0.0,7.85679893433432,654.3305459518474,0.0,30.03043148234451,654.3305459518474,0.0,46.907999563507126,654.3305459518474,0.0,9.835548295574075,654.3305459518474
0.0,27.062307440484883,654.3305459518474,0.0,30.263225524843307,654.3305459518474,0.0,11.057717018692745,654.3305459518474,0.0,30.205027014218608,654.3305459518474,0.0,48.130168286625796,654.3305459518474,0.0,9.253563189327087,654.3305459518474
0.0,24.559771483622836,654.3305459518474,0.0,28.808262759225837,654.3305459518474,0.0,13.793047018053581,654.3305459518474,0.0,31.25260020546318,654.3305459518474,0.0,49.29413849911976,654.3305459518474,0.0,10.592128933695157,654.3305459518474
0.0,22.75561765425718,654.3305459518474,0.0,27.993483610480055,654.3305459518474,0.0,15.24800978367105,654.3305459518474,0.0,30.612416588591497,654.3305459518474,0.0,50.63270424348784,654.3305459518474,0.0,12.512679784310212,654.3305459518474
0.0,21.358853399264408,654.3305459518474,0.0,27.70249105735656,654.3305459518474,0.0,16.17918595366623,654.3305459518474,0.0,27.236902972358976,654.3305459518474,0.0,51.214689349734826,654.3305459518474,0.0,14.607826166799367,654.3305459518474
0.0,20.07848616552104,654.3305459518474,0.0,27.70249105735656,654.3305459518474,0.0,17.80874425115779,654.3305459518474,0.0,24.908962547371026,654.3305459518474,0.0,50.749101264737234,654.3305459518474,0.0,15.71359786866864,654.3305459518474
0.0,19.438302548649354,654.3305459518474,0.0,26.596719355487288,654.3305459518474,0.0,19.72929510177285,654.3305459518474,0.0,24.152381909249943,654.3305459518474,0.0,43.24149339415111,654.3305459518474,0.0,15.539002336794544,654.3305459518474
0.0,32.8933755818934,654.3305459518474,0.0,44.50799724606924,654.3305459518474,0.0,44.85250793954734,654.3305459518474,0.0,41.50993464419056,654.3305459518474,0.0,40.70919660625508,654.3305459518474,0.0,37.6830517827558,654.3305459518474
0.0,87.73130234609513,654.3305459518474,0.0,108.18591637452671,654.3305459518474,0.0,116.49744177289008,654.3305459518474,0.0,96.63417359124566,654.3305459518474,0.0,87.39915415401393,654.3305459518474,0.0,109.43652277723609,654.3305459518474
0.0,143.67500081216613,654.3305459518474,0.0,175.25674744885382,654.3305459518474,0.0,194.61344963552796,654.3305459518474,0.0,148.3041225919647,654.3305459518474,0.0,112.03001983661352,654.3305459518474,0.0,188.95715475497857,654.3305459518474
0.0,197.57389154626082,654.3305459518474,0.0,217.21222554551824,654.3305459518474,0.0,254.45962780329555,654.3305459518474,0.0,155.22506498603374,654.3305459518474,0.0,133.00056060055556,654.3305459518474,0.0,246.04124385320802,654.3305459518474
0.0,256.09254331961387,654.3305459518474,0.0,241.9076487184261,654.3305459518474,0.0,292.77050070152615,654.3305459518474,0.0,121.77460702967221,654.3305459518474,0.0,145.7020547565352,654.3305459518474,0.0,283.67731420427776,654.3305459518474
0.0,261.96123215216824,654.3305459518474,0.0,262.1972056845088,654.3305459518474,0.0,314.6471371746994,654.3305459518474,0.0,118.16311988109915,654.3305459518474,0.0,127.16631296930525,654.3305459518474,0.0,306.00063955238323,654.3305459518474
0.0,280.9404833244886,654.3305459518474,0.0,273.52719377524465,654.3305459518474,0.0,321.6608970096823,654.3305459518474,0.0,110.75769019196706,654.3305459518474,0.0,175.5535657947056,654.3305459518474,0.0,306.5337868885457,654.3305459518474
0.0,267.00878285629335,654.3305459518474,0.0,263.8503435623359,654.3305459518474,0.0,310.4173673801768,654.3305459518474,0.0,96.26608331743202,650.5966292692794,0.0,163.39793693425545,654.3305459518474,0.0,285.1556788212457,654.3305459518474
0.0,254.775878546168,654.3305459518474,0.0,230.51310313738202,654.3305459518474,0.0,276.0404136240902,654.3305459518474,0.0,76.90770252134446,627.504331790624,0.0,160.75074400553837,654.3305459518474,0.0,252.8392525173591,654.3305459518474
0.0,207.76967025553668,654.3305459518474,0.0,179.78687053704013,654.3305459518474,0.0,222.46713437340816,654.3305459518474,0.0,63.87573878269699,591.380070573321,0.0,129.16899736885068,654.3305459518474,0.0,204.6076960137674,654.3305459518474
0.0,141.33434242781118,654.3305459518474,0.0,122.21361377347755,654.3305459518474,0.0,155.69833520215815,654.3305459518474,0.0,57.01131628983926,548.3913868631602,0.0,75.60357797828047,629.9341239301278,0.0,159.51735820348105,654.3305459518474
0.0,67.31580988923773,654.3305459518474,0.0,54.69459294378997,654.3305459518474,0.0,85.23309130153307,654.3305459518474,0.0,40.24360852125748,580.5862736801662,0.0,58.62815662796382,654.3305459518474,0.0,89.02853472252042,654.3305459518474
0.0,24.443374462373438,654.3305459518474,0.0,8.438784040581305,654.3305459518474,0.0,44.58005913851918,654.3305459518474,0.0,33.75513616232522,607.5903826100264,0.0,47.54818318037881,654.3305459518474,0.0,49.17774147787037,654.3305459518474
0.0,22.17363254801019,654.3305459518474,0.0,4.830476381849989,654.3305459518474,0.0,47.08259509538122,654.3305459518474,0.0,37.770833395429435,637.8070493263699,0.0,51.331086370984224,654.3305459518474,0.0,47.54818318037881,654.3305459518474
0.0,21.824441484261996,654.3305459518474,0.0,1.9787493612397546,654.3305459518474,0.0,49.643329562867955,654.3305459518474,0.0,40.68075892666436,654.3305459518474,0.0,53.717225306596866,654.3305459518474,0.0,47.54818318037881,654.3305459518474
0.0,19.845692123022243,654.3305459518474,0.0,0.23279404249879465,654.3305459518474,0.0,50.98189530723602,654.3305459518474,0.0,46.73340403163303,654.3305459518474,0.0,54.706599987216734,654.3305459518474,0.0,46.55880849975893,654.3305459518474
0.0,18.216133825530683,654.3305459518474,0.0,0.0,654.3305459518474,0.0,51.15649083911013,654.3305459518474,0.0,49.75972658411735,654.3305459518474,0.0,55.34678360408843,654.3305459518474,0.0,43.939875521647494,654.3305459518474
0.0,16.353781485540324,654.3305459518474,0.0,0.0,654.3305459518474,0.0,50.39991020098904,654.3305459518474,0.0,50.749101264737234,654.3305459518474,0.0,55.113989561589634,654.3305459518474,0.0,38.294619991051725,654.3305459518474
0.0,13.85124552867828,654.3305459518474,0.0,0.0,654.3305459518474,0.0,47.839175733502294,654.3305459518474,0.0,50.39991020098904,654.3305459518474,0.0,53.83362232784627,654.3305459518474,0.0,31.310798716087884,654.3305459518474
0.0,11.523305103690335,654.3305459518474,0.0,0.0,654.3305459518474,0.0,44.34726509602038,654.3305459518474,0.0,49.41053552036916,654.3305459518474,0.0,53.077041689725185,654.3305459518474,0.0,27.00410892986018,654.3305459518474
0.0,11.290511061191541,654.3305459518474,0.0,0.0,654.3305459518474,0.0,41.90292764978304,654.3305459518474,0.0,48.362962329124585,654.3305459518474,0.0,52.3204610516041,654.3305459518474,0.0,26.713116376736686,654.3305459518474
0.0,12.978267869307802,654.3305459518474,0.0,0.174595531874096,654.3305459518474,0.0,40.447964884165565,654.3305459518474,0.0,48.18836679725049,654.3305459518474,0.0,51.331086370984224,654.3305459518474,0.0,27.527895525482467,654.3305459518474
0.0,15.71359786866864,654.3305459518474,0.0,0.9311761699951786,654.3305459518474,0.0,37.65443637418004,654.3305459518474,0.0,49.00314594599627,654.3305459518474,0.0,51.389284881608916,654.3305459518474,0.0,24.734367015496932,654.3305459518474
0.0,17.401354676784898,654.3305459518474,0.0,2.9099255312349332,654.3305459518474,0.0,34.33712126857221,654.3305459518474,0.0,47.7227787122529,654.3305459518474,0.0,51.15649083911013,654.3305459518474,0.0,20.194883186770436,654.3305459518474
0.0,38.93983943616362,654.3305459518474,0.0,27.866402697247175,654.3305459518474,0.0,50.01009668523832,654.3305459518474,0.0,42.25211871353123,654.3305459518474,0.0,55.892648899617924,654.3305459518474,0.0,37.760149503445945,654.3305459518474
0.0,92.03967074173623,654.3305459518474,0.0,98.18849050644555,654.3305459518474,0.0,110.71521140156605,654.3305459518474,0.0,48.1696453161701,654.3305459518474,0.0,98.12490070961053,654.3305459518474,0.0,105.28402843238868,654.3305459518474
0.0,126.09569338468032,654.3305459518474,0.0,174.51138388967138,654.3305459518474,0.0,174.7108821533243,654.3305459518474,0.0,67.33771086015986,654.3305459518474,0.0,161.2947529626694,654.3305459518474,0.0,174.6120611906971,654.3305459518474
0.0,138.94520173134183,654.3305459518474,0.0,231.03238709171927,654.3305459518474,0.0,238.28026412064423,654.3305459518474,0.0,98.65840350374312,652.9889494555905,0.0,200.22222989743614,654.3305459518474,0.0,228.58804964548193,654.3305459518474
0.0,143.29604891738396,654.3305459518474,0.0,266.65040878099,654.3305459518474,0.0,274.8420022102921,654.3305459518474,0.0,98.05751918743067,651.0464686430212,0.0,230.71710404232,654.3305459518474,0.0,268.608758051736,654.3305459518474
0.0,166.75826401721946,654.3305459518474,0.0,283.9608023552595,654.3305459518474,0.0,300.52830094424814,654.3305459518474,0.0,104.37439777534554,654.3305459518474,0.0,223.77408294834376,654.3305459518474,0.0,288.7394392061683,654.3305459518474
0.0,199.3011253839214,654.3305459518474,0.0,284.28641383867216,654.3305459518474,0.0,302.5856489066064,654.3305459518474,0.0,110.75583385356859,654.3305459518474,0.0,191.1226844205043,654.3305459518474,0.0,291.8696185495201,654.3305459518474
0.0,226.54942316420406,654.3305459518474,0.0,266.9288611037316,654.3305459518474,0.0,282.9141968574881,654.3305459518474,0.0,106.83127545196483,654.3305459518474,0.0,256.3672829655585,654.3305459518474,0.0,277.88289906054194,654.3305459518474
0.0,233.73309816079097,654.3305459518474,0.0,230.46462082526767,654.3305459518474,0.0,246.02048830474408,654.3305459518474,0.0,93.80717157342922,648.1377175252766,0.0,236.3215593919282,654.3305459518474,0.0,246.09661833196105,654.3305459518474
0.0,162.7173085943663,654.3305459518474,0.0,176.08442228595166,654.3305459518474,0.0,199.05357931467208,654.3305459518474,0.0,85.96441374990519,634.1021312751818,0.0,194.7641101290964,654.3305459518474,0.0,195.5953199140061,654.3305459518474
0.0,73.64240467566289,627.9729506275103,0.0,111.47214749765725,654.3305459518474,0.0,137.71146047131438,654.3305459518474,0.0,102.69750258819782,636.2601333457401,0.0,145.06505062950527,654.3305459518474,0.0,125.58780423826678,654.3305459518474
0.0,42.348471102256944,654.3305459518474,0.0,44.66554990627634,654.3305459518474,0.0,84.07998271000764,654.3305459518474,0.0,77.36507528826009,654.3305459518474,0.0,76.83660832236771,654.3305459518474,0.0,47.41191925559079,654.3305459518474
0.0,11.697900635564432,654.3305459518474,0.0,13.734848507428882,654.3305459518474,0.0,53.89182083847097,654.3305459518474,0.0,50.45810871161374,654.3305459518474,0.0,44.69645615976857,654.3305459518474,0.0,8.787975104329497,654.3305459518474
0.0,13.443855954305391,654.3305459518474,0.0,22.23183105863489,654.3305459518474,0.0,53.30983573222398,654.3305459518474,0.0,52.029468498480604,654.3305459518474,0.0,43.06689786227701,654.3305459518474,0.0,11.232312550566842,654.3305459518474
0.0,19.089111484901164,654.3305459518474,0.0,28.808262759225837,654.3305459518474,0.0,54.29921041284385,654.3305459518474,0.0,51.971269987855905,654.3305459518474,0.0,41.26274403291135,654.3305459518474,0.0,14.142238081801773,654.3305459518474
0.0,23.04661020738067,654.3305459518474,0.0,29.56484339734692,654.3305459518474,0.0,54.00821785972036,654.3305459518474,0.0,46.79160254225773,654.3305459518474,0.0,41.32094254353605,654.3305459518474,0.0,16.353781485540324,654.3305459518474
0.0,24.035984888000545,654.3305459518474,0.0,29.506644886722224,654.3305459518474,0.0,51.50568190285831,654.3305459518474,0.0,40.273369352291475,654.3305459518474,0.0,42.717706798528816,654.3305459518474,0.0,17.983339783031887,654.3305459518474
0.0,23.395801271128864,654.3305459518474,0.0,33.23134956670293,654.3305459518474,0.0,50.865498285986625,654.3305459518474,0.0,31.48539424796198,654.3305459518474,0.0,44.87105169164267,654.3305459518474,0.0,19.55469956989875,654.3305459518474
0.0,21.882639994886695,654.3305459518474,0.0,37.47984084230594,654.3305459518474,0.0,49.81792509474205,654.3305459518474,0.0,46.26781594663544,654.3305459518474,0.0,48.07196977600109,654.3305459518474,0.0,20.485875739893928,654.3305459518474
0.0,19.321905527399956,654.3305459518474,0.0,39.74958275666919,654.3305459518474,0.0,51.50568190285831,654.3305459518474,0.0,46.26781594663544,654.3305459518474,0.0,49.643329562867955,654.3305459518474,0.0,22.11543403738549,654.3305459518474
0.0,17.92514127240719,654.3305459518474,0.0,40.971751479787855,654.3305459518474,0.0,51.56388041348302,654.3305459518474,0.0,38.58561254417521,654.3305459518474,0.0,50.57450573286314,654.3305459518474,0.0,21.7662429736373,654.3305459518474
0.0,15.073414251796954,654.3305459518474,0.0,42.310317224155924,654.3305459518474,0.0,50.63270424348784,654.3305459518474,0.0,22.29002956925959,654.3305459518474,0.0,52.029468498480604,654.3305459518474,0.0,19.321905527399956,654.3305459518474
0.0,9.719151274324677,654.3305459518474,0.0,38.23642148042702,654.3305459518474,0.0,47.08259509538122,654.3305459518474,0.0,22.057235526760792,654.3305459518474,0.0,53.077041689725185,654.3305459518474,0.0,19.26370701677526,654.3305459518474
0.0,6.343637658092154,654.3305459518474,0.0,34.97730488544389,654.3305459518474,0.0,40.04057530979268,654.3305459518474,0.0,21.533448931138505,654.3305459518474,0.0,54.06641637034505,654.3305459518474,0.0,22.464625101133684,654.3305459518474
0.0,26.291863420538554,654.3305459518474,0.0,50.45210518990035,654.3305459518474,0.0,40.32220712237598,654.3305459518474,0.0,43.355066383528865,654.3305459518474,0.0,71.03229925113648,654.3305459518474,0.0,45.752244669095106,654.3305459518474
0.0,89.2902996315651,654.3305459518474,0.0,114.6742110044739,654.3305459518474,0.0,34.604711970345214,654.3305459518474,0.0,118.52652978464269,654.3305459518474,0.0,115.42893530419653,654.3305459518474,0.0,108.55418437732538,654.3305459518474
0.0,155.31823788491772,654.3305459518474,0.0,176.5904550939667,654.3305459518474,0.0,78.41168078603148,654.3305459518474,0.0,193.48091886348138,654.3305459518474,0.0,173.3624224814609,654.3305459518474,0.0,174.67025970132178,654.3305459518474
0.0,208.69016253354835,654.3305459518474,0.0,212.37839194484147,654.3305459518474,0.0,206.95674744518934,654.3305459518474,0.0,248.6034792011231,654.3305459518474,0.0,201.0259696962283,654.3305459518474,0.0,227.93682667865664,654.3305459518474
0.0,231.0088075113837,654.3305459518474,0.0,207.2412032896443,654.3305459518474,0.0,260.4828675352003,654.3305459518474,0.0,287.37358120466774,654.3305459518474,0.0,196.53832539844302,654.3305459518474,0.0,259.4399747142258,654.3305459518474
0.0,245.72852805814742,654.3305459518474,0.0,193.26870264046144,654.3305459518474,0.0,278.3091878449803,654.3305459518474,0.0,303.85965716066625,654.3305459518474,0.0,165.53538437816056,654.3305459518474,0.0,274.50102646462585,654.3305459518474
0.0,235.139400885309,654.3305459518474,0.0,182.9280892303455,654.3305459518474,0.0,279.74843089037404,654.3305459518474,0.0,291.1108261150304,654.3305459518474,0.0,190.67749642600052,654.3305459518474,0.0,269.4235372004818,654.3305459518474
0.0,206.33228354854137,654.3305459518474,0.0,168.46156281657437,654.3305459518474,0.0,266.09032464566513,654.3305459518474,0.0,226.92166062133265,654.3305459518474,0.0,216.90180059537417,654.3305459518474,0.0,236.08947626536963,654.3305459518474
0.0,160.38468779910824,654.3305459518474,0.0,140.95521280404392,654.3305459518474,0.0,227.68009759785218,654.3305459518474,0.0,171.3003941488325,654.3305459518474,0.0,204.73027428571524,654.3305459518474,0.0,158.8982855930434,654.3305459518474
0.0,113.04032779468237,654.3305459518474,0.0,111.03596478572354,654.3305459518474,0.0,132.9361808392324,654.3305459518474,0.0,120.19035155445326,654.3305459518474,0.0,193.18321187270428,654.3305459518474,0.0,91.43896415440885,645.7695101062562
0.0,67.74077552223278,622.0713214740802,0.0,92.31776760650766,646.6483135583551,0.0,79.92598748473188,634.2565334365793,0.0,107.21190595616042,654.3305459518474,0.0,157.34343549088834,654.3305459518474,0.0,65.05578417338478,610.825294279641
0.0,29.701995967060228,645.8329182477283,0.0,59.3014582946963,654.3305459518474,0.0,52.624171564094596,654.3305459518474,0.0,85.2503119021851,654.3305459518474,0.0,90.72565227117688,654.3305459518474,0.0,37.206602076789665,640.5905759410726
0.0,5.645255530595771,650.349122672205,0.0,34.919106374819194,654.3305459518474,0.0,43.00869935165231,654.3305459518474,0.0,48.24656530787519,654.3305459518474,0.0,57.383731475952885,654.3305459518474,0.0,8.6133795724554,647.481279599037
0.0,6.227240636842756,654.3305459518474,0.0,35.21009892794269,654.3305459518474,0.0,37.53803935293064,654.3305459518474,0.0,47.02439658475652,654.3305459518474,0.0,56.510753816582394,654.3305459518474,0.0,15.71359786866864,654.3305459518474
0.0,12.803672337433706,654.3305459518474,0.0,36.19947360856257,654.3305459518474,0.0,27.29510148298367,654.3305459518474,0.0,46.79160254225773,654.3305459518474,0.0,54.88119551909084,654.3305459518474,0.0,23.337602760504165,654.3305459518474
0.0,17.517751698034296,654.3305459518474,0.0,37.59623786355534,654.3305459518474,0.0,16.64477403866382,654.3305459518474,0.0,44.521860627894476,654.3305459518474,0.0,52.727850625976984,654.3305459518474,0.0,25.14175658986982,654.3305459518474
0.0,18.390729357404776,654.3305459518474,0.0,38.76020807604931,654.3305459518474,0.0,10.359334891196362,654.3305459518474,0.0,40.79715594791376,654.3305459518474,0.0,50.39991020098904,654.3305459518474,0.0,22.581022122383082,654.3305459518474
0.0,18.216133825530683,654.3305459518474,0.0,40.38976637354087,654.3305459518474,0.0,8.380585529956607,654.3305459518474,0.0,37.01425275730835,654.3305459518474,0.0,47.664580201628205,654.3305459518474,0.0,19.61289808052345,654.3305459518474
0.0,18.448927868029475,654.3305459518474,0.0,42.135721692281834,654.3305459518474,0.0,9.428158721201184,654.3305459518474,0.0,33.522342119826426,654.3305459518474,0.0,43.5324859472746,654.3305459518474,0.0,18.914515953027067,654.3305459518474
0.0,17.75054574053309,654.3305459518474,0.0,43.24149339415111,654.3305459518474,0.0,11.406908082440939,654.3305459518474,0.0,30.96160765233969,654.3305459518474,0.0,37.36344382105654,654.3305459518474,0.0,21.358853399264408,654.3305459518474
0.0,16.64477403866382,654.3305459518474,0.0,44.34726509602038,654.3305459518474,0.0,12.861870848058405,654.3305459518474,0.0,28.575468716727045,654.3305459518474,0.0,30.728813609840895,654.3305459518474,0.0,26.596719355487288,654.3305459518474
0.0,14.607826166799367,654.3305459518474,0.0,45.220242755390856,654.3305459518474,0.0,12.338084252436117,654.3305459518474,0.0,24.035984888000545,654.3305459518474,0.0,25.31635212174392,654.3305459518474,0.0,25.956535738615603,654.3305459518474
0.0,13.327458933055995,654.3305459518474,0.0,45.685830840388455,654.3305459518474,0.0,11.75609914618913,654.3305459518474,0.0,21.184257867390315,654.3305459518474,0.0,22.11543403738549,654.3305459518474,0.0,15.539002336794544,654.3305459518474
0.0,10.941319997443347,654.3305459518474,0.0,45.685830840388455,654.3305459518474,0.0,12.105290209937321,654.3305459518474,0.0,20.77686829301742,654.3305459518474,0.0,19.321905527399956,654.3305459518474,0.0,5.412461488096976,654.3305459518474
0.0,30.61745241683171,654.3305459518474,0.0,57.83377756971183,654.3305459518474,0.0,20.72820825191798,654.3305459518474,0.0,45.25203765380837,654.3305459518474,0.0,35.484048609399196,654.3305459518474,0.0,8.8903310147686,654.3305459518474
0.0,87.35552994115467,654.3305459518474,0.0,94.01488515516411,654.3305459518474,0.0,68.95340577582618,654.3305459518474,0.0,112.89381448442887,654.3305459518474,0.0,77.77767841985825,654.3305459518474,0.0,42.04193655789481,654.3305459518474
0.0,151.33548097268925,654.3305459518474,0.0,150.50126942692285,654.3305459518474,0.0,148.61569296456707,654.3305459518474,0.0,185.921293732969,654.3305459518474,0.0,125.86757971245163,654.3305459518474,0.0,84.8829325443117,654.3305459518474
0.0,210.47073678257848,654.3305459518474,0.0,191.4374342829484,654.3305459518474,0.0,217.23112475558372,654.3305459518474,0.0,235.47251677086336,654.3305459518474,0.0,122.37399046555629,654.3305459518474,0.0,134.91546338742734,654.3305459518474
0.0,238.55271292167237,654.3305459518474,0.0,230.81009921221892,654.3305459518474,0.0,262.63603469932906,654.3305459518474,0.0,262.46762041815344,654.3305459518474,0.0,129.8722375956022,654.3305459518474,0.0,183.85476275905563,654.3305459518474
0.0,253.39669034979735,654.3305459518474,0.0,250.4705119113836,654.3305459518474,0.0,275.5751809970627,654.3305459518474,0.0,278.66438243044183,654.3305459518474,0.0,196.10303133143458,654.3305459518474,0.0,224.9292256072527,654.3305459518474
0.0,260.91383668990875,654.3305459518474,0.0,268.24181320038053,654.3305459518474,0.0,271.92121505808865,654.3305459518474,0.0,276.37892079585487,654.3305459518474,0.0,216.04807760403924,654.3305459518474,0.0,254.18285408996738,654.3305459518474
0.0,261.352665704729,654.3305459518474,0.0,260.9181616022088,654.3305459518474,0.0,259.16452415234096,654.3305459518474,0.0,260.7894020795624,654.3305459518474,0.0,191.2504762496774,654.3305459518474,0.0,265.7533183543288,654.3305459518474
0.0,234.45823935846465,654.3305459518474,0.0,247.04783913447994,654.3305459518474,0.0,239.33419629157234,654.3305459518474,0.0,214.84498581997107,654.3305459518474,0.0,132.89705926765822,654.3305459518474,0.0,229.52805336906215,654.3305459518474
0.0,186.9250649823693,654.3305459518474,0.0,203.42350343976466,654.3305459518474,0.0,189.10984931593055,654.3305459518474,0.0,137.4131412450342,654.3305459518474,0.0,86.96686184786218,641.2974077997096,0.0,171.9138186955269,654.3305459518474
0.0,126.6147996100325,654.3305459518474,0.0,120.52567923637625,654.3305459518474,0.0,118.92155685761867,654.3305459518474,0.0,79.38683662685601,633.7173825787035,0.0,72.57911176419461,613.8765195639043,0.0,122.19585998587033,654.3305459518474
0.0,55.02806428731446,654.3305459518474,0.0,48.5803921093698,654.3305459518474,0.0,45.569967006094224,654.3305459518474,0.0,40.74249238510093,654.3305459518474,0.0,32.82113596045841,640.133428332271,0.0,77.11656152553759,654.3305459518474
0.0,8.496982551206004,654.3305459518474,0.0,20.136684676145737,654.3305459518474,0.0,15.131612762421653,654.3305459518474,0.0,11.930694678063224,654.3305459518474,0.0,7.740401913084923,646.3257498627389,0.0,47.839175733502294,654.3305459518474
0.0,4.597682339351194,654.3305459518474,0.0,23.919587866751147,654.3305459518474,0.0,32.76576148170535,654.3305459518474,0.0,9.311761699951786,654.3305459518474,0.0,6.867424253714441,651.8196892657105,0.0,46.79160254225773,654.3305459518474
0.0,2.61893297811144,654.3305459518474,0.0,27.236902972358976,654.3305459518474,0.0,45.91862488288725,654.3305459518474,0.0,6.576431700590949,654.3305459518474,0.0,7.740401913084923,654.3305459518474,0.0,46.907999563507126,654.3305459518474
0.0,0.5237865956222879,654.3305459518474,0.0,24.967161057995725,654.3305459518474,0.0,50.34171169036434,654.3305459518474,0.0,4.888674892474688,654.3305459518474,0.0,9.078967657452992,654.3305459518474,0.0,47.664580201628205,654.3305459518474
0.0,0.0,654.3305459518474,0.0,22.69741914363248,654.3305459518474,0.0,48.944947435371574,654.3305459518474,0.0,3.6665061693560155,654.3305459518474,0.0,11.81429765681383,654.3305459518474,0.0,48.07196977600109,654.3305459518474
0.0,0.0,654.3305459518474,0.0,21.649845952387903,654.3305459518474,0.0,45.39483828726496,654.3305459518474,0.0,2.3861389356126455,654.3305459518474,0.0,15.364406804920447,654.3305459518474,0.0,48.59575637162338,654.3305459518474
0.0,0.0,654.3305459518474,0.0,20.660471271768024,654.3305459518474,0.0,45.97682339351194,654.3305459518474,0.0,1.222168723118672,654.3305459518474,0.0,16.87756808116261,654.3305459518474,0.0,49.06134445662097,654.3305459518474
0.0,0.0,654.3305459518474,0.0,21.7662429736373,654.3305459518474,0.0,51.971269987855905,654.3305459518474,0.0,0.87297765937048,654.3305459518474,0.0,17.92514127240719,654.3305459518474,0.0,49.00314594599627,654.3305459518474
0.0,0.11639702124939733,654.3305459518474,0.0,25.025359568620424,654.3305459518474,0.0,55.81237168908602,654.3305459518474,0.0,1.1057717018692748,654.3305459518474,0.0,23.163007228630068,654.3305459518474,0.0,48.59575637162338,654.3305459518474
0.0,0.2909925531234933,654.3305459518474,0.0,30.3796225460927,654.3305459518474,0.0,56.80174636970589,654.3305459518474,0.0,1.6877568081162613,654.3305459518474,0.0,30.6706150992162,654.3305459518474,0.0,48.24656530787519,654.3305459518474
0.0,0.4655880849975893,654.3305459518474,0.0,36.432267651061366,654.3305459518474,0.0,57.15093743345409,654.3305459518474,0.0,3.2009180843584266,654.3305459518474,0.0,41.78653062853363,654.3305459518474,0.0,48.421160839749284,654.3305459518474
0.0,1.1639702124939733,654.3305459518474,0.0,42.135721692281834,654.3305459518474,0.0,57.558327007826975,654.3305459518474,0.0,5.528858509346373,654.3305459518474,0.0,44.28906658539568,654.3305459518474,0.0,49.41053552036916,654.3305459518474
0.0,8.522240740954958,654.3305459518474,0.0,55.052789290108244,654.3305459518474,0.0,62.79469208362151,654.3305459518474,0.0,14.62522449643647,654.3305459518474,0.0,53.237596110788985,654.3305459518474,0.0,75.99975047371471,654.3305459518474
0.0,39.14137176720006,654.3305459518474,0.0,94.58433003102915,654.3305459518474,0.0,87.37053874543815,654.3305459518474,0.0,54.134686537450186,654.3305459518474,0.0,76.56919534957976,654.3305459518474,0.0,148.21880955319259,654.3305459518474
0.0,115.99591160616005,654.3305459518474,0.0,116.60094310578742,654.3305459518474,0.0,140.9595377163439,654.3305459518474,0.0,124.802785920555,654.3305459518474,0.0,134.91157298164535,654.3305459518474,0.0,221.49648117386863,654.3305459518474
0.0,156.42083009694522,654.3305459518474,0.0,156.65309095248887,654.3305459518474,0.0,248.47886686179177,654.3305459518474,0.0,185.61475918860685,654.3305459518474,0.0,204.14828917946824,654.3305459518474,0.0,277.0092104852312,654.3305459518474
0.0,159.85622083321587,654.3305459518474,0.0,248.41298622004024,654.3305459518474,0.0,294.8999105563343,654.3305459518474,0.0,238.91744597665922,654.3305459518474,0.0,249.83633181622525,654.3305459518474,0.0,315.80457067852484,654.3305459518474
0.0,172.8535656415742,654.3305459518474,0.0,205.0671028480665,654.3305459518474,0.0,313.3317955526968,654.3305459518474,0.0,278.2916117863581,654.3305459518474,0.0,279.9316762468481,654.3305459518474,0.0,335.60178048943266,654.3305459518474
0.0,143.6311988703218,654.3305459518474,0.0,148.40462216400536,654.3305459518474,0.0,327.32637490178683,654.3305459518474,0.0,274.7005247282788,654.3305459518474,0.0,296.14097848951843,654.3305459518474,0.0,337.8243632431248,654.3305459518474
0.0,129.90085300417797,654.3305459518474,0.0,99.35996512108125,653.6905110729286,0.0,310.9424771272424,654.3305459518474,0.0,262.0948497740697,654.3305459518474,0.0,287.77443407037214,654.3305459518474,0.0,321.78965653232865,654.3305459518474
0.0,113.90862508378274,654.3305459518474,0.0,71.63203814499067,625.3225492179193,0.0,280.16447028934687,654.3305459518474,0.0,229.44345124623024,654.3305459518474,0.0,268.0857614206018,654.3305459518474,0.0,289.54564757886203,654.3305459518474
0.0,76.13725850139814,630.4678044532455,0.0,52.97689757565466,578.299446793574,0.0,231.35410816934996,654.3305459518474,0.0,190.34923863970127,654.3305459518474,0.0,229.56567406020798,654.3305459518474,0.0,240.9256007109629,654.3305459518474
0.0,42.51220501316249,572.9800094664081,0.0,40.162008159282294,518.4614549528563,0.0,162.34700652418405,654.3305459518474,0.0,134.28128329226902,654.3305459518474,0.0,169.8248535637362,654.3305459518474,0.0,175.07225798948434,654.3305459518474
0.0,15.93553029019889,585.7284336985672,0.0,37.80713093513199,548.7071597009619,0.0,94.18930295805316,654.3305459518474,0.0,61.10746846246042,654.3305459518474,0.0,97.56331569385733,654.3305459518474,0.0,97.78039001613243,654.3305459518474
0.0,6.98382127496384,591.3154907185383,0.0,44.75465467039327,584.5108834372766,0.0,56.918143390955294,654.3305459518474,0.0,14.142238081801773,654.3305459518474,0.0,54.59020296596734,654.3305459518474,0.0,55.40498211471312,654.3305459518474
0.0,8.6133795724554,598.2061943765026,0.0,50.39991020098904,624.8308115980678,0.0,56.56895232720709,654.3305459518474,0.0,10.417533401821059,654.3305459518474,0.0,52.84424764722639,654.3305459518474,0.0,54.88119551909084,654.3305459518474
0.0,9.95194531682347,606.1677506299613,0.0,51.68027743473242,654.3305459518474,0.0,56.103364242209516,654.3305459518474,0.0,7.85679893433432,654.3305459518474,0.0,50.22531466911495,654.3305459518474,0.0,54.59020296596734,654.3305459518474
0.0,11.115915529317444,615.0604830534153,0.0,52.14586551973,654.3305459518474,0.0,55.230386582839024,654.3305459518474,0.0,6.51823318996625,654.3305459518474,0.0,45.860426372262545,654.3305459518474,0.0,54.88119551909084,654.3305459518474
0.0,12.978267869307802,625.4430973488616,0.0,50.45810871161374,654.3305459518474,0.0,53.89182083847097,654.3305459518474,0.0,6.227240636842756,654.3305459518474,0.0,37.30524531043184,654.3305459518474,0.0,54.706599987216734,654.3305459518474
0.0,15.829994889918037,638.107093260796,0.0,47.19899211663062,654.3305459518474,0.0,51.913071477231206,654.3305459518474,0.0,6.460034679341552,654.3305459518474,0.0,23.919587866751147,654.3305459518474,0.0,53.775423817221565,654.3305459518474
0.0,16.58657552803912,651.3763536832273,0.0,43.88167701102279,654.3305459518474,0.0,48.47935935037398,654.3305459518474,0.0,7.565806381210827,654.3305459518474,0.0,19.089111484901164,654.3305459518474,0.0,52.553255094102894,654.3305459518474
0.0,16.17918595366623,654.3305459518474,0.0,39.691384246044485,654.3305459518474,0.0,43.5906844578993,654.3305459518474,0.0,8.962570636203594,654.3305459518474,0.0,16.761171059913213,654.3305459518474,0.0,50.34171169036434,654.3305459518474
0.0,15.480803826169845,654.3305459518474,0.0,30.4960195673421,654.3305459518474,0.0,39.2839946716716,654.3305459518474,0.0,9.719151274324677,654.3305459518474,0.0,17.575950208658995,654.3305459518474,0.0,48.07196977600109,654.3305459518474
0.0,16.470178506789722,654.3305459518474,0.0,18.623523399903572,654.3305459518474,0.0,35.79208403418968,654.3305459518474,0.0,9.369960210576485,654.3305459518474,0.0,18.27433233615538,654.3305459518474,0.0,44.521860627894476,654.3305459518474
0.0,20.835066803642118,654.3305459518474,0.0,10.126540848697566,654.3305459518474,0.0,33.81333467294992,654.3305459518474,0.0,7.914997444959019,654.3305459518474,0.0,15.946391911167435,654.3305459518474,0.0,38.81840658667401,654.3305459518474
0.0,29.15745382297403,654.3305459518474,0.0,6.169042126218058,654.3305459518474,0.0,31.136203184213784,654.3305459518474,0.0,6.51823318996625,654.3305459518474,0.0,13.0946648905572,654.3305459518474,0.0,31.48539424796198,654.3305459518474
0.0,60.9278371023461,654.3305459518474,0.0,32.385486435479876,654.3305459518474,0.0,43.12377322145842,654.3305459518474,0.0,28.78185914701865,654.3305459518474,0.0,36.168389626085286,654.3305459518474,0.0,41.7773476169785,654.3305459518474
0.0,123.92459470395926,654.3305459518474,0.0,88.72871461581191,654.3305459518474,0.0,88.53654302531564,654.3305459518474,0.0,83.45622972929986,654.3305459518474,0.0,102.61007643349427,654.3305459518474,0.0,89.15482567126519,654.3305459518474
0.0,183.8604108227989,654.3305459518474,0.0,156.96501678306134,654.3305459518474,0.0,151.05835180139098,654.3305459518474,0.0,137.76251003776747,654.3305459518474,0.0,172.92748387242256,654.3305459518474,0.0,154.86819179115878,654.3305459518474
0.0,227.23305326494994,654.3305459518474,0.0,225.74868512626858,654.3305459518474,0.0,175.62483772266745,654.3305459518474,0.0,201.342931355041,654.3305459518474,0.0,227.85036821742628,654.3305459518474,0.0,209.98139138826028,654.3305459518474
0.0,240.43643304562977,654.3305459518474,0.0,270.4881532633933,654.3305459518474,0.0,197.35213685371562,654.3305459518474,0.0,243.5437437245862,654.3305459518474,0.0,266.0134046539601,654.3305459518474,0.0,254.71149878484482,654.3305459518474
0.0,240.5449702067673,654.3305459518474,0.0,304.542497296924,654.3305459518474,0.0,240.2309312602634,654.3305459518474,0.0,265.38894075731207,654.3305459518474,0.0,285.75241595424325,654.3305459518474,0.0,281.7505821029643,654.3305459518474
0.0,225.8755883105164,654.3305459518474,0.0,319.55939164750964,654.3305459518474,0.0,229.77710031873977,654.3305459518474,0.0,249.06324149339235,654.3305459518474,0.0,288.08353586907293,654.3305459518474,0.0,290.8894268804554,654.3305459518474
0.0,178.41165179499936,654.3305459518474,0.0,291.82978606200567,654.3305459518474,0.0,223.81877353511334,654.3305459518474,0.0,257.31338889128926,654.3305459518474,0.0,273.46449262333493,654.3305459518474,0.0,277.8149843514069,654.3305459518474
0.0,161.1515968712427,654.3305459518474,0.0,207.86381084789383,654.3305459518474,0.0,185.56609914750743,654.3305459518474,0.0,233.07887343310898,654.3305459518474,0.0,240.696697074246,654.3305459518474,0.0,245.61813455861144,654.3305459518474
0.0,137.79005907243288,654.3305459518474,0.0,127.06581339726463,654.3305459518474,0.0,154.2296867837005,654.3305459518474,0.0,182.33692111254337,654.3305459518474,0.0,189.67161206066882,654.3305459518474,0.0,194.46561317383117,654.3305459518474
0.0,115.48713381482122,654.3305459518474,0.0,77.98017844436788,632.3107243962153,0.0,117.6411896238753,654.3305459518474,0.0,114.47806995964778,654.3305459518474,0.0,122.045554950272,654.3305459518474,0.0,130.19466958917312,654.3305459518474
0.0,86.96632866090701,654.3305459518474,0.0,50.45660783118539,654.3305459518474,0.0,44.49095437440225,654.3305459518474,0.0,42.422567062090394,654.3305459518474,0.0,45.661283566579726,654.3305459518474,0.0,64.13529189537309,654.3305459518474
0.0,54.7569386377296,654.3305459518474,0.0,45.336639776640254,654.3305459518474,0.0,3.4258522667453715,654.3305459518474,0.0,2.960264181747782,654.3305459518474,0.0,2.269741914363248,654.3305459518474,0.0,23.395801271128864,654.3305459518474
0.0,54.24101190221916,654.3305459518474,0.0,46.67520552100833,654.3305459518474,0.0,0.9893746806198773,654.3305459518474,0.0,2.735329999360837,654.3305459518474,0.0,2.8517270206102348,654.3305459518474,0.0,20.07848616552104,654.3305459518474
0.0,53.775423817221565,654.3305459518474,0.0,47.54818318037881,654.3305459518474,0.0,0.05819851062469866,654.3305459518474,0.0,2.0951463824891516,654.3305459518474,0.0,2.9681240418596317,654.3305459518474,0.0,17.401354676784898,654.3305459518474
0.0,51.85487296660651,654.3305459518474,0.0,47.897374244127,654.3305459518474,0.0,0.0,654.3305459518474,0.0,2.036947871864453,654.3305459518474,0.0,3.608307658731317,654.3305459518474,0.0,14.549627656174666,654.3305459518474
0.0,49.643329562867955,654.3305459518474,0.0,48.18836679725049,654.3305459518474,0.0,0.174595531874096,654.3305459518474,0.0,2.61893297811144,654.3305459518474,0.0,4.423086807477099,654.3305459518474,0.0,11.872496167438527,654.3305459518474
0.0,47.664580201628205,654.3305459518474,0.0,48.362962329124585,654.3305459518474,0.0,1.2803672337433705,654.3305459518474,0.0,4.597682339351194,654.3305459518474,0.0,5.121468934973482,654.3305459518474,0.0,9.777349784949376,654.3305459518474
0.0,45.336639776640254,654.3305459518474,0.0,48.24656530787519,654.3305459518474,0.0,3.608307658731317,654.3305459518474,0.0,6.0526451049686605,654.3305459518474,0.0,5.005071913724085,654.3305459518474,0.0,8.26418850870721,654.3305459518474
0.0,43.00869935165231,654.3305459518474,0.0,46.61700701038363,654.3305459518474,0.0,6.751027232465045,654.3305459518474,0.0,6.110843615593359,654.3305459518474,0.0,4.132094254353605,654.3305459518474,0.0,8.6133795724554,654.3305459518474
0.0,38.64381105479991,654.3305459518474,0.0,42.193920202906526,654.3305459518474,0.0,8.32238701933191,654.3305459518474,0.0,9.13716616807769,654.3305459518474,0.0,3.084521063109029,654.3305459518474,0.0,9.311761699951786,654.3305459518474
0.0,34.04612871544872,654.3305459518474,0.0,29.797637439845715,654.3305459518474,0.0,8.147791487457813,654.3305459518474,0.0,10.47573191244576,654.3305459518474,0.0,2.269741914363248,654.3305459518474,0.0,9.195364678702388,654.3305459518474
0.0,31.60179126921138,654.3305459518474,0.0,10.941319997443347,654.3305459518474,0.0,7.682203402460224,654.3305459518474,0.0,7.274813828087333,654.3305459518474,0.0,2.15334489311385,654.3305459518474,0.0,8.904372125578895,654.3305459518474
0.0,27.70249105735656,654.3305459518474,0.0,4.597682339351194,654.3305459518474,0.0,9.020769146828293,654.3305459518474,0.0,6.867424253714441,654.3305459518474,0.0,2.8517270206102348,654.3305459518474,0.0,8.729776593704798,654.3305459518474
0.0,50.58590054078685,654.3305459518474,0.0,12.894988897919205,654.3305459518474,0.0,30.582833486542558,654.3305459518474,0.0,34.11572203399713,654.3305459518474,0.0,32.637179688044114,654.3305459518474,0.0,33.63123473893409,654.3305459518474
0.0,123.7739342103908,654.3305459518474,0.0,36.07089181490134,654.3305459518474,0.0,59.15715678081137,654.3305459518474,0.0,97.04809987428712,654.3305459518474,0.0,104.13427705969006,654.3305459518474,0.0,83.79438144309447,654.3305459518474
0.0,199.03035519230662,654.3305459518474,0.0,51.690349091212845,654.3305459518474,0.0,76.91741871985477,654.3305459518474,0.0,154.3256837144561,654.3305459518474,0.0,176.06234358604445,654.3305459518474,0.0,133.17886880922654,654.3305459518474
0.0,253.5426704730957,654.3305459518474,0.0,86.38973484087036,640.7202807927177,0.0,111.89993716252395,654.3305459518474,0.0,208.63196402292363,654.3305459518474,0.0,231.19126290336968,654.3305459518474,0.0,219.84237560256838,654.3305459518474
0.0,294.46779597916765,654.3305459518474,0.0,101.47436617160598,641.8997737300025,0.0,185.64001737835588,654.3305459518474,0.0,248.4198783866789,654.3305459518474,0.0,266.25873892684086,654.3305459518474,0.0,249.07728260420262,654.3305459518474
0.0,315.12694409949233,654.3305459518474,0.0,133.94949055815792,654.3305459518474,0.0,214.26618020356582,654.3305459518474,0.0,270.924158246342,654.3305459518474,0.0,283.8601250542338,654.3305459518474,0.0,220.05141233574653,654.3305459518474
0.0,317.50522317499315,654.3305459518474,0.0,189.9433499457567,654.3305459518474,0.0,235.0102859046926,654.3305459518474,0.0,270.6253058331066,654.3305459518474,0.0,284.9769361060567,654.3305459518474,0.0,251.466423300672,654.3305459518474
0.0,305.7772062504246,654.3305459518474,0.0,128.1150651979226,654.3305459518474,0.0,234.64687600114905,654.3305459518474,0.0,248.66371177913135,654.3305459518474,0.0,269.60917208230944,654.3305459518474,0.0,204.25735952756096,654.3305459518474
0.0,281.42143567173974,654.3305459518474,0.0,109.56828406073907,654.3305459518474,0.0,174.45918890076007,654.3305459518474,0.0,203.49945573799658,654.3305459518474,0.0,237.0741705757194,654.3305459518474,0.0,144.5636981917603,654.3305459518474
0.0,237.33769314272536,654.3305459518474,0.0,120.63871903879883,654.3305459518474,0.0,96.67329516281985,651.0038411146672,0.0,137.48723720486765,654.3305459518474,0.0,187.31373307566182,654.3305459518474,0.0,115.59452555350055,654.3305459518474
0.0,172.59798198322795,654.3305459518474,0.0,107.46995818840816,654.3305459518474,0.0,82.03535270701639,633.0391938216836,0.0,79.72516606963566,634.055712021483,0.0,121.86777992855615,654.3305459518474,0.0,87.18375844115224,641.5143043929996
0.0,96.86493356636095,654.3305459518474,0.0,66.34665757012658,654.3305459518474,0.0,59.99984042219269,654.3305459518474,0.0,34.56091002850092,654.3305459518474,0.0,48.64512732866305,654.3305459518474,0.0,53.55234597323307,654.3305459518474
0.0,51.20682948962297,654.3305459518474,0.0,39.45073034343385,654.3305459518474,0.0,36.54866467231076,654.3305459518474,0.0,3.716844819868865,654.3305459518474,0.0,8.198130137970661,654.3305459518474,0.0,35.21009892794269,654.3305459518474
0.0,48.362962329124585,654.3305459518474,0.0,39.516788714170396,654.3305459518474,0.0,36.490466161686065,654.3305459518474,0.0,3.084521063109029,654.3305459518474,0.0,9.020769146828293,654.3305459518474,0.0,30.728813609840895,654.3305459518474
0.0,51.85487296660651,654.3305459518474,0.0,41.43733956478545,654.3305459518474,0.0,35.966679566063775,654.3305459518474,0.0,2.61893297811144,654.3305459518474,0.0,9.020769146828293,654.3305459518474,0.0,27.70249105735656,654.3305459518474
0.0,53.65902679597217,654.3305459518474,0.0,42.25211871353123,654.3305459518474,0.0,33.638739141075824,654.3305459518474,0.0,1.3385657443680692,654.3305459518474,0.0,8.147791487457813,654.3305459518474,0.0,25.84013871736621,654.3305459518474
0.0,52.2622625409794,654.3305459518474,0.0,43.299691904775806,654.3305459518474,0.0,31.07800467358909,654.3305459518474,0.0,0.349191063748192,654.3305459518474,0.0,6.401836168716853,654.3305459518474,0.0,25.432749142993313,654.3305459518474
0.0,47.606381691003506,654.3305459518474,0.0,42.135721692281834,654.3305459518474,0.0,28.924659780475235,654.3305459518474,0.0,0.11639702124939733,654.3305459518474,0.0,4.772277871225291,654.3305459518474,0.0,24.443374462373438,654.3305459518474
0.0,42.95050084102761,654.3305459518474,0.0,40.73895743728906,654.3305459518474,0.0,27.17870446173428,654.3305459518474,0.0,0.23279404249879465,654.3305459518474,0.0,3.317315105607824,654.3305459518474,0.0,22.11543403738549,654.3305459518474
0.0,40.447964884165565,654.3305459518474,0.0,38.76020807604931,654.3305459518474,0.0,24.617969994247535,654.3305459518474,0.0,1.3385657443680692,654.3305459518474,0.0,1.9787493612397546,654.3305459518474,0.0,21.126059356765616,654.3305459518474
0.0,37.94542892730353,654.3305459518474,0.0,35.79208403418968,654.3305459518474,0.0,20.835066803642118,654.3305459518474,0.0,2.3861389356126455,654.3305459518474,0.0,0.9893746806198773,654.3305459518474,0.0,22.057235526760792,654.3305459518474
0.0,36.19947360856257,654.3305459518474,0.0,33.522342119826426,654.3305459518474,0.0,15.888193400542736,654.3305459518474,0.0,2.036947871864453,654.3305459518474,0.0,0.40738957437289064,654.3305459518474,0.0,26.305726802363797,654.3305459518474
0.0,34.569915311071,654.3305459518474,0.0,32.183776375458365,654.3305459518474,0.0,11.290511061191541,654.3305459518474,0.0,1.1639702124939733,654.3305459518474,0.0,0.11639702124939733,654.3305459518474,0.0,25.19995510049452,654.3305459518474
0.0,34.27892275794751,654.3305459518474,0.0,31.659989779836074,654.3305459518474,0.0,8.380585529956607,654.3305459518474,0.0,0.9311761699951786,654.3305459518474,0.0,0.11639702124939733,654.3305459518474,0.0,22.581022122383082,654.3305459518474
0.0,56.608607085736466,654.3305459518474,0.0,39.36277100177515,654.3305459518474,0.0,24.124299687629357,654.3305459518474,0.0,31.042240320841703,654.3305459518474,0.0,28.22195274067887,654.3305459518474,0.0,31.12834332410194,654.3305459518474
0.0,116.42016632321486,654.3305459518474,0.0,80.24859720728783,654.3305459518474,0.0,64.79773194113704,654.3305459518474,0.0,102.4889990419748,654.3305459518474,0.0,98.93571040402641,654.3305459518474,0.0,48.86484795382473,654.3305459518474
0.0,172.66739757279132,654.3305459518474,0.0,123.38058574682822,654.3305459518474,0.0,110.10346546428508,654.3305459518474,0.0,171.2397270643063,654.3305459518474,0.0,167.93495218908043,654.3305459518474,0.0,57.251792463464845,654.3305459518474
0.0,218.13518639743148,654.3305459518474,0.0,161.46184409240178,654.3305459518474,0.0,154.94043141259377,654.3305459518474,0.0,226.01945531788334,654.3305459518474,0.0,222.2066135672589,654.3305459518474,0.0,73.27077945403738,627.6013254058848
0.0,253.331599672534,654.3305459518474,0.0,169.9636847428629,654.3305459518474,0.0,181.54368747674962,654.3305459518474,0.0,263.5076892072563,654.3305459518474,0.0,258.0463899490748,654.3305459518474,0.0,142.95904262604756,654.3305459518474
0.0,292.69790562212097,654.3305459518474,0.0,194.06608345957014,654.3305459518474,0.0,233.73424358324917,654.3305459518474,0.0,282.9635678145278,654.3305459518474,0.0,276.4782749454373,654.3305459518474,0.0,266.2016858386744,654.3305459518474
0.0,297.031354478526,654.3305459518474,0.0,206.34296744052483,654.3305459518474,0.0,253.53613376442712,654.3305459518474,0.0,286.32654120037836,654.3305459518474,0.0,278.64265918850475,654.3305459518474,0.0,304.699694499161,654.3305459518474
0.0,256.700754309083,654.3305459518474,0.0,195.68142291726633,654.3305459518474,0.0,205.25741810016433,654.3305459518474,0.0,272.28162320077547,654.3305459518474,0.0,264.31460849589024,654.3305459518474,0.0,287.4160599950688,654.3305459518474
0.0,198.88834452333816,654.3305459518474,0.0,170.1098425951463,654.3305459518474,0.0,169.65829562095902,654.3305459518474,0.0,240.3128870802087,654.3305459518474,0.0,233.10245301344455,654.3305459518474,0.0,254.9706964395508,654.3305459518474
0.0,161.74930169771338,654.3305459518474,0.0,178.48424687440448,654.3305459518474,0.0,124.55223809044897,654.3305459518474,0.0,190.37785404827704,654.3305459518474,0.0,184.6066630269066,654.3305459518474,0.0,201.6869088615639,654.3305459518474
0.0,134.54348270783169,654.3305459518474,0.0,145.60005430406622,654.3305459518474,0.0,101.90798162920099,654.3305459518474,0.0,123.78365040890112,654.3305459518474,0.0,118.77689988576363,654.3305459518474,0.0,122.47934813685208,654.3305459518474
0.0,94.12642407715836,654.3305459518474,0.0,72.58193579606625,654.3305459518474,0.0,59.39259712619675,654.3305459518474,0.0,47.56611469697108,654.3305459518474,0.0,49.525964848145385,654.3305459518474,0.0,49.982014463617716,654.3305459518474
0.0,54.68302040688119,654.3305459518474,0.0,30.837350770978443,654.3305459518474,0.0,41.84472913915834,654.3305459518474,0.0,2.7274701392489877,654.3305459518474,0.0,8.198130137970661,654.3305459518474,0.0,12.861870848058405,654.3305459518474
0.0,53.135240200349884,654.3305459518474,0.0,27.70249105735656,654.3305459518474,0.0,44.23086807477098,654.3305459518474,0.0,1.5131612762421651,654.3305459518474,0.0,6.634630211215648,654.3305459518474,0.0,27.353299993608367,654.3305459518474
0.0,52.66965211535229,654.3305459518474,0.0,26.1893297811144,654.3305459518474,0.0,46.67520552100833,654.3305459518474,0.0,0.7565806381210826,654.3305459518474,0.0,5.645255530595771,654.3305459518474,0.0,39.516788714170396,654.3305459518474
0.0,51.389284881608916,654.3305459518474,0.0,24.734367015496932,654.3305459518474,0.0,46.15141892538605,654.3305459518474,0.0,0.349191063748192,654.3305459518474,0.0,5.063270424348783,654.3305459518474,0.0,45.74402935101315,654.3305459518474
0.0,50.749101264737234,654.3305459518474,0.0,24.035984888000545,654.3305459518474,0.0,43.00869935165231,654.3305459518474,0.0,0.174595531874096,654.3305459518474,0.0,5.23786595622288,654.3305459518474,0.0,47.48998466975411,654.3305459518474
0.0,50.749101264737234,654.3305459518474,0.0,23.977786377375846,654.3305459518474,0.0,39.516788714170396,654.3305459518474,0.0,0.05819851062469866,654.3305459518474,0.0,5.470659998721674,654.3305459518474,0.0,47.7227787122529,654.3305459518474
0.0,51.09829232848543,654.3305459518474,0.0,24.617969994247535,654.3305459518474,0.0,38.87660509729871,654.3305459518474,0.0,0.0,654.3305459518474,0.0,5.587057019971072,654.3305459518474,0.0,49.58513105224326,654.3305459518474
0.0,51.09829232848543,654.3305459518474,0.0,23.86138935612645,654.3305459518474,0.0,39.80778126729388,654.3305459518474,0.0,0.0,654.3305459518474,0.0,4.073895743728906,654.3305459518474,0.0,49.52693254161856,654.3305459518474
0.0,50.63270424348784,654.3305459518474,0.0,22.23183105863489,654.3305459518474,0.0,41.20454552228665,654.3305459518474,0.0,0.0,654.3305459518474,0.0,1.9787493612397546,654.3305459518474,0.0,50.865498285986625,654.3305459518474
0.0,50.34171169036434,654.3305459518474,0.0,20.36947871864453,654.3305459518474,0.0,41.78653062853363,654.3305459518474,0.0,0.05819851062469866,654.3305459518474,0.0,0.87297765937048,654.3305459518474,0.0,52.84424764722639,654.3305459518474
0.0,50.05071913724085,654.3305459518474,0.0,18.448927868029475,654.3305459518474,0.0,42.42671424540532,654.3305459518474,0.0,0.0,654.3305459518474,0.0,0.698382127496384,654.3305459518474,0.0,54.29921041284385,654.3305459518474
0.0,49.87612360536675,654.3305459518474,0.0,16.295582974915625,654.3305459518474,0.0,42.25211871353123,654.3305459518474,0.0,0.0,654.3305459518474,0.0,1.1639702124939733,654.3305459518474,0.0,55.579577646587225,654.3305459518474
0.0,73.54437367752377,654.3305459518474,0.0,40.35868239106359,654.3305459518474,0.0,62.66125219070513,654.3305459518474,0.0,29.35448351272544,654.3305459518474,0.0,30.71662883742906,654.3305459518474,0.0,79.35636487988178,654.3305459518474
0.0,119.98113709229003,654.3305459518474,0.0,103.44675655316222,654.3305459518474,0.0,118.42567475463191,654.3305459518474,0.0,101.03403627635733,654.3305459518474,0.0,100.83736204457603,654.3305459518474,0.0,131.28904648311868,654.3305459518474
0.0,183.68263580108305,654.3305459518474,0.0,172.71341131100417,654.3305459518474,0.0,188.19403740818896,654.3305459518474,0.0,171.0069330218075,654.3305459518474,0.0,167.82323553810116,654.3305459518474,0.0,186.87569402532964,654.3305459518474
0.0,198.2749199766438,654.3305459518474,0.0,227.5198986347585,654.3305459518474,0.0,241.70593865840456,654.3305459518474,0.0,225.96911666737049,654.3305459518474,0.0,221.57897018076915,654.3305459518474,0.0,242.05495199316772,654.3305459518474
0.0,174.33139707158696,654.3305459518474,0.0,263.6931463600989,654.3305459518474,0.0,283.03845373884934,654.3305459518474,0.0,265.05228992394586,654.3305459518474,0.0,253.807259414012,654.3305459518474,0.0,291.0823884354397,654.3305459518474
0.0,207.84791339868505,654.3305459518474,0.0,279.2701248460094,654.3305459518474,0.0,304.58947872861006,654.3305459518474,0.0,289.52110030505327,654.3305459518474,0.0,268.63551712191327,654.3305459518474,0.0,318.8890917416339,654.3305459518474
0.0,248.88157606589454,654.3305459518474,0.0,275.65077783732454,654.3305459518474,0.0,303.4726676767872,654.3305459518474,0.0,298.72750433370925,654.3305459518474,0.0,273.1813599303233,654.3305459518474,0.0,333.8919449814092,654.3305459518474
0.0,260.0448284848681,654.3305459518474,0.0,248.8523484218157,654.3305459518474,0.0,287.8956891908766,654.3305459518474,0.0,290.68489278856225,654.3305459518474,0.0,259.24497909185794,654.3305459518474,0.0,318.8576523011865,654.3305459518474
0.0,258.5709665091852,654.3305459518474,0.0,217.99724386323007,654.3305459518474,0.0,253.85538626815628,654.3305459518474,0.0,263.5544929099573,654.3305459518474,0.0,229.39814842395762,654.3305459518474,0.0,286.0159385212492,654.3305459518474
0.0,206.23089533157543,654.3305459518474,0.0,164.3122479615687,654.3305459518474,0.0,190.62733550447268,654.3305459518474,0.0,217.1774288862441,654.3305459518474,0.0,180.63962583490184,654.3305459518474,0.0,235.9566486079563,654.3305459518474
0.0,154.79056088351345,654.3305459518474,0.0,115.1652350082055,654.3305459518474,0.0,135.46379725685833,654.3305459518474,0.0,153.19429836486773,654.3305459518474,0.0,109.0134134826395,654.3305459518474,0.0,170.6617114123892,654.3305459518474
0.0,96.3490068308505,654.3305459518474,0.0,57.5306002441765,654.3305459518474,0.0,79.89286943487109,654.3305459518474,0.0,79.14114689600515,654.3305459518474,0.0,50.7683559327728,654.3305459518474,0.0,97.61683383421193,654.3305459518474
0.0,54.3920278537577,654.3305459518474,0.0,14.235055522715625,654.3305459518474,0.0,45.728309630789454,654.3305459518474,0.0,36.059497006977615,654.3305459518474,0.0,28.784683178890287,654.3305459518474,0.0,53.693645726261316,654.3305459518474
0.0,52.14586551973,654.3305459518474,0.0,10.824922976193951,654.3305459518474,0.0,45.685830840388455,654.3305459518474,0.0,37.65443637418004,654.3305459518474,0.0,23.62859531362766,654.3305459518474,0.0,53.717225306596866,654.3305459518474
0.0,50.39991020098904,654.3305459518474,0.0,8.089592976833115,654.3305459518474,0.0,46.966198074131825,654.3305459518474,0.0,41.43733956478545,654.3305459518474,0.0,20.835066803642118,654.3305459518474,0.0,54.59020296596734,654.3305459518474
0.0,48.362962329124585,654.3305459518474,0.0,5.412461488096976,654.3305459518474,0.0,46.26781594663544,654.3305459518474,0.0,44.40546360664508,654.3305459518474,0.0,20.194883186770436,654.3305459518474,0.0,53.95001934909566,654.3305459518474
0.0,46.20961743601074,654.3305459518474,0.0,3.608307658731317,654.3305459518474,0.0,44.92925020226737,654.3305459518474,0.0,45.56943381913906,654.3305459518474,0.0,19.96208914427164,654.3305459518474,0.0,52.66965211535229,654.3305459518474
0.0,43.18329488352641,654.3305459518474,0.0,2.560734467486741,654.3305459518474,0.0,40.68075892666436,654.3305459518474,0.0,45.91862488288725,654.3305459518474,0.0,23.86138935612645,654.3305459518474,0.0,51.331086370984224,654.3305459518474
0.0,39.691384246044485,654.3305459518474,0.0,2.269741914363248,654.3305459518474,0.0,36.432267651061366,654.3305459518474,0.0,44.69645615976857,654.3305459518474,0.0,31.48539424796198,654.3305459518474,0.0,50.45810871161374,654.3305459518474
0.0,36.83965722543426,654.3305459518474,0.0,1.8041538293656585,654.3305459518474,0.0,33.92973169419932,654.3305459518474,0.0,44.40546360664508,654.3305459518474,0.0,39.92417828854328,654.3305459518474,0.0,48.944947435371574,654.3305459518474
0.0,34.628113821695706,654.3305459518474,0.0,1.1057717018692748,654.3305459518474,0.0,30.6706150992162,654.3305459518474,0.0,44.81285318101797,654.3305459518474,0.0,43.5324859472746,654.3305459518474,0.0,48.0137712653764,654.3305459518474
0.0,32.47476892858185,654.3305459518474,0.0,0.5819851062469866,654.3305459518474,0.0,27.12050595110958,654.3305459518474,0.0,44.98744871289207,654.3305459518474,0.0,43.939875521647494,654.3305459518474,0.0,46.73340403163303,654.3305459518474
0.0,32.125577864833666,654.3305459518474,0.0,0.23279404249879465,654.3305459518474,0.0,24.094183398625244,654.3305459518474,0.0,45.04564722351677,654.3305459518474,0.0,44.46366211726978,654.3305459518474,0.0,43.939875521647494,654.3305459518474
0.0,31.718188290460777,654.3305459518474,0.0,0.05819851062469866,654.3305459518474,0.0,24.38517595174874,654.3305459518474,0.0,45.220242755390856,654.3305459518474,0.0,45.860426372262545,654.3305459518474,0.0,39.516788714170396,654.3305459518474
0.0,42.22871686218074,654.3305459518474,0.0,24.234515458180304,654.3305459518474,0.0,55.71054896560209,654.3305459518474,0.0,65.6843952533477,654.3305459518474,0.0,50.33703132009425,654.3305459518474,0.0,43.781177438982155,654.3305459518474
0.0,85.8891723676135,654.3305459518474,0.0,87.0394569272673,654.3305459518474,0.0,126.0294572849587,654.3305459518474,0.0,116.41062785368962,654.3305459518474,0.0,75.13781216429784,654.3305459518474,0.0,66.00082372520521,654.3305459518474
0.0,144.3339059101182,654.3305459518474,0.0,146.43108635999087,654.3305459518474,0.0,196.4222838351637,654.3305459518474,0.0,174.22771800970457,654.3305459518474,0.0,113.39216516131714,654.3305459518474,0.0,80.79614111223071,654.3305459518474
0.0,185.3975071373467,654.3305459518474,0.0,190.8041428327154,654.3305459518474,0.0,252.33922323105742,654.3305459518474,0.0,226.68418620856374,654.3305459518474,0.0,87.47157150443398,641.8021174562814,0.0,107.79442424936258,654.3305459518474
0.0,258.612299877128,654.3305459518474,0.0,225.6199256036223,654.3305459518474,0.0,287.53881599600163,654.3305459518474,0.0,267.4850548332745,654.3305459518474,0.0,80.14959851567555,621.9517159719569,0.0,138.13678156227954,654.3305459518474
0.0,299.8158777059415,654.3305459518474,0.0,249.17177865452993,654.3305459518474,0.0,302.1531788714696,654.3305459518474,0.0,296.20721458924004,654.3305459518474,0.0,84.21113175800755,606.1628477299645,0.0,178.12605052808618,654.3305459518474
0.0,304.4041993047524,654.3305459518474,0.0,263.5076892072563,654.3305459518474,0.0,294.74774918233754,654.3305459518474,0.0,284.6098135257162,654.3305459518474,0.0,105.67569828653787,610.7034063591948,0.0,210.1876040895668,654.3305459518474
0.0,289.0867739315181,654.3305459518474,0.0,254.6912764233361,654.3305459518474,0.0,267.9100204662695,654.3305459518474,0.0,219.6294484636082,654.3305459518474,0.0,142.72810492194725,644.8858902967526,0.0,228.2199593716683,654.3305459518474
0.0,257.35083185345,654.3305459518474,0.0,223.9289893056643,654.3305459518474,0.0,230.57280252843503,654.3305459518474,0.0,125.45347570042512,654.3305459518474,0.0,149.85826177817952,654.3305459518474,0.0,216.0562929221212,654.3305459518474
0.0,209.37882846253444,654.3305459518474,0.0,178.05531178707955,654.3305459518474,0.0,176.35933966088132,654.3305459518474,0.0,91.43675235804028,645.7672983098877,0.0,114.23873920848041,654.3305459518474,0.0,178.85905158587175,654.3305459518474
0.0,144.95686892633782,654.3305459518474,0.0,112.83429282236088,654.3305459518474,0.0,113.22878670838169,654.3305459518474,0.0,72.67925587826514,618.4465541881528,0.0,75.1162666513458,629.4468126031932,0.0,119.80875335678452,654.3305459518474
0.0,70.19747546986702,654.3305459518474,0.0,46.5657006663976,654.3305459518474,0.0,57.43292470400749,654.3305459518474,0.0,56.86948334985585,654.3305459518474,0.0,46.78409814011599,654.3305459518474,0.0,49.145334343949806,654.3305459518474
0.0,23.779611265166206,654.3305459518474,0.0,4.508044388279097,654.3305459518474,0.0,25.417029422769616,654.3305459518474,0.0,50.690902754112535,654.3305459518474,0.0,43.06689786227701,654.3305459518474,0.0,5.439220558274275,654.3305459518474
0.0,20.485875739893928,654.3305459518474,0.0,1.8041538293656585,654.3305459518474,0.0,24.38517595174874,654.3305459518474,0.0,49.93432211599145,654.3305459518474,0.0,46.09322041476134,654.3305459518474,0.0,2.735329999360837,654.3305459518474
0.0,20.42767722926923,654.3305459518474,0.0,1.0475731912445758,654.3305459518474,0.0,25.19995510049452,654.3305459518474,0.0,48.130168286625796,654.3305459518474,0.0,34.33712126857221,654.3305459518474,0.0,1.3385657443680692,654.3305459518474
0.0,19.089111484901164,654.3305459518474,0.0,0.6401836168716852,654.3305459518474,0.0,25.78194020674151,654.3305459518474,0.0,46.55880849975893,654.3305459518474,0.0,22.29002956925959,654.3305459518474,0.0,0.6401836168716852,654.3305459518474
0.0,16.702972549288514,654.3305459518474,0.0,0.5237865956222879,654.3305459518474,0.0,26.422123823613195,654.3305459518474,0.0,47.02439658475652,654.3305459518474,0.0,19.321905527399956,654.3305459518474,0.0,0.349191063748192,654.3305459518474
0.0,15.71359786866864,654.3305459518474,0.0,0.40738957437289064,654.3305459518474,0.0,27.993483610480055,654.3305459518474,0.0,45.860426372262545,654.3305459518474,0.0,21.358853399264408,654.3305459518474,0.0,0.23279404249879465,654.3305459518474
0.0,13.269260422431296,654.3305459518474,0.0,0.40738957437289064,654.3305459518474,0.0,27.76068956798126,654.3305459518474,0.0,42.019324671032436,654.3305459518474,0.0,26.014734249240302,654.3305459518474,0.0,0.2909925531234933,654.3305459518474
0.0,13.443855954305391,654.3305459518474,0.0,0.4655880849975893,654.3305459518474,0.0,24.38517595174874,654.3305459518474,0.0,37.712634884804736,654.3305459518474,0.0,33.75513616232522,654.3305459518474,0.0,0.5819851062469866,654.3305459518474
0.0,14.433230634925268,654.3305459518474,0.0,0.4655880849975893,654.3305459518474,0.0,19.96208914427164,654.3305459518474,0.0,33.98793020482402,654.3305459518474,0.0,36.83965722543426,654.3305459518474,0.0,1.4549627656174666,654.3305459518474
0.0,13.96764254992768,654.3305459518474,0.0,0.40738957437289064,654.3305459518474,0.0,17.110362123661407,654.3305459518474,0.0,30.5542180779668,654.3305459518474,0.0,40.62256041603966,654.3305459518474,0.0,2.9681240418596317,654.3305459518474
0.0,12.687275316184309,654.3305459518474,0.0,0.40738957437289064,654.3305459518474,0.0,14.840620209298159,654.3305459518474,0.0,26.305726802363797,654.3305459518474,0.0,44.98744871289207,654.3305459518474,0.0,4.364888296852399,654.3305459518474
0.0,10.824922976193951,654.3305459518474,0.0,0.5237865956222879,654.3305459518474,0.0,11.930694678063224,654.3305459518474,0.0,24.967161057995725,654.3305459518474,0.0,47.315389137880004,654.3305459518474,0.0,5.23786595622288,654.3305459518474
0.0,33.01463070239795,654.3305459518474,0.0,18.63006010857213,654.3305459518474,0.0,34.72128672057966,654.3305459518474,0.0,33.46900170845689,654.3305459518474,0.0,77.75992463225103,654.3305459518474,0.0,22.677196782123737,654.3305459518474
0.0,86.99847901729464,654.3305459518474,0.0,63.96891168158096,654.3305459518474,0.0,96.00838654315442,654.3305459518474,0.0,51.232443137342045,654.3305459518474,0.0,136.9077206725222,654.3305459518474,0.0,70.18511296847012,654.3305459518474
0.0,158.22348304588255,654.3305459518474,0.0,99.2849014677746,654.3305459518474,0.0,162.21409981822285,654.3305459518474,0.0,60.877853909803385,654.3305459518474,0.0,180.9944649623933,654.3305459518474,0.0,123.07723069230784,654.3305459518474
0.0,211.65678569497965,654.3305459518474,0.0,136.08261308976304,654.3305459518474,0.0,214.87192261913344,654.3305459518474,0.0,72.05214567873058,626.3826916305779,0.0,214.94195044419985,654.3305459518474,0.0,166.0078646297968,654.3305459518474
0.0,255.4399972013453,654.3305459518474,0.0,174.42024505817096,654.3305459518474,0.0,250.25397077606362,654.3305459518474,0.0,91.83363576941473,618.2163273999927,0.0,264.06688469765584,654.3305459518474,0.0,226.2850119522728,654.3305459518474
0.0,285.18615056821994,654.3305459518474,0.0,202.75073495998734,654.3305459518474,0.0,269.60131222219763,654.3305459518474,0.0,144.04309108597977,653.4508002687764,0.0,282.2313567212304,654.3305459518474,0.0,263.9179028135008,654.3305459518474
0.0,290.9887810300378,654.3305459518474,0.0,213.10706809032703,654.3305459518474,0.0,273.2709978813954,654.3305459518474,0.0,175.38568470048514,654.3305459518474,0.0,264.15652264872796,654.3305459518474,0.0,277.6340298398493,654.3305459518474
0.0,275.9702080700387,654.3305459518474,0.0,198.46912563452352,654.3305459518474,0.0,261.85287272001574,654.3305459518474,0.0,145.28716078002057,654.3305459518474,0.0,193.90835307037798,654.3305459518474,0.0,282.09959543772743,654.3305459518474
0.0,243.8850749282225,654.3305459518474,0.0,185.66995593837487,654.3305459518474,0.0,233.9155535527769,654.3305459518474,0.0,96.39820005890512,650.7287460107525,0.0,178.78124294924135,654.3305459518474,0.0,266.9346868964599,654.3305459518474
0.0,193.36805679004385,654.3305459518474,0.0,157.51874193870265,654.3305459518474,0.0,189.94352767474177,654.3305459518474,0.0,63.19793447467948,613.926680485432,0.0,150.2840173756627,654.3305459518474,0.0,218.69845002259808,654.3305459518474
0.0,125.55954428766113,654.3305459518474,0.0,105.29188829250053,654.3305459518474,0.0,130.2545467092112,654.3305459518474,0.0,37.549434160854354,551.4761146462864,0.0,129.6374094857199,654.3305459518474,0.0,150.30327204369826,654.3305459518474
0.0,47.468616885787135,654.3305459518474,0.0,48.41383416659261,654.3305459518474,0.0,64.52546086909393,654.3305459518474,0.0,20.552111839615534,567.9178041179789,0.0,88.56126802810942,654.3305459518474,0.0,75.25288603410395,654.3305459518474
0.0,2.428617726013645,654.3305459518474,0.0,8.822594034618648,654.3305459518474,0.0,22.367127289949735,654.3305459518474,0.0,10.184739359322265,576.0655956054367,0.0,58.46592359748661,654.3305459518474,0.0,31.04656523314169,654.3305459518474
0.0,1.4549627656174666,654.3305459518474,0.0,4.3066897862277,654.3305459518474,0.0,21.358853399264408,654.3305459518474,0.0,15.71359786866864,588.6364739003716,0.0,57.500128497202276,654.3305459518474,0.0,29.506644886722224,654.3305459518474
0.0,0.698382127496384,654.3305459518474,0.0,1.5713597868668638,654.3305459518474,0.0,23.10480871800537,654.3305459518474,0.0,20.36947871864453,604.9320568752872,0.0,57.441929986577584,654.3305459518474,0.0,31.136203184213784,654.3305459518474
0.0,0.6401836168716852,654.3305459518474,0.0,0.174595531874096,654.3305459518474,0.0,23.86138935612645,654.3305459518474,0.0,21.067860846140917,621.7863455521999,0.0,57.32553296532818,654.3305459518474,0.0,30.205027014218608,654.3305459518474
0.0,1.396764254992768,654.3305459518474,0.0,0.0,654.3305459518474,0.0,18.099736804281285,654.3305459518474,0.0,18.623523399903572,636.6851642721227,0.0,57.15093743345409,654.3305459518474,0.0,28.750064248601138,654.3305459518474
0.0,2.560734467486741,654.3305459518474,0.0,0.0,654.3305459518474,0.0,9.078967657452992,654.3305459518474,0.0,14.898818719922858,648.604219248061,0.0,57.034540412204684,654.3305459518474,0.0,28.168079142354156,654.3305459518474
0.0,2.8517270206102348,654.3305459518474,0.0,0.0,654.3305459518474,0.0,2.9681240418596317,654.3305459518474,0.0,9.544555742450582,654.3305459518474,0.0,56.859944880330595,654.3305459518474,0.0,28.400873184852944,654.3305459518474
0.0,1.9787493612397546,654.3305459518474,0.0,0.0,654.3305459518474,0.0,1.222168723118672,654.3305459518474,0.0,5.121468934973482,654.3305459518474,0.0,56.4525553059577,654.3305459518474,0.0,24.210580419874642,654.3305459518474
0.0,0.87297765937048,654.3305459518474,0.0,0.0,654.3305459518474,0.0,0.698382127496384,654.3305459518474,0.0,2.8517270206102348,654.3305459518474,0.0,55.92876871033541,654.3305459518474,0.0,22.63922063300778,654.3305459518474
0.0,0.23279404249879465,654.3305459518474,0.0,0.0,654.3305459518474,0.0,1.2803672337433705,654.3305459518474,0.0,2.036947871864453,654.3305459518474,0.0,55.113989561589634,654.3305459518474,0.0,26.1893297811144,654.3305459518474
0.0,0.05819851062469866,654.3305459518474,0.0,0.0,654.3305459518474,0.0,6.460034679341552,654.3305459518474,0.0,2.036947871864453,654.3305459518474,0.0,54.29921041284385,654.3305459518474,0.0,26.422123823613195,654.3305459518474
0.0,0.0,654.3305459518474,0.0,0.0,654.3305459518474,0.0,14.607826166799367,654.3305459518474,0.0,0.9893746806198773,654.3305459518474,0.0,53.89182083847097,654.3305459518474,0.0,23.86138935612645,654.3305459518474
0.0,32.42646434545252,654.3305459518474,0.0,25.599840272725675,654.3305459518474,0.0,25.857537047003312,654.3305459518474,0.0,29.529079044599538,654.3305459518474,0.0,68.96859230909473,654.3305459518474,0.0,43.08765341074093,654.3305459518474
0.0,106.21220284152716,654.3305459518474,0.0,80.55416405817678,654.3305459518474,0.0,61.9898068623711,654.3305459518474,0.0,87.1558539485167,654.3305459518474,0.0,103.3848453657406,654.3305459518474,0.0,91.2752302435033,654.3305459518474
0.0,176.86776199425003,654.3305459518474,0.0,140.62845589817303,654.3305459518474,0.0,102.45720414355729,654.3305459518474,0.0,138.22023826265323,654.3305459518474,0.0,140.29109414886656,654.3305459518474,0.0,174.9234538343144,654.3305459518474
0.0,231.88028429032585,654.3305459518474,0.0,182.27086274180684,654.3305459518474,0.0,172.35768353858742,654.3305459518474,0.0,176.60653027216054,654.3305459518474,0.0,173.11708820858013,654.3305459518474,0.0,231.76688902993317,654.3305459518474
0.0,268.1195903864029,654.3305459518474,0.0,217.76930791998643,654.3305459518474,0.0,231.25378632629435,654.3305459518474,0.0,205.3820304394957,654.3305459518474,0.0,202.4872914415293,654.3305459518474,0.0,264.99241280390777,654.3305459518474
0.0,286.32654120037836,654.3305459518474,0.0,240.6384985636213,654.3305459518474,0.0,236.10634140805152,654.3305459518474,0.0,225.93096278926947,654.3305459518474,0.0,232.01637048612884,654.3305459518474,0.0,255.29516250050523,654.3305459518474
0.0,287.93251991753436,654.3305459518474,0.0,233.52874179788287,654.3305459518474,0.0,226.5458882163922,654.3305459518474,0.0,240.12989850126758,654.3305459518474,0.0,273.9183304424387,654.3305459518474,0.0,256.1791795098293,654.3305459518474
0.0,274.4853067444022,654.3305459518474,0.0,207.40193543969315,654.3305459518474,0.0,227.92843363158966,654.3305459518474,0.0,213.32193061623354,654.3305459518474,0.0,281.06270613846635,654.3305459518474,0.0,251.5908579110183,654.3305459518474
0.0,244.96090807007278,654.3305459518474,0.0,120.9255644086074,654.3305459518474,0.0,201.38001885923165,654.3305459518474,0.0,185.71022293240733,654.3305459518474,0.0,238.34914652325244,654.3305459518474,0.0,221.7408477532762,654.3305459518474
0.0,196.77183035688205,654.3305459518474,0.0,93.04494287156486,647.3754888234123,0.0,174.03572414819337,654.3305459518474,0.0,158.1598932490475,654.3305459518474,0.0,195.86370058026722,654.3305459518474,0.0,181.57698325559545,654.3305459518474
0.0,130.4528995504059,654.3305459518474,0.0,94.57700335787248,641.9524921812848,0.0,142.28088286005993,654.3305459518474,0.0,119.60518695836454,654.3305459518474,0.0,142.72306909370704,654.3305459518474,0.0,123.73313402940322,654.3305459518474
0.0,52.37301149848553,654.3305459518474,0.0,41.78706381548881,654.3305459518474,0.0,94.494514350972,654.3305459518474,0.0,73.05202652234888,654.3305459518474,0.0,77.31809385657405,654.3305459518474,0.0,54.02296988647088,654.3305459518474
0.0,5.0396908440132355,654.3305459518474,0.0,4.39950722714155,654.3305459518474,0.0,54.767977987683196,654.3305459518474,0.0,49.70152807349266,654.3305459518474,0.0,29.925073811048712,654.3305459518474,0.0,16.671533108841118,654.3305459518474
0.0,1.222168723118672,654.3305459518474,0.0,3.1427195737337277,654.3305459518474,0.0,53.193438710974576,654.3305459518474,0.0,50.28351317973964,654.3305459518474,0.0,17.575950208658995,654.3305459518474,0.0,29.681240418596317,654.3305459518474
0.0,0.5237865956222879,654.3305459518474,0.0,3.9574987224795093,654.3305459518474,0.0,53.600828285347475,654.3305459518474,0.0,51.272887860359525,654.3305459518474,0.0,9.195364678702388,654.3305459518474,0.0,33.23134956670293,654.3305459518474
0.0,2.560734467486741,654.3305459518474,0.0,5.528858509346373,654.3305459518474,0.0,53.135240200349884,654.3305459518474,0.0,51.85487296660651,654.3305459518474,0.0,3.4337121268572206,654.3305459518474,0.0,31.194401694838486,654.3305459518474
0.0,5.8198510624698665,654.3305459518474,0.0,6.285439147467455,654.3305459518474,0.0,52.4368580728535,654.3305459518474,0.0,52.3204610516041,654.3305459518474,0.0,0.4655880849975893,654.3305459518474,0.0,29.623041907971622,654.3305459518474
0.0,6.51823318996625,654.3305459518474,0.0,9.020769146828293,654.3305459518474,0.0,51.73847594535711,654.3305459518474,0.0,52.553255094102894,654.3305459518474,0.0,0.698382127496384,654.3305459518474,0.0,30.205027014218608,654.3305459518474
0.0,5.121468934973482,654.3305459518474,0.0,11.174114039942143,654.3305459518474,0.0,51.331086370984224,654.3305459518474,0.0,52.96064466847578,654.3305459518474,0.0,5.005071913724085,654.3305459518474,0.0,29.914034461095113,654.3305459518474
0.0,6.227240636842756,654.3305459518474,0.0,12.047091699312622,654.3305459518474,0.0,50.92369679661133,654.3305459518474,0.0,52.7860491366017,654.3305459518474,0.0,8.26418850870721,654.3305459518474,0.0,22.29002956925959,654.3305459518474
0.0,9.020769146828293,654.3305459518474,0.0,15.073414251796954,654.3305459518474,0.0,50.51630722223844,654.3305459518474,0.0,52.90244615785109,654.3305459518474,0.0,10.941319997443347,654.3305459518474,0.0,12.803672337433706,654.3305459518474
0.0,12.745473826809006,654.3305459518474,0.0,15.946391911167435,654.3305459518474,0.0,50.865498285986625,654.3305459518474,0.0,52.96064466847578,654.3305459518474,0.0,13.96764254992768,654.3305459518474,0.0,12.978267869307802,654.3305459518474
0.0,17.575950208658995,654.3305459518474,0.0,15.597200847419243,654.3305459518474,0.0,50.92369679661133,654.3305459518474,0.0,52.727850625976984,654.3305459518474,0.0,14.666024677424062,654.3305459518474,0.0,13.152863401181898,654.3305459518474
0.0,19.90389063364694,654.3305459518474,0.0,12.803672337433706,654.3305459518474,0.0,50.92369679661133,654.3305459518474,0.0,51.971269987855905,654.3305459518474,0.0,16.52837701741442,654.3305459518474,0.0,12.512679784310212,654.3305459518474
0.0,50.8061543529037,654.3305459518474,0.0,34.41925481750257,654.3305459518474,0.0,78.6800614522926,654.3305459518474,0.0,54.852935568485194,654.3305459518474,0.0,48.81168527144025,654.3305459518474,0.0,17.834002440906744,654.3305459518474
0.0,118.90415852798158,654.3305459518474,0.0,70.43680622103436,654.3305459518474,0.0,138.18808790626557,654.3305459518474,0.0,70.77910511814387,654.3305459518474,0.0,101.43488914206166,654.3305459518474,0.0,46.35480759482096,654.3305459518474
0.0,184.68676250845346,654.3305459518474,0.0,88.7554736859892,654.3305459518474,0.0,204.47239978245256,654.3305459518474,0.0,94.7540674636481,654.3305459518474,0.0,187.80422389243822,654.3305459518474,0.0,102.91828958726984,654.3305459518474
0.0,236.49518723032912,654.3305459518474,0.0,113.73870992217876,654.3305459518474,0.0,254.92335954989466,654.3305459518474,0.0,134.82193503057326,654.3305459518474,0.0,245.1147480534829,654.3305459518474,0.0,192.06243136655158,654.3305459518474
0.0,269.2818819894834,654.3305459518474,0.0,195.34044717160015,654.3305459518474,0.0,279.3670894702382,654.3305459518474,0.0,187.03774932682177,654.3305459518474,0.0,262.3605841374443,654.3305459518474,0.0,256.41047267189975,654.3305459518474
0.0,283.0893255763174,654.3305459518474,0.0,231.4633562464277,654.3305459518474,0.0,313.7094242960357,654.3305459518474,0.0,254.6716662973304,654.3305459518474,0.0,233.75950177299814,654.3305459518474,0.0,283.55023329104483,654.3305459518474
0.0,283.1821430172313,654.3305459518474,0.0,224.48103585189222,654.3305459518474,0.0,311.0291133174578,654.3305459518474,0.0,275.70994404142243,654.3305459518474,0.0,212.55598923757228,654.3305459518474,0.0,282.94934897473246,654.3305459518474
0.0,269.02082799637896,654.3305459518474,0.0,193.03140595667765,654.3305459518474,0.0,299.13285984069864,654.3305459518474,0.0,278.33991636948747,654.3305459518474,0.0,244.05745866372806,654.3305459518474,0.0,273.3432375028304,654.3305459518474
0.0,241.1527466897184,654.3305459518474,0.0,118.58976412350759,654.3305459518474,0.0,263.459819130645,654.3305459518474,0.0,249.8080718656196,654.3305459518474,0.0,236.09194483927115,654.3305459518474,0.0,254.9646929178374,654.3305459518474
0.0,199.26014747394873,654.3305459518474,0.0,33.28372228459931,587.6142682364467,0.0,219.59482953331906,654.3305459518474,0.0,202.78614385476465,654.3305459518474,0.0,211.2833041349557,654.3305459518474,0.0,210.7802730877973,654.3305459518474
0.0,144.89081055560126,654.3305459518474,0.0,9.557273701817586,497.17154193826434,0.0,160.14500158997078,654.3305459518474,0.0,152.9171691935695,654.3305459518474,0.0,136.32891505611695,654.3305459518474,0.0,142.1506224569853,654.3305459518474
0.0,81.18913411782322,654.3305459518474,0.0,3.9952971426104105,500.3677796523527,0.0,93.46115999952278,654.3305459518474,0.0,94.67379025311621,654.3305459518474,0.0,80.43555524055881,654.3305459518474,0.0,70.77778196670059,654.3305459518474
0.0,46.64376608056093,654.3305459518474,0.0,3.7247046799807144,503.34754339633724,0.0,50.519486712080194,654.3305459518474,0.0,57.81788012050307,654.3305459518474,0.0,51.423903811898064,654.3305459518474,0.0,35.104741256646896,654.3305459518474
0.0,50.63270424348784,654.3305459518474,0.0,7.100218296213236,509.02771803330785,0.0,49.468734030993865,654.3305459518474,0.0,56.510753816582394,654.3305459518474,0.0,53.193438710974576,654.3305459518474,0.0,34.8609078641945,654.3305459518474
0.0,52.7860491366017,654.3305459518474,0.0,7.042019785588539,514.6613338617786,0.0,48.944947435371574,654.3305459518474,0.0,56.2779597740836,654.3305459518474,0.0,55.34678360408843,654.3305459518474,0.0,39.74958275666919,654.3305459518474
0.0,53.251637221599275,654.3305459518474,0.0,4.248491275603002,518.0601268822611,0.0,46.26781594663544,654.3305459518474,0.0,55.87057019971072,654.3305459518474,0.0,56.103364242209516,654.3305459518474,0.0,47.839175733502294,654.3305459518474
0.0,52.727850625976984,654.3305459518474,0.0,2.15334489311385,519.7828027967522,0.0,42.36851573478063,654.3305459518474,0.0,55.52137913596252,654.3305459518474,0.0,56.510753816582394,654.3305459518474,0.0,50.57450573286314,654.3305459518474
0.0,51.73847594535711,654.3305459518474,0.0,2.2115434037385495,521.5520375197431,0.0,38.993002118548105,654.3305459518474,0.0,55.46318062533782,654.3305459518474,0.0,56.2779597740836,654.3305459518474,0.0,50.690902754112535,654.3305459518474
0.0,52.3786595622288,654.3305459518474,0.0,7.158416806837935,527.2787709652134,0.0,34.6863123323204,654.3305459518474,0.0,55.34678360408843,654.3305459518474,0.0,55.754173178461315,654.3305459518474,0.0,51.272887860359525,654.3305459518474
0.0,52.66965211535229,654.3305459518474,0.0,4.015697233104208,530.4913287516968,0.0,29.681240418596317,654.3305459518474,0.0,55.34678360408843,654.3305459518474,0.0,54.64840147659204,654.3305459518474,0.0,51.09829232848543,654.3305459518474
0.0,53.36803424284868,654.3305459518474,0.0,1.222168723118672,531.4690637301917,0.0,22.813816164881878,654.3305459518474,0.0,55.172188072214325,654.3305459518474,0.0,53.54262977472277,654.3305459518474,0.0,49.93432211599145,654.3305459518474
0.0,55.754173178461315,654.3305459518474,0.0,0.174595531874096,531.608740155691,0.0,21.533448931138505,654.3305459518474,0.0,54.59020296596734,654.3305459518474,0.0,51.62207892410771,654.3305459518474,0.0,47.897374244127,654.3305459518474
0.0,56.97634190157999,654.3305459518474,0.0,6.0526451049686605,536.4508562396659,0.0,20.31128020801983,654.3305459518474,0.0,53.600828285347475,654.3305459518474,0.0,49.93432211599145,654.3305459518474,0.0,45.74402935101315,654.3305459518474
0.0,57.32553296532818,654.3305459518474,0.0,9.835548295574075,544.3192948761251,0.0,20.02028765489634,654.3305459518474,0.0,51.62207892410771,654.3305459518474,0.0,49.11954296724567,654.3305459518474,0.0,43.7070814791487,654.3305459518474
0.0,85.43108868475765,654.3305459518474,0.0,19.965268634113393,560.2915097834158,0.0,47.72631366006477,654.3305459518474,0.0,52.218282870150055,654.3305459518474,0.0,78.95851377503416,654.3305459518474,0.0,72.31602370370666,654.3305459518474
0.0,139.4967150906146,654.3305459518474,0.0,43.8361964597651,575.3604669512279,0.0,102.2826086116832,654.3305459518474,0.0,61.88577234251859,654.3305459518474,0.0,138.92426845389286,654.3305459518474,0.0,139.77216565249944,654.3305459518474
0.0,192.20187478118132,654.3305459518474,0.0,66.87512453601897,608.860566580043,0.0,144.96472878644968,654.3305459518474,0.0,74.89733599067225,654.3305459518474,0.0,195.0504223119498,654.3305459518474,0.0,207.4768213640147,654.3305459518474
0.0,225.94668250949314,654.3305459518474,0.0,83.95890531848814,592.8194718985312,0.0,214.7630300000258,654.3305459518474,0.0,86.6143135652872,640.9448595171345,0.0,234.40100854131316,654.3305459518474,0.0,247.2883153081055,654.3305459518474
0.0,255.92227270003977,654.3305459518474,0.0,102.30583273404864,594.6641380857701,0.0,278.0571391344459,654.3305459518474,0.0,98.12993653785074,639.0747960549853,0.0,241.72466013948497,654.3305459518474,0.0,283.02273401862567,654.3305459518474
0.0,249.7987111250794,654.3305459518474,0.0,127.40546599148756,616.5885108789602,0.0,303.50596345563304,654.3305459518474,0.0,114.78442677502487,650.9023374750052,0.0,230.25937581743426,654.3305459518474,0.0,298.0523463285783,654.3305459518474
0.0,215.21422151624293,654.3305459518474,0.0,141.2836483193282,649.6154295344227,0.0,286.9899489396155,654.3305459518474,0.0,133.2352109814528,654.3305459518474,0.0,219.75202673555606,654.3305459518474,0.0,293.4247254292081,654.3305459518474
0.0,207.7427334563743,654.3305459518474,0.0,150.01828301228815,654.3305459518474,0.0,289.3399680645107,654.3305459518474,0.0,126.94659234414358,654.3305459518474,0.0,210.03587722208806,654.3305459518474,0.0,298.40153739232653,654.3305459518474
0.0,162.2356453311749,654.3305459518474,0.0,125.22536202819643,654.3305459518474,0.0,257.78180100815854,654.3305459518474,0.0,106.08140925149735,654.3305459518474,0.0,207.93755134975714,654.3305459518474,0.0,263.757170663452,654.3305459518474
0.0,93.81856638135292,648.1491123332003,0.0,110.99012877649574,654.3305459518474,0.0,205.3285122991411,654.3305459518474,0.0,86.18670162940555,640.517247581253,0.0,183.76123440220155,654.3305459518474,0.0,217.11587315679253,654.3305459518474
0.0,51.66041053119379,599.809522864394,0.0,106.07619569427209,654.3305459518474,0.0,134.03594901938828,654.3305459518474,0.0,57.67693582544496,598.1941834066979,0.0,150.7606448106139,654.3305459518474,0.0,163.2987605136581,654.3305459518474
0.0,21.889176703555258,617.3208642272382,0.0,89.56486154852465,654.3305459518474,0.0,60.57114163645618,654.3305459518474,0.0,30.656751717390957,622.7195847806107,0.0,98.69584646590391,654.3305459518474,0.0,95.57988596234748,654.3305459518474
0.0,6.370396728269454,622.4171816098537,0.0,58.061713512955464,654.3305459518474,0.0,12.923248848524855,654.3305459518474,0.0,9.020769146828293,629.9362000980733,0.0,57.146257063183995,654.3305459518474,0.0,53.786463167175164,654.3305459518474
0.0,6.0526451049686605,627.2592976938287,0.0,53.89182083847097,654.3305459518474,0.0,8.729776593704798,654.3305459518474,0.0,8.26418850870721,636.5475509050391,0.0,53.600828285347475,654.3305459518474,0.0,51.971269987855905,654.3305459518474
0.0,3.841101701230112,630.3321790548127,0.0,51.913071477231206,654.3305459518474,0.0,8.496982551206004,654.3305459518474,0.0,6.634630211215648,641.8552550740116,0.0,52.96064466847578,654.3305459518474,0.0,51.50568190285831,654.3305459518474
0.0,2.61893297811144,632.4273254373019,0.0,49.643329562867955,654.3305459518474,0.0,7.39121084933673,654.3305459518474,0.0,5.528858509346373,646.2783418814887,0.0,51.913071477231206,654.3305459518474,0.0,51.331086370984224,654.3305459518474
0.0,2.444337446237344,634.3827953942917,0.0,47.43178615912941,654.3305459518474,0.0,4.888674892474688,654.3305459518474,0.0,4.946873403099386,650.2358406039682,0.0,50.98189530723602,654.3305459518474,0.0,50.865498285986625,654.3305459518474
0.0,2.560734467486741,636.4313829682811,0.0,45.51123530851436,654.3305459518474,0.0,3.3755136162325226,654.3305459518474,0.0,5.878049573094565,654.3305459518474,0.0,49.81792509474205,654.3305459518474,0.0,50.05071913724085,654.3305459518474
0.0,1.4549627656174666,637.5953531807751,0.0,44.23086807477098,654.3305459518474,0.0,2.560734467486741,654.3305459518474,0.0,7.565806381210827,654.3305459518474,0.0,48.65395488224808,654.3305459518474,0.0,50.80729977536193,654.3305459518474
0.0,2.15334489311385,639.3180290952662,0.0,45.860426372262545,654.3305459518474,0.0,1.6877568081162613,654.3305459518474,0.0,9.311761699951786,654.3305459518474,0.0,47.7227787122529,654.3305459518474,0.0,52.3204610516041,654.3305459518474
0.0,5.7034540412204695,643.8807923282426,0.0,46.50060998913423,654.3305459518474,0.0,0.8147791487457813,654.3305459518474,0.0,10.533930423070458,654.3305459518474,0.0,45.51123530851436,654.3305459518474,0.0,52.553255094102894,654.3305459518474
0.0,10.708525954944554,652.4476130921983,0.0,43.12509637290171,654.3305459518474,0.0,0.349191063748192,654.3305459518474,0.0,11.639702124939733,654.3305459518474,0.0,44.58005913851918,654.3305459518474,0.0,52.029468498480604,654.3305459518474
0.0,20.485875739893928,654.3305459518474,0.0,39.516788714170396,654.3305459518474,0.0,0.174595531874096,654.3305459518474,0.0,11.930694678063224,654.3305459518474,0.0,43.64888296852399,654.3305459518474,0.0,50.39991020098904,654.3305459518474
0.0,40.73895743728906,654.3305459518474,0.0,40.971751479787855,654.3305459518474,0.0,0.05819851062469866,654.3305459518474,0.0,13.0364663799325,654.3305459518474,0.0,43.76527998977339,654.3305459518474,0.0,48.07196977600109,654.3305459518474
0.0,84.38987447319658,654.3305459518474,0.0,46.70196459118562,654.3305459518474,0.0,29.75401322698648,654.3305459518474,0.0,28.504907704705452,654.3305459518474,0.0,72.91372853017734,654.3305459518474,0.0,77.58064873010684,654.3305459518474
0.0,141.74605691448403,654.3305459518474,0.0,63.60646947151059,654.3305459518474,0.0,87.0394569272673,654.3305459518474,0.0,58.81732645760338,654.3305459518474,0.0,131.30026356205735,654.3305459518474,0.0,144.48156464282994,654.3305459518474
0.0,191.21232237157636,654.3305459518474,0.0,110.56701948189914,654.3305459518474,0.0,146.0897551563545,654.3305459518474,0.0,79.27043960560661,654.3305459518474,0.0,189.80469649561508,654.3305459518474,0.0,210.91689247055544,654.3305459518474
0.0,229.6977908016811,654.3305459518474,0.0,156.88738587541602,654.3305459518474,0.0,208.2120342181688,654.3305459518474,0.0,90.23233742252881,644.5628833743763,0.0,248.5372431014015,654.3305459518474,0.0,258.84173670079997,654.3305459518474
0.0,237.21493714179243,654.3305459518474,0.0,177.925663619508,654.3305459518474,0.0,258.0463899490748,654.3305459518474,0.0,97.78878306319943,642.3516664375757,0.0,289.14311610374426,654.3305459518474,0.0,291.34061839667254,654.3305459518474
0.0,221.85503297815703,654.3305459518474,0.0,206.63996351536173,654.3305459518474,0.0,279.20892457452806,654.3305459518474,0.0,106.89300891040139,647.8660735658967,0.0,311.26676545921174,654.3305459518474,0.0,308.8602264331053,654.3305459518474
0.0,202.28275734963614,654.3305459518474,0.0,218.3112828097339,654.3305459518474,0.0,283.42915589952537,654.3305459518474,0.0,109.27128798590218,654.3305459518474,0.0,317.3368088938175,654.3305459518474,0.0,313.61528370367853,654.3305459518474
0.0,155.23724975844559,654.3305459518474,0.0,206.1554762202987,654.3305459518474,0.0,272.8289893767334,654.3305459518474,0.0,100.44701534187013,654.3305459518474,0.0,306.61238548966423,654.3305459518474,0.0,303.21965127277963,654.3305459518474
0.0,164.1700595636152,654.3305459518474,0.0,193.76687558836466,654.3305459518474,0.0,243.9715333894529,654.3305459518474,0.0,79.13982374456185,633.4703696964093,0.0,278.13873949642107,654.3305459518474,0.0,272.96861052034814,654.3305459518474
0.0,161.43940993452446,654.3305459518474,0.0,168.28343233688838,654.3305459518474,0.0,194.42817021167042,654.3305459518474,0.0,53.69417891321649,587.1645486096259,0.0,229.38657588704885,654.3305459518474,0.0,222.245557409848,654.3305459518474
0.0,123.8929775345268,654.3305459518474,0.0,132.89352431984634,654.3305459518474,0.0,127.70184983082137,654.3305459518474,0.0,36.25952845758573,523.4240770672116,0.0,162.69487443648896,654.3305459518474,0.0,152.69894944883617,654.3305459518474
0.0,88.67766504935884,654.3305459518474,0.0,89.76153578030596,654.3305459518474,0.0,52.966035954686106,654.3305459518474,0.0,21.03492052526517,540.2520134874237,0.0,84.99093651849408,654.3305459518474,0.0,71.98908906885072,654.3305459518474
0.0,60.6806464910669,654.3305459518474,0.0,52.88990592746913,654.3305459518474,0.0,8.33342636928551,654.3305459518474,0.0,11.232312550566842,549.2378635278772,0.0,35.853462034656125,654.3305459518474,0.0,22.425325800574434,654.3305459518474
0.0,56.56895232720709,654.3305459518474,0.0,50.45810871161374,654.3305459518474,0.0,7.85679893433432,654.3305459518474,0.0,11.523305103690335,558.4565076108295,0.0,29.09925531234933,654.3305459518474,0.0,18.565324889278873,654.3305459518474
0.0,55.87057019971072,654.3305459518474,0.0,51.272887860359525,654.3305459518474,0.0,9.893746806198772,654.3305459518474,0.0,9.13716616807769,565.7662405452917,0.0,23.279404249879466,654.3305459518474,0.0,16.819369570537912,654.3305459518474
0.0,55.28858509346373,654.3305459518474,0.0,51.272887860359525,654.3305459518474,0.0,10.941319997443347,654.3305459518474,0.0,8.496982551206004,572.5638265862565,0.0,16.52837701741442,654.3305459518474,0.0,13.734848507428882,654.3305459518474
0.0,54.76479849784145,654.3305459518474,0.0,50.749101264737234,654.3305459518474,0.0,11.581503614315034,654.3305459518474,0.0,9.893746806198772,580.4788240312155,0.0,11.697900635564432,654.3305459518474,0.0,10.359334891196362,654.3305459518474
0.0,54.00821785972036,654.3305459518474,0.0,49.87612360536675,654.3305459518474,0.0,11.406908082440939,654.3305459518474,0.0,12.105290209937321,590.1630561991653,0.0,8.846173614954198,654.3305459518474,0.0,7.158416806837935,654.3305459518474
0.0,52.90244615785109,654.3305459518474,0.0,48.65395488224808,654.3305459518474,0.0,11.581503614315034,654.3305459518474,0.0,13.56025297555479,601.0112585796091,0.0,6.867424253714441,654.3305459518474,0.0,4.423086807477099,654.3305459518474
0.0,51.50568190285831,654.3305459518474,0.0,46.09322041476134,654.3305459518474,0.0,10.88312148681865,654.3305459518474,0.0,18.390729357404776,615.723842065533,0.0,4.830476381849989,654.3305459518474,0.0,2.3279404249879465,654.3305459518474
0.0,48.77035190349748,654.3305459518474,0.0,44.05627254289689,654.3305459518474,0.0,9.95194531682347,654.3305459518474,0.0,24.094183398625244,634.9991887844332,0.0,2.3279404249879465,654.3305459518474,0.0,0.87297765937048,654.3305459518474
0.0,45.45303679788965,654.3305459518474,0.0,42.89230233040291,654.3305459518474,0.0,9.893746806198772,654.3305459518474,0.0,29.681240418596317,654.3305459518474,0.0,0.4655880849975893,654.3305459518474,0.0,0.174595531874096,654.3305459518474
0.0,41.84472913915834,654.3305459518474,0.0,42.135721692281834,654.3305459518474,0.0,10.592128933695157,654.3305459518474,0.0,30.612416588591497,654.3305459518474,0.0,0.05819851062469866,654.3305459518474,0.0,0.0,654.3305459518474
0.0,38.00362743792823,654.3305459518474,0.0,41.78653062853363,654.3305459518474,0.0,12.396282763060816,654.3305459518474,0.0,32.125577864833666,654.3305459518474,0.0,0.05819851062469866,654.3305459518474,0.0,0.0,654.3305459518474
0.0,65.8559890243651,654.3305459518474,0.0,72.89014894984179,654.3305459518474,0.0,47.22778525419144,654.3305459518474,0.0,58.35306152404908,654.3305459518474,0.0,33.400119305848705,654.3305459518474,0.0,35.839776381815945,654.3305459518474
0.0,115.75640312600763,654.3305459518474,0.0,129.36549387164692,654.3305459518474,0.0,117.49485404260687,654.3305459518474,0.0,109.97585136409702,654.3305459518474,0.0,101.6631805432754,654.3305459518474,0.0,109.5673163672659,654.3305459518474
0.0,172.0257130754913,654.3305459518474,0.0,199.17633531560497,654.3305459518474,0.0,184.8645375301693,654.3305459518474,0.0,165.26832686334274,654.3305459518474,0.0,169.86486378023568,654.3305459518474,0.0,180.57206658373696,654.3305459518474
0.0,204.95238443623052,654.3305459518474,0.0,236.95556175810145,654.3305459518474,0.0,236.28447188773754,654.3305459518474,0.0,228.15972679366007,654.3305459518474,0.0,215.88319827067545,654.3305459518474,0.0,236.40722788867038,654.3305459518474
0.0,200.31690367674844,654.3305459518474,0.0,262.4547247298014,654.3305459518474,0.0,270.19583755882655,654.3305459518474,0.0,279.96179253585217,654.3305459518474,0.0,248.52355744856132,654.3305459518474,0.0,273.81050419724136,654.3305459518474
0.0,211.49905530578752,654.3305459518474,0.0,278.97073924581895,654.3305459518474,0.0,287.7972236862195,654.3305459518474,0.0,284.02314804919916,654.3305459518474,0.0,286.2099664501439,654.3305459518474,0.0,293.3403010353613,654.3305459518474
0.0,229.49679165759977,654.3305459518474,0.0,257.81606448047756,654.3305459518474,0.0,288.9140347380424,654.3305459518474,0.0,240.8990193697706,654.3305459518474,0.0,295.2402740664974,654.3305459518474,0.0,295.62894215979,654.3305459518474
0.0,238.18576807031698,654.3305459518474,0.0,241.65710088832003,654.3305459518474,0.0,273.3134766717964,654.3305459518474,0.0,206.45132687267733,654.3305459518474,0.0,286.8862698777331,654.3305459518474,0.0,281.7161409016602,654.3305459518474
0.0,225.03740731042015,654.3305459518474,0.0,198.36623653712925,654.3305459518474,0.0,241.75213012560246,654.3305459518474,0.0,155.62609558072313,654.3305459518474,0.0,259.534115306583,654.3305459518474,0.0,252.13354371670601,654.3305459518474
0.0,195.1355576217369,654.3305459518474,0.0,148.26446783343533,654.3305459518474,0.0,192.89928921520456,654.3305459518474,0.0,115.42461039189655,654.3305459518474,0.0,213.5676203470844,654.3305459518474,0.0,203.8280689822659,654.3305459518474
0.0,147.84939612793568,654.3305459518474,0.0,107.43684013854735,654.3305459518474,0.0,128.44271074871875,654.3305459518474,0.0,80.36349334810889,634.6940392999563,0.0,149.7276459171348,654.3305459518474,0.0,136.48514456488078,654.3305459518474
0.0,81.67512229331459,654.3305459518474,0.0,73.07878559252617,654.3305459518474,0.0,57.49765992330075,654.3305459518474,0.0,39.16309500913716,654.3305459518474,0.0,73.85144140884108,654.3305459518474,0.0,61.33090176441901,654.3305459518474
0.0,44.74997430012318,654.3305459518474,0.0,49.28627863900792,654.3305459518474,0.0,24.097362888466996,654.3305459518474,0.0,25.374550632368617,654.3305459518474,0.0,27.538934875436066,654.3305459518474,0.0,20.372658208486286,654.3305459518474
0.0,43.64888296852399,654.3305459518474,0.0,48.59575637162338,654.3305459518474,0.0,29.681240418596317,654.3305459518474,0.0,30.728813609840895,654.3305459518474,0.0,25.84013871736621,654.3305459518474,0.0,20.07848616552104,654.3305459518474
0.0,47.48998466975411,654.3305459518474,0.0,48.77035190349748,654.3305459518474,0.0,29.44844637609752,654.3305459518474,0.0,36.25767211918726,654.3305459518474,0.0,26.305726802363797,654.3305459518474,0.0,20.485875739893928,654.3305459518474
0.0,47.37358764850471,654.3305459518474,0.0,49.41053552036916,654.3305459518474,0.0,27.00410892986018,654.3305459518474,0.0,33.92973169419932,654.3305459518474,0.0,26.422123823613195,654.3305459518474,0.0,20.07848616552104,654.3305459518474
0.0,44.46366211726978,654.3305459518474,0.0,49.75972658411735,654.3305459518474,0.0,26.596719355487288,654.3305459518474,0.0,38.35281850167642,654.3305459518474,0.0,27.00410892986018,654.3305459518474,0.0,20.02028765489634,654.3305459518474
0.0,39.2839946716716,654.3305459518474,0.0,49.70152807349266,654.3305459518474,0.0,26.422123823613195,654.3305459518474,0.0,40.79715594791376,654.3305459518474,0.0,27.993483610480055,654.3305459518474,0.0,18.390729357404776,654.3305459518474
0.0,33.23134956670293,654.3305459518474,0.0,49.11954296724567,654.3305459518474,0.0,22.75561765425718,654.3305459518474,0.0,43.4160889260252,654.3305459518474,0.0,28.517270206102342,654.3305459518474,0.0,17.92514127240719,654.3305459518474
0.0,29.27385084422343,654.3305459518474,0.0,49.17774147787037,654.3305459518474,0.0,17.86694276178249,654.3305459518474,0.0,48.47935935037398,654.3305459518474,0.0,29.332049354848124,654.3305459518474,0.0,16.58657552803912,654.3305459518474
0.0,25.84013871736621,654.3305459518474,0.0,49.87612360536675,654.3305459518474,0.0,12.920069358683104,654.3305459518474,0.0,50.51630722223844,654.3305459518474,0.0,30.205027014218608,654.3305459518474,0.0,14.025841060552379,654.3305459518474
0.0,22.11543403738549,654.3305459518474,0.0,49.93432211599145,654.3305459518474,0.0,8.962570636203594,654.3305459518474,0.0,52.553255094102894,654.3305459518474,0.0,29.332049354848124,654.3305459518474,0.0,12.105290209937321,654.3305459518474
0.0,19.90389063364694,654.3305459518474,0.0,49.23593998849507,654.3305459518474,0.0,7.100218296213236,654.3305459518474,0.0,53.193438710974576,654.3305459518474,0.0,27.236902972358976,654.3305459518474,0.0,10.650327444319855,654.3305459518474
0.0,17.2267591449108,654.3305459518474,0.0,48.82855041412218,654.3305459518474,0.0,6.634630211215648,654.3305459518474,0.0,53.01884317910048,654.3305459518474,0.0,23.686793824252355,654.3305459518474,0.0,10.359334891196362,654.3305459518474
0.0,47.603735388116924,654.3305459518474,0.0,53.01734229867213,654.3305459518474,0.0,40.35250114036514,654.3305459518474,0.0,88.00136162176965,654.3305459518474,0.0,52.68272553268941,654.3305459518474,0.0,41.731867065720806,654.3305459518474
0.0,119.02691452891447,654.3305459518474,0.0,67.38787178168766,654.3305459518474,0.0,99.23924318753187,654.3305459518474,0.0,153.60301109068394,654.3305459518474,0.0,117.00250688743196,654.3305459518474,0.0,99.37754117970341,654.3305459518474
0.0,186.2644812750038,654.3305459518474,0.0,93.0962492155509,654.3305459518474,0.0,143.05389413434494,654.3305459518474,0.0,217.00565738624158,654.3305459518474,0.0,180.4554918335025,654.3305459518474,0.0,170.17457781443957,654.3305459518474
0.0,236.8774963439381,654.3305459518474,0.0,134.5876401076461,654.3305459518474,0.0,130.59137527156253,654.3305459518474,0.0,255.88279567049545,654.3305459518474,0.0,235.10310334560643,654.3305459518474,0.0,228.76546920922763,654.3305459518474
0.0,270.44753081139083,654.3305459518474,0.0,175.8116180269534,654.3305459518474,0.0,154.91402780038655,654.3305459518474,0.0,256.9225090016282,654.3305459518474,0.0,272.17608780049466,654.3305459518474,0.0,256.44623702464713,654.3305459518474
0.0,287.3662545315111,654.3305459518474,0.0,180.09004786257543,654.3305459518474,0.0,216.9199098409515,654.3305459518474,0.0,206.47154923418609,654.3305459518474,0.0,272.687334165735,654.3305459518474,0.0,272.3849468046878,654.3305459518474
0.0,288.43272693282114,654.3305459518474,0.0,178.88359885968046,654.3305459518474,0.0,197.97209810907853,654.3305459518474,0.0,184.96768340509652,654.3305459518474,0.0,227.66623421602694,654.3305459518474,0.0,286.6390792664539,654.3305459518474
0.0,273.4802123435586,654.3305459518474,0.0,182.7043004704168,654.3305459518474,0.0,112.30582585646849,654.3305459518474,0.0,165.22867210481337,654.3305459518474,0.0,155.27725997494508,654.3305459518474,0.0,232.3281185877162,654.3305459518474
0.0,241.82604835645085,654.3305459518474,0.0,163.0895460514949,654.3305459518474,0.0,58.384856422466584,612.715402374314,0.0,159.76737284663187,654.3305459518474,0.0,114.98595910606132,654.3305459518474,0.0,183.78048907023708,654.3305459518474
0.0,193.92796319638367,654.3305459518474,0.0,121.65635367002434,654.3305459518474,0.0,34.99505867305111,547.710461047365,0.0,128.13996792970144,654.3305459518474,0.0,99.81001121484019,654.1405571666876,0.0,156.41579426870504,654.3305459518474
0.0,101.50580561205338,654.3305459518474,0.0,108.03772445485978,654.3305459518474,0.0,35.614842199429,483.325303246794,0.0,89.17787206464556,643.5084180164929,0.0,119.51122409499246,654.3305459518474,0.0,99.84445241614429,654.1749983679917
0.0,47.94038622148317,654.3305459518474,0.0,82.16579083907608,654.3305459518474,0.0,45.835701369468765,519.9938643423691,0.0,66.20014425987308,654.3305459518474,0.0,76.27219927474286,654.3305459518474,0.0,52.34439608990976,654.3305459518474
0.0,9.64055267320618,654.3305459518474,0.0,48.109768196131995,654.3305459518474,0.0,44.41968244644044,555.5296102995214,0.0,57.383731475952885,654.3305459518474,0.0,38.04142585805913,654.3305459518474,0.0,27.744969847757567,654.3305459518474
0.0,1.920550850615056,654.3305459518474,0.0,44.40546360664508,654.3305459518474,0.0,49.87612360536675,595.4305091838148,0.0,57.441929986577584,654.3305459518474,0.0,40.56436190541496,654.3305459518474,0.0,28.168079142354156,654.3305459518474
0.0,0.11639702124939733,654.3305459518474,0.0,43.299691904775806,654.3305459518474,0.0,51.68027743473242,636.7747311316008,0.0,57.32553296532818,654.3305459518474,0.0,40.971751479787855,654.3305459518474,0.0,30.5542180779668,654.3305459518474
0.0,0.349191063748192,654.3305459518474,0.0,41.495538075410145,654.3305459518474,0.0,53.54262977472277,654.3305459518474,0.0,57.09273892282938,654.3305459518474,0.0,35.26829743856739,654.3305459518474,0.0,33.23134956670293,654.3305459518474
0.0,3.4337121268572206,654.3305459518474,0.0,39.98237679916799,654.3305459518474,0.0,54.124614880969766,654.3305459518474,0.0,56.97634190157999,654.3305459518474,0.0,25.72374169611681,654.3305459518474,0.0,33.75513616232522,654.3305459518474
0.0,6.51823318996625,654.3305459518474,0.0,37.30524531043184,654.3305459518474,0.0,52.4368580728535,654.3305459518474,0.0,56.80174636970589,654.3305459518474,0.0,19.147309995525863,654.3305459518474,0.0,33.46414360920173,654.3305459518474
0.0,8.147791487457813,654.3305459518474,0.0,32.59116594983125,654.3305459518474,0.0,52.0876670091053,654.3305459518474,0.0,56.510753816582394,654.3305459518474,0.0,19.438302548649354,654.3305459518474,0.0,37.36344382105654,654.3305459518474
0.0,8.438784040581305,654.3305459518474,0.0,28.400873184852944,654.3305459518474,0.0,51.971269987855905,654.3305459518474,0.0,56.33615828470831,654.3305459518474,0.0,14.433230634925268,654.3305459518474,0.0,39.4585902035457,654.3305459518474
0.0,8.438784040581305,654.3305459518474,0.0,25.72374169611681,654.3305459518474,0.0,52.96064466847578,654.3305459518474,0.0,56.219761263458906,654.3305459518474,0.0,8.26418850870721,654.3305459518474,0.0,39.2257961610469,654.3305459518474
0.0,8.089592976833115,654.3305459518474,0.0,23.686793824252355,654.3305459518474,0.0,54.88119551909084,654.3305459518474,0.0,55.695974667836616,654.3305459518474,0.0,2.9099255312349332,654.3305459518474,0.0,37.47984084230594,654.3305459518474
0.0,9.719151274324677,654.3305459518474,0.0,22.057235526760792,654.3305459518474,0.0,55.87057019971072,654.3305459518474,0.0,54.47380594471795,654.3305459518474,0.0,0.698382127496384,654.3305459518474,0.0,37.36344382105654,654.3305459518474
0.0,12.105290209937321,654.3305459518474,0.0,20.194883186770436,654.3305459518474,0.0,56.6853493484565,654.3305459518474,0.0,53.36803424284868,654.3305459518474,0.0,0.11639702124939733,654.3305459518474,0.0,40.447964884165565,654.3305459518474
0.0,39.838075285283054,654.3305459518474,0.0,42.50098793422383,654.3305459518474,0.0,94.1389643075403,654.3305459518474,0.0,86.45358141523835,654.3305459518474,0.0,28.047357208804772,654.3305459518474,0.0,68.42608423239204,654.3305459518474
0.0,111.3886907972836,654.3305459518474,0.0,80.42654995798874,654.3305459518474,0.0,165.8767155817969,654.3305459518474,0.0,148.80865451955142,654.3305459518474,0.0,63.88713359062072,654.3305459518474,0.0,124.66545562185664,654.3305459518474
0.0,183.44419369484098,654.3305459518474,0.0,131.34309781042845,654.3305459518474,0.0,229.12366555554593,654.3305459518474,0.0,197.8518106820472,654.3305459518474,0.0,91.53496108516445,654.3305459518474,0.0,191.89984287810424,654.3305459518474
0.0,244.30800649383406,654.3305459518474,0.0,166.57730950566187,654.3305459518474,0.0,267.6390725456697,654.3305459518474,0.0,256.21158664374985,654.3305459518474,0.0,152.23371682180868,654.3305459518474,0.0,236.47425395288016,654.3305459518474
0.0,282.0258549358641,654.3305459518474,0.0,192.43670289106365,654.3305459518474,0.0,248.82037579441314,654.3305459518474,0.0,253.8726068688083,654.3305459518474,0.0,248.54731475788194,654.3305459518474,0.0,276.0136545539129,654.3305459518474
0.0,297.0633271059286,654.3305459518474,0.0,209.69357832497855,654.3305459518474,0.0,255.52442159519217,654.3305459518474,0.0,288.92904354232587,654.3305459518474,0.0,279.20892457452806,654.3305459518474,0.0,314.64227907544426,654.3305459518474
0.0,292.79911611010186,654.3305459518474,0.0,221.31137947899612,654.3305459518474,0.0,279.2179298570981,654.3305459518474,0.0,298.6262938457284,654.3305459518474,0.0,279.9497854924254,654.3305459518474,0.0,297.9138706074217,654.3305459518474
0.0,272.7408523060896,654.3305459518474,0.0,226.9991137999929,654.3305459518474,0.0,185.9590921530999,654.3305459518474,0.0,273.20890896498867,654.3305459518474,0.0,264.2485501251537,654.3305459518474,0.0,258.04885852297633,654.3305459518474
0.0,240.06587419791452,654.3305459518474,0.0,210.08507045014267,654.3305459518474,0.0,178.22169200087168,654.3305459518474,0.0,250.0565856283421,654.3305459518474,0.0,232.7878808799855,654.3305459518474,0.0,267.3041003217168,654.3305459518474
0.0,194.0836595181923,654.3305459518474,0.0,173.8929235147368,654.3305459518474,0.0,165.46800285598073,654.3305459518474,0.0,217.23845142874038,654.3305459518474,0.0,184.7183796778859,654.3305459518474,0.0,235.0522315081384,654.3305459518474
0.0,132.2491935196597,654.3305459518474,0.0,124.29922168644143,654.3305459518474,0.0,151.39932754705723,654.3305459518474,0.0,163.40879855522402,654.3305459518474,0.0,121.35503268288747,654.3305459518474,0.0,169.32632515786287,654.3305459518474
0.0,55.99235850717044,654.3305459518474,0.0,67.14121435736364,654.3305459518474,0.0,102.23341538362858,654.3305459518474,0.0,99.88189537830509,654.3305459518474,0.0,52.02699992457907,654.3305459518474,0.0,96.02507395685126,654.3305459518474
0.0,6.8124052329314955,654.3305459518474,0.0,24.655768414378436,654.3305459518474,0.0,61.479705919588994,654.3305459518474,0.0,53.165178760368924,654.3305459518474,0.0,11.910294587569428,654.3305459518474,0.0,49.44833394050007,654.3305459518474
0.0,3.317315105607824,654.3305459518474,0.0,19.089111484901164,654.3305459518474,0.0,57.67472402907638,654.3305459518474,0.0,45.97682339351194,654.3305459518474,0.0,7.914997444959019,654.3305459518474,0.0,45.91862488288725,654.3305459518474
0.0,13.734848507428882,654.3305459518474,0.0,17.75054574053309,654.3305459518474,0.0,57.616525518451674,654.3305459518474,0.0,40.50616339479026,654.3305459518474,0.0,9.544555742450582,654.3305459518474,0.0,45.220242755390856,654.3305459518474
0.0,20.660471271768024,654.3305459518474,0.0,16.411979996165023,654.3305459518474,0.0,57.26733445470348,654.3305459518474,0.0,35.73388552356498,654.3305459518474,0.0,12.338084252436117,654.3305459518474,0.0,43.88167701102279,654.3305459518474
0.0,19.20550850615056,654.3305459518474,0.0,16.58657552803912,654.3305459518474,0.0,56.510753816582394,654.3305459518474,0.0,31.42719573733728,654.3305459518474,0.0,9.020769146828293,654.3305459518474,0.0,41.78653062853363,654.3305459518474
0.0,11.523305103690335,654.3305459518474,0.0,16.58657552803912,654.3305459518474,0.0,55.230386582839024,654.3305459518474,0.0,27.93528509985536,654.3305459518474,0.0,7.565806381210827,654.3305459518474,0.0,39.98237679916799,654.3305459518474
0.0,4.539483828726496,654.3305459518474,0.0,15.24800978367105,654.3305459518474,0.0,53.30983573222398,654.3305459518474,0.0,25.083558079245122,654.3305459518474,0.0,8.6715780830801,654.3305459518474,0.0,38.58561254417521,654.3305459518474
0.0,2.0951463824891516,654.3305459518474,0.0,12.978267869307802,654.3305459518474,0.0,50.45810871161374,654.3305459518474,0.0,22.69741914363248,654.3305459518474,0.0,11.290511061191541,654.3305459518474,0.0,36.31587062981197,654.3305459518474
0.0,2.036947871864453,654.3305459518474,0.0,12.221687231186719,654.3305459518474,0.0,47.19899211663062,654.3305459518474,0.0,18.856317442402368,654.3305459518474,0.0,17.401354676784898,654.3305459518474,0.0,33.81333467294992,654.3305459518474
0.0,3.1427195737337277,654.3305459518474,0.0,13.269260422431296,654.3305459518474,0.0,43.88167701102279,654.3305459518474,0.0,15.829994889918037,654.3305459518474,0.0,13.0946648905572,654.3305459518474,0.0,35.21009892794269,654.3305459518474
0.0,3.899300211854811,654.3305459518474,0.0,14.840620209298159,654.3305459518474,0.0,40.62256041603966,654.3305459518474,0.0,15.015215741172256,654.3305459518474,0.0,4.132094254353605,654.3305459518474,0.0,34.628113821695706,654.3305459518474
0.0,3.3755136162325226,654.3305459518474,0.0,14.375032124300569,654.3305459518474,0.0,36.432267651061366,654.3305459518474,0.0,14.898818719922858,654.3305459518474,0.0,4.364888296852399,654.3305459518474,0.0,33.28954807732764,654.3305459518474
0.0,22.575018600669694,654.3305459518474,0.0,45.43935114504948,654.3305459518474,0.0,66.390814969941,654.3305459518474,0.0,46.73075772874644,654.3305459518474,0.0,18.59376256886958,654.3305459518474,0.0,51.94168688580697,654.3305459518474
0.0,90.52668719447911,654.3305459518474,0.0,108.8026981400479,654.3305459518474,0.0,131.91218722832338,654.3305459518474,0.0,112.85469291285466,654.3305459518474,0.0,48.39025458625706,654.3305459518474,0.0,116.68757929600281,654.3305459518474
0.0,171.9805879822037,654.3305459518474,0.0,175.9946066058945,654.3305459518474,0.0,195.78042160887867,654.3305459518474,0.0,177.7532798840025,654.3305459518474,0.0,128.64238674135675,654.3305459518474,0.0,192.15321474008186,654.3305459518474
0.0,225.56958695310945,654.3305459518474,0.0,227.76055253736914,654.3305459518474,0.0,238.39648341290857,654.3305459518474,0.0,229.28961126282005,654.3305459518474,0.0,226.0978761900168,654.3305459518474,0.0,233.4464305199674,654.3305459518474
0.0,261.6421573774242,654.3305459518474,0.0,257.89837575839294,654.3305459518474,0.0,259.26016562512643,654.3305459518474,0.0,264.2485501251537,654.3305459518474,0.0,274.92395803023743,654.3305459518474,0.0,283.4396620625238,654.3305459518474
0.0,280.4310932976467,654.3305459518474,0.0,271.53590418362296,654.3305459518474,0.0,271.5480889560348,654.3305459518474,0.0,282.2809054072551,654.3305459518474,0.0,291.28745571428806,654.3305459518474,0.0,305.34305760587444,654.3305459518474
0.0,283.88370463456937,654.3305459518474,0.0,269.72857086441553,654.3305459518474,0.0,272.5878022871675,654.3305459518474,0.0,276.81960614907365,654.3305459518474,0.0,286.4066406819252,654.3305459518474,0.0,314.29944699137957,654.3305459518474
0.0,272.7408523060896,654.3305459518474,0.0,245.8825457705427,654.3305459518474,0.0,263.8185486639184,654.3305459518474,0.0,236.24049221690817,654.3305459518474,0.0,251.5326594003936,654.3305459518474,0.0,300.61157991563675,654.3305459518474
0.0,243.89911603903283,654.3305459518474,0.0,205.48588723036315,654.3305459518474,0.0,252.59073875463662,654.3305459518474,0.0,172.86292638211435,654.3305459518474,0.0,193.13040464828993,654.3305459518474,0.0,269.53154117466414,654.3305459518474
0.0,196.42731966340398,654.3305459518474,0.0,166.98937945030485,654.3305459518474,0.0,207.7803541475202,654.3305459518474,0.0,120.28988343302073,654.3305459518474,0.0,131.167001398126,654.3305459518474,0.0,222.30825856175775,654.3305459518474
0.0,131.17486125823785,654.3305459518474,0.0,112.86087416355309,654.3305459518474,0.0,161.6817424465485,654.3305459518474,0.0,91.25765418488113,645.5882001367286,0.0,82.48875601960214,636.8193019714495,0.0,162.15686900107136,654.3305459518474
0.0,58.26210042153369,654.3305459518474,0.0,53.68163868283454,654.3305459518474,0.0,98.59366828444986,654.3305459518474,0.0,60.26407390513887,654.3305459518474,0.0,41.025625078112576,654.3305459518474,0.0,93.34794246811512,654.3305459518474
0.0,13.95510231954573,654.3305459518474,0.0,12.434081183191717,654.3305459518474,0.0,53.21551741088178,654.3305459518474,0.0,42.236398993307525,654.3305459518474,0.0,16.830408920491514,654.3305459518474,0.0,48.683893442267134,654.3305459518474
0.0,9.253563189327087,654.3305459518474,0.0,8.26418850870721,654.3305459518474,0.0,46.907999563507126,654.3305459518474,0.0,45.336639776640254,654.3305459518474,0.0,14.025841060552379,654.3305459518474,0.0,44.23086807477098,654.3305459518474
0.0,8.904372125578895,654.3305459518474,0.0,8.729776593704798,654.3305459518474,0.0,44.98744871289207,654.3305459518474,0.0,45.220242755390856,654.3305459518474,0.0,13.909444039302981,654.3305459518474,0.0,45.220242755390856,654.3305459518474
0.0,10.533930423070458,654.3305459518474,0.0,9.777349784949376,654.3305459518474,0.0,42.60130977727942,654.3305459518474,0.0,45.74402935101315,654.3305459518474,0.0,18.27433233615538,654.3305459518474,0.0,42.95050084102761,654.3305459518474
0.0,14.666024677424062,654.3305459518474,0.0,11.988893188687923,654.3305459518474,0.0,38.23642148042702,654.3305459518474,0.0,47.25719062725532,654.3305459518474,0.0,19.321905527399956,654.3305459518474,0.0,38.64381105479991,654.3305459518474
0.0,19.089111484901164,654.3305459518474,0.0,15.18981127304635,654.3305459518474,0.0,35.09370190669329,654.3305459518474,0.0,49.41053552036916,654.3305459518474,0.0,18.914515953027067,654.3305459518474,0.0,34.22072424732281,654.3305459518474
0.0,22.75561765425718,654.3305459518474,0.0,17.75054574053309,654.3305459518474,0.0,32.70756297108065,654.3305459518474,0.0,52.029468498480604,654.3305459518474,0.0,32.241974886083064,654.3305459518474,0.0,30.96160765233969,654.3305459518474
0.0,25.84013871736621,654.3305459518474,0.0,19.147309995525863,654.3305459518474,0.0,28.575468716727045,654.3305459518474,0.0,50.167116158490245,654.3305459518474,0.0,50.865498285986625,654.3305459518474,0.0,28.575468716727045,654.3305459518474
0.0,26.072932759865,654.3305459518474,0.0,16.353781485540324,654.3305459518474,0.0,25.14175658986982,654.3305459518474,0.0,46.26781594663544,654.3305459518474,0.0,56.103364242209516,654.3305459518474,0.0,27.17870446173428,654.3305459518474
0.0,25.898337227990908,654.3305459518474,0.0,12.687275316184309,654.3305459518474,0.0,21.358853399264408,654.3305459518474,0.0,46.20961743601074,654.3305459518474,0.0,56.2779597740836,654.3305459518474,0.0,27.00410892986018,654.3305459518474
0.0,27.469697014857765,654.3305459518474,0.0,11.639702124939733,654.3305459518474,0.0,16.93576659178731,654.3305459518474,0.0,45.91862488288725,654.3305459518474,0.0,56.7435478590812,654.3305459518474,0.0,27.12050595110958,654.3305459518474
0.0,30.96160765233969,654.3305459518474,0.0,11.988893188687923,654.3305459518474,0.0,14.433230634925268,654.3305459518474,0.0,46.79160254225773,654.3305459518474,0.0,56.859944880330595,654.3305459518474,0.0,27.469697014857765,654.3305459518474
0.0,62.17694262462714,654.3305459518474,0.0,35.1097770848871,654.3305459518474,0.0,49.67530219027052,654.3305459518474,0.0,80.91368355593835,654.3305459518474,0.0,87.7386290192518,654.3305459518474,0.0,52.7864045945718,654.3305459518474
0.0,119.71257869704384,654.3305459518474,0.0,78.16784739357908,654.3305459518474,0.0,121.45235276508637,654.3305459518474,0.0,151.41822675712268,654.3305459518474,0.0,150.935240342488,654.3305459518474,0.0,102.0434555895009,654.3305459518474
0.0,177.61312555343247,654.3305459518474,0.0,138.2389597437336,654.3305459518474,0.0,187.78700329178616,654.3305459518474,0.0,220.08081770881043,654.3305459518474,0.0,209.8691415503258,654.3305459518474,0.0,158.1145904267749,654.3305459518474
0.0,215.0542002821343,654.3305459518474,0.0,184.76536110957196,654.3305459518474,0.0,236.72012141271605,654.3305459518474,0.0,274.8652263326575,654.3305459518474,0.0,259.12937203509665,654.3305459518474,0.0,210.39964258360172,654.3305459518474
0.0,236.65724253182125,654.3305459518474,0.0,215.88151966126205,654.3305459518474,0.0,269.6342525430734,654.3305459518474,0.0,304.63495927986776,654.3305459518474,0.0,302.5366334075368,654.3305459518474,0.0,256.2072617314499,654.3305459518474
0.0,244.85555039877696,654.3305459518474,0.0,248.4715401886351,654.3305459518474,0.0,286.4711981722334,654.3305459518474,0.0,313.0361226293032,654.3305459518474,0.0,322.9583071150927,654.3305459518474,0.0,289.14179295230105,654.3305459518474
0.0,246.27439335367694,654.3305459518474,0.0,251.80775450430838,654.3305459518474,0.0,287.78150396599585,654.3305459518474,0.0,272.254153214658,654.3305459518474,0.0,326.76328900560526,654.3305459518474,0.0,303.6648392672834,654.3305459518474
0.0,236.6667810013465,654.3305459518474,0.0,245.33818135544155,654.3305459518474,0.0,271.3158281004912,654.3305459518474,0.0,140.5852661918318,654.3305459518474,0.0,309.2468604590143,654.3305459518474,0.0,295.21015777749335,654.3305459518474
0.0,219.9887111838368,654.3305459518474,0.0,210.53811830475834,654.3305459518474,0.0,240.3710855908334,654.3305459518474,0.0,142.4272184413284,654.3305459518474,0.0,275.2883356272541,654.3305459518474,0.0,266.78367094492137,654.3305459518474
0.0,181.613280795298,654.3305459518474,0.0,162.61645356435554,654.3305459518474,0.0,192.72469368333046,654.3305459518474,0.0,144.46416631319283,654.3305459518474,0.0,234.3207313307812,654.3305459518474,0.0,220.41764627116177,654.3305459518474
0.0,127.3777392278371,654.3305459518474,0.0,116.16079093952385,654.3305459518474,0.0,128.5355281896326,654.3305459518474,0.0,111.26072123912543,654.3305459518474,0.0,172.52406375237956,654.3305459518474,0.0,157.41135020002335,654.3305459518474
0.0,64.56325928922485,654.3305459518474,0.0,63.74680153106566,654.3305459518474,0.0,53.98216970548328,654.3305459518474,0.0,66.63447063340833,654.3305459518474,0.0,103.67583791886409,654.3305459518474,0.0,87.33777615354748,654.3305459518474
0.0,29.719038838727222,654.3305459518474,0.0,23.833129405520804,654.3305459518474,0.0,7.087678065831289,654.3305459518474,0.0,48.26546451794064,654.3305459518474,0.0,57.173016133361294,654.3305459518474,0.0,40.18691089106113,654.3305459518474
0.0,30.3796225460927,654.3305459518474,0.0,17.86694276178249,654.3305459518474,0.0,2.269741914363248,654.3305459518474,0.0,45.103845734141466,654.3305459518474,0.0,52.029468498480604,654.3305459518474,0.0,30.5542180779668,654.3305459518474
0.0,27.644292546731865,654.3305459518474,0.0,19.321905527399956,654.3305459518474,0.0,0.8147791487457813,654.3305459518474,0.0,25.49094765361801,654.3305459518474,0.0,50.45810871161374,654.3305459518474,0.0,22.98841169675597,654.3305459518474
0.0,21.533448931138505,654.3305459518474,0.0,20.660471271768024,654.3305459518474,0.0,0.174595531874096,654.3305459518474,0.0,11.232312550566842,654.3305459518474,0.0,48.421160839749284,654.3305459518474,0.0,16.295582974915625,654.3305459518474
0.0,21.824441484261996,654.3305459518474,0.0,20.25308169739513,654.3305459518474,0.0,0.05819851062469866,654.3305459518474,0.0,6.867424253714441,654.3305459518474,0.0,45.51123530851436,654.3305459518474,0.0,13.56025297555479,654.3305459518474
0.0,29.681240418596317,654.3305459518474,0.0,20.07848616552104,654.3305459518474,0.0,0.05819851062469866,654.3305459518474,0.0,8.380585529956607,654.3305459518474,0.0,41.26274403291135,654.3305459518474,0.0,13.443855954305391,654.3305459518474
0.0,35.38469445981679,654.3305459518474,0.0,21.184257867390315,654.3305459518474,0.0,0.11639702124939733,654.3305459518474,0.0,11.523305103690335,654.3305459518474,0.0,37.88723041667883,654.3305459518474,0.0,13.0946648905572,654.3305459518474
0.0,31.07800467358909,654.3305459518474,0.0,19.90389063364694,654.3305459518474,0.0,0.349191063748192,654.3305459518474,0.0,18.332530846780077,654.3305459518474,0.0,34.97730488544389,654.3305459518474,0.0,12.047091699312622,654.3305459518474
0.0,28.34267467422825,654.3305459518474,0.0,15.71359786866864,654.3305459518474,0.0,0.698382127496384,654.3305459518474,0.0,28.517270206102342,654.3305459518474,0.0,31.543592758586676,654.3305459518474,0.0,11.34870957181624,654.3305459518474
0.0,29.332049354848124,654.3305459518474,0.0,13.56025297555479,654.3305459518474,0.0,1.5131612762421651,654.3305459518474,0.0,35.966679566063775,654.3305459518474,0.0,27.877086589230657,654.3305459518474,0.0,11.639702124939733,654.3305459518474
0.0,28.982858291099934,654.3305459518474,0.0,12.62907680555961,654.3305459518474,0.0,2.3279404249879465,654.3305459518474,0.0,42.135721692281834,654.3305459518474,0.0,24.559771483622836,654.3305459518474,0.0,13.0946648905572,654.3305459518474
0.0,26.829513397986084,654.3305459518474,0.0,11.174114039942143,654.3305459518474,0.0,2.6771314887361384,654.3305459518474,0.0,46.55880849975893,654.3305459518474,0.0,20.835066803642118,654.3305459518474,0.0,15.073414251796954,654.3305459518474
0.0,57.27254801192875,654.3305459518474,0.0,30.924164690178902,654.3305459518474,0.0,39.58338027186211,654.3305459518474,0.0,59.21950247475099,654.3305459518474,0.0,39.8395761657114,654.3305459518474,0.0,35.293733357301406,654.3305459518474
0.0,114.10194209673723,654.3305459518474,0.0,71.86032954620444,654.3305459518474,0.0,108.15165290220767,654.3305459518474,0.0,110.59695804191819,654.3305459518474,0.0,90.5076102554286,654.3305459518474,0.0,104.01920318988397,654.3305459518474
0.0,175.67685498259368,654.3305459518474,0.0,129.99517132552018,654.3305459518474,0.0,175.7855698727163,654.3305459518474,0.0,190.3363429513492,654.3305459518474,0.0,156.72268427103728,654.3305459518474,0.0,186.48605823856394,654.3305459518474
0.0,233.78325908231875,654.3305459518474,0.0,177.30809188949866,654.3305459518474,0.0,228.35057523271306,654.3305459518474,0.0,218.94210568606545,654.3305459518474,0.0,173.78138459274257,654.3305459518474,0.0,237.25476962930688,654.3305459518474
0.0,268.23881143952383,654.3305459518474,0.0,218.20963781523506,654.3305459518474,0.0,263.5076892072563,654.3305459518474,0.0,235.89544833647489,654.3305459518474,0.0,159.0616640459788,654.3305459518474,0.0,270.6895078654447,654.3305459518474
0.0,284.1067824785579,654.3305459518474,0.0,252.07534520608132,654.3305459518474,0.0,281.6564415106071,654.3305459518474,0.0,266.9361877768883,654.3305459518474,0.0,173.0530639052271,654.3305459518474,0.0,284.58340991350906,654.3305459518474
0.0,282.93495240595206,654.3305459518474,0.0,271.4541260926627,654.3305459518474,0.0,284.86839894491914,654.3305459518474,0.0,247.3749514983209,654.3305459518474,0.0,201.17901971515042,654.3305459518474,0.0,283.51693751219904,654.3305459518474
0.0,270.5353124240644,654.3305459518474,0.0,266.765127192826,654.3305459518474,0.0,273.09322285967954,654.3305459518474,0.0,187.01284659504293,654.3305459518474,0.0,227.17521021229533,654.3305459518474,0.0,265.08187302599475,654.3305459518474
0.0,245.59287636886248,654.3305459518474,0.0,237.02683368606324,654.3305459518474,0.0,245.41545680511672,654.3305459518474,0.0,138.94652488278513,654.3305459518474,0.0,193.3063233316073,654.3305459518474,0.0,235.755649463875,654.3305459518474
0.0,185.08125639447428,654.3305459518474,0.0,191.85471778481667,654.3305459518474,0.0,199.34042468448064,654.3305459518474,0.0,95.5581627204104,649.8887086722577,0.0,166.64787051768346,654.3305459518474,0.0,208.225719871009,654.3305459518474
0.0,108.78512208142575,654.3305459518474,0.0,127.21100355607484,654.3305459518474,0.0,135.14339933067095,654.3305459518474,0.0,66.0526632561464,615.9413719284041,0.0,115.72346280513189,654.3305459518474,0.0,153.2807568260981,654.3305459518474
0.0,57.41402549394205,654.3305459518474,0.0,57.249146160578256,654.3305459518474,0.0,61.415859345221016,654.3305459518474,0.0,46.93811585251123,653.4918646104131,0.0,62.95242247281367,654.3305459518474,0.0,90.95394367239064,654.3305459518474
0.0,35.2478973480736,654.3305459518474,0.0,9.799428484856577,654.3305459518474,0.0,13.698728696711388,654.3305459518474,0.0,31.345417646377033,654.3305459518474,0.0,27.97308351998626,654.3305459518474,0.0,48.44323953965649,654.3305459518474
0.0,38.23642148042702,654.3305459518474,0.0,3.1427195737337277,654.3305459518474,0.0,7.624004891835525,654.3305459518474,0.0,32.59116594983125,654.3305459518474,0.0,23.86138935612645,654.3305459518474,0.0,45.220242755390856,654.3305459518474
0.0,42.60130977727942,654.3305459518474,0.0,2.444337446237344,654.3305459518474,0.0,7.624004891835525,654.3305459518474,0.0,36.08307658731317,654.3305459518474,0.0,25.607344674867413,654.3305459518474,0.0,45.51123530851436,654.3305459518474
0.0,43.5324859472746,654.3305459518474,0.0,2.269741914363248,654.3305459518474,0.0,8.962570636203594,654.3305459518474,0.0,40.447964884165565,654.3305459518474,0.0,24.908962547371026,654.3305459518474,0.0,46.20961743601074,654.3305459518474
0.0,46.03502190413665,654.3305459518474,0.0,2.3279404249879465,654.3305459518474,0.0,9.311761699951786,654.3305459518474,0.0,44.114471053521584,654.3305459518474,0.0,23.62859531362766,654.3305459518474,0.0,47.02439658475652,654.3305459518474
0.0,49.11954296724567,654.3305459518474,0.0,3.4337121268572206,654.3305459518474,0.0,9.369960210576485,654.3305459518474,0.0,46.966198074131825,654.3305459518474,0.0,22.63922063300778,654.3305459518474,0.0,45.91862488288725,654.3305459518474
0.0,50.05071913724085,654.3305459518474,0.0,5.9362480837192635,654.3305459518474,0.0,10.417533401821059,654.3305459518474,0.0,48.362962329124585,654.3305459518474,0.0,22.581022122383082,654.3305459518474,0.0,46.20961743601074,654.3305459518474
0.0,47.25719062725532,654.3305459518474,0.0,8.380585529956607,654.3305459518474,0.0,11.697900635564432,654.3305459518474,0.0,49.52693254161856,654.3305459518474,0.0,21.475250420513806,654.3305459518474,0.0,45.04564722351677,654.3305459518474
0.0,44.114471053521584,654.3305459518474,0.0,8.6715780830801,654.3305459518474,0.0,12.861870848058405,654.3305459518474,0.0,50.45810871161374,654.3305459518474,0.0,18.914515953027067,654.3305459518474,0.0,42.42671424540532,654.3305459518474
0.0,41.14634701166195,654.3305459518474,0.0,8.496982551206004,654.3305459518474,0.0,13.56025297555479,654.3305459518474,0.0,51.272887860359525,654.3305459518474,0.0,16.93576659178731,654.3305459518474,0.0,39.3421931822963,654.3305459518474
0.0,29.85583595047041,654.3305459518474,0.0,7.914997444959019,654.3305459518474,0.0,14.142238081801773,654.3305459518474,0.0,51.56388041348302,654.3305459518474,0.0,15.71359786866864,654.3305459518474,0.0,35.79208403418968,654.3305459518474
0.0,19.089111484901164,654.3305459518474,0.0,6.576431700590949,654.3305459518474,0.0,14.957017230547557,654.3305459518474,0.0,51.56388041348302,654.3305459518474,0.0,13.676649996804183,654.3305459518474,0.0,31.834585311710175,654.3305459518474
0.0,22.00857548566135,654.3305459518474,0.0,41.927040417073755,654.3305459518474,0.0,51.97966303492292,654.3305459518474,0.0,82.60930022416646,654.3305459518474,0.0,20.948462064034825,654.3305459518474,0.0,63.344092326962866,654.3305459518474
0.0,29.768054337796777,654.3305459518474,0.0,109.26996483445889,654.3305459518474,0.0,118.49208858333859,654.3305459518474,0.0,121.12152772444844,654.3305459518474,0.0,45.799581558751264,654.3305459518474,0.0,121.32791815474008,654.3305459518474
0.0,47.51577604645824,654.3305459518474,0.0,176.9385007352567,654.3305459518474,0.0,184.58608520742774,654.3305459518474,0.0,169.42382296904682,654.3305459518474,0.0,80.81353944186783,654.3305459518474,0.0,175.92837050617288,654.3305459518474
0.0,85.2950024889547,639.625548440802,0.0,230.55425877633974,654.3305459518474,0.0,235.05594418493533,654.3305459518474,0.0,222.72968924694095,654.3305459518474,0.0,125.82677953146401,654.3305459518474,0.0,211.63920963635752,654.3305459518474
0.0,110.63060927873417,648.1300358637894,0.0,265.1797262951489,654.3305459518474,0.0,268.00151475574006,654.3305459518474,0.0,268.88331996869556,654.3305459518474,0.0,171.73975635060802,654.3305459518474,0.0,244.84115382999656,654.3305459518474
0.0,136.99806953953455,654.3305459518474,0.0,283.43701575963723,654.3305459518474,0.0,285.3276280502332,654.3305459518474,0.0,282.3352135120979,654.3305459518474,0.0,214.46435531577546,654.3305459518474,0.0,286.5181796039195,654.3305459518474
0.0,174.42810491828277,654.3305459518474,0.0,285.6674583734412,654.3305459518474,0.0,288.6056438552818,654.3305459518474,0.0,285.0391040710113,654.3305459518474,0.0,241.96902671889254,654.3305459518474,0.0,298.5072505215924,654.3305459518474
0.0,186.8213859204869,654.3305459518474,0.0,271.3394076808267,654.3305459518474,0.0,280.1399230155382,654.3305459518474,0.0,282.67336522589244,654.3305459518474,0.0,246.15463911360072,654.3305459518474,0.0,284.91220088676346,654.3305459518474
0.0,171.53522225871487,654.3305459518474,0.0,240.3443265206561,654.3305459518474,0.0,254.79795724607516,654.3305459518474,0.0,243.09466532430042,654.3305459518474,0.0,255.7008734654647,654.3305459518474,0.0,257.7110622671518,654.3305459518474
0.0,116.10073609050067,654.3305459518474,0.0,192.17414801753085,654.3305459518474,0.0,211.86564469917283,654.3305459518474,0.0,202.98431896697429,654.3305459518474,0.0,209.5519231139802,654.3305459518474,0.0,212.1944356724272,654.3305459518474
0.0,88.1523775733082,642.4829235251556,0.0,127.4958148584999,654.3305459518474,0.0,155.2533249366394,654.3305459518474,0.0,137.83253786283387,654.3305459518474,0.0,145.10638399744803,654.3305459518474,0.0,147.39184563203497,654.3305459518474
0.0,70.67056795700634,654.3305459518474,0.0,53.89253175441119,654.3305459518474,0.0,87.71372628747297,654.3305459518474,0.0,95.03402066681798,654.3305459518474,0.0,69.79962436501937,654.3305459518474,0.0,70.8282983461985,654.3305459518474
0.0,32.940357013579444,654.3305459518474,0.0,7.93707614486622,654.3305459518474,0.0,43.364249395084,654.3305459518474,0.0,58.829333501030156,654.3305459518474,0.0,17.815103230841295,654.3305459518474,0.0,20.806806853036473,654.3305459518474
0.0,11.872496167438527,654.3305459518474,0.0,3.6665061693560155,654.3305459518474,0.0,37.770833395429435,654.3305459518474,0.0,52.3786595622288,654.3305459518474,0.0,8.438784040581305,654.3305459518474,0.0,12.745473826809006,654.3305459518474
0.0,3.3755136162325226,654.3305459518474,0.0,3.1427195737337277,654.3305459518474,0.0,36.665061693560155,654.3305459518474,0.0,51.913071477231206,654.3305459518474,0.0,5.878049573094565,654.3305459518474,0.0,9.253563189327087,654.3305459518474
0.0,0.23279404249879465,654.3305459518474,0.0,3.084521063109029,654.3305459518474,0.0,38.52741403355052,654.3305459518474,0.0,52.4368580728535,654.3305459518474,0.0,4.888674892474688,654.3305459518474,0.0,5.761652551845168,654.3305459518474
0.0,0.4655880849975893,654.3305459518474,0.0,3.7247046799807144,654.3305459518474,0.0,38.58561254417521,654.3305459518474,0.0,52.4368580728535,654.3305459518474,0.0,4.830476381849989,654.3305459518474,0.0,2.560734467486741,654.3305459518474
0.0,1.0475731912445758,654.3305459518474,0.0,2.269741914363248,654.3305459518474,0.0,36.31587062981197,654.3305459518474,0.0,52.0876670091053,654.3305459518474,0.0,5.470659998721674,654.3305459518474,0.0,0.7565806381210826,654.3305459518474
0.0,2.8517270206102348,654.3305459518474,0.0,1.1639702124939733,654.3305459518474,0.0,34.39531977919691,654.3305459518474,0.0,52.2622625409794,654.3305459518474,0.0,7.624004891835525,654.3305459518474,0.0,0.05819851062469866,654.3305459518474
0.0,2.793528509985536,654.3305459518474,0.0,1.9787493612397546,654.3305459518474,0.0,34.8609078641945,654.3305459518474,0.0,51.971269987855905,654.3305459518474,0.0,10.417533401821059,654.3305459518474,0.0,0.0,654.3305459518474
0.0,2.5025359568620424,654.3305459518474,0.0,4.248491275603002,654.3305459518474,0.0,39.516788714170396,654.3305459518474,0.0,51.331086370984224,654.3305459518474,0.0,13.211061911806597,654.3305459518474,0.0,0.0,654.3305459518474
0.0,3.3755136162325226,654.3305459518474,0.0,6.98382127496384,654.3305459518474,0.0,40.56436190541496,654.3305459518474,0.0,49.93432211599145,654.3305459518474,0.0,13.443855954305391,654.3305459518474,0.0,0.698382127496384,654.3305459518474
0.0,5.296064466847579,654.3305459518474,0.0,6.576431700590949,654.3305459518474,0.0,40.33156786291617,654.3305459518474,0.0,46.09322041476134,654.3305459518474,0.0,13.211061911806597,654.3305459518474,0.0,3.0263225524843302,654.3305459518474
0.0,6.227240636842756,654.3305459518474,0.0,3.899300211854811,654.3305459518474,0.0,40.33156786291617,654.3305459518474,0.0,40.447964884165565,654.3305459518474,0.0,14.025841060552379,654.3305459518474,0.0,9.544555742450582,654.3305459518474
0.0,29.956868709466228,654.3305459518474,0.0,24.103899597135555,654.3305459518474,0.0,66.41271594086314,654.3305459518474,0.0,71.61296120594018,654.3305459518474,0.0,28.869818488677343,654.3305459518474,0.0,48.7630252303408,654.3305459518474
0.0,45.168936411404836,654.3305459518474,0.0,89.0464662391127,654.3305459518474,0.0,95.88209559440963,654.3305459518474,0.0,119.05331814112166,654.3305459518474,0.0,71.19170824974205,654.3305459518474,0.0,122.4291872153243,654.3305459518474
0.0,56.27716980959549,654.3305459518474,0.0,185.1555300832928,654.3305459518474,0.0,151.39800439561392,654.3305459518474,0.0,174.216856388736,654.3305459518474,0.0,137.6506156578031,654.3305459518474,0.0,194.2612568109231,654.3305459518474
0.0,70.9968903563592,625.3274363082066,0.0,239.29975509026823,654.3305459518474,0.0,193.0089717988003,654.3305459518474,0.0,251.8358367259289,654.3305459518474,0.0,203.86886916325352,654.3305459518474,0.0,244.59581955711582,654.3305459518474
0.0,90.68556300612953,616.0129993143362,0.0,274.3404720435621,654.3305459518474,0.0,158.43702242034578,654.3305459518474,0.0,271.939758810184,654.3305459518474,0.0,254.7854170156932,654.3305459518474,0.0,260.10673967228973,654.3305459518474
0.0,155.70990773906692,654.3305459518474,0.0,291.79870207952837,654.3305459518474,0.0,210.55215941556864,654.3305459518474,0.0,274.527252347848,654.3305459518474,0.0,288.7329024974998,654.3305459518474,0.0,245.4216380558152,654.3305459518474
0.0,103.71584813536356,654.3305459518474,0.0,294.20374022520645,654.3305459518474,0.0,286.53690108499984,654.3305459518474,0.0,270.2535028824961,654.3305459518474,0.0,297.1041272869162,654.3305459518474,0.0,257.0426186996745,654.3305459518474
0.0,90.24355450146747,644.5741004533148,0.0,281.21425527696005,654.3305459518474,0.0,246.41083500745,654.3305459518474,0.0,257.22153914384864,654.3305459518474,0.0,292.3223109461656,654.3305459518474,0.0,286.4253621630056,654.3305459518474
0.0,75.15892317073185,619.7330236240467,0.0,251.95726957541854,654.3305459518474,0.0,131.85884681695381,654.3305459518474,0.0,241.80025697974673,654.3305459518474,0.0,268.0342773476307,654.3305459518474,0.0,254.82621719668083,654.3305459518474
0.0,57.27440435032722,577.007427974374,0.0,202.03327589344048,654.3305459518474,0.0,57.00831452898255,611.3388604808299,0.0,204.57625657332,654.3305459518474,0.0,222.02530359773115,654.3305459518474,0.0,194.69054735621813,654.3305459518474
0.0,39.79727510429545,516.8047030786694,0.0,135.90148084922038,654.3305459518474,0.0,37.61699341201925,548.9558538928492,0.0,147.29081287303916,654.3305459518474,0.0,151.62611806784264,654.3305459518474,0.0,136.81525868957846,654.3305459518474
0.0,27.58644949407728,538.8738626739312,0.0,66.11571986602627,654.3305459518474,0.0,24.61496823339084,568.6478284795619,0.0,91.81270249196577,654.3305459518474,0.0,78.34376607689649,654.3305459518474,0.0,71.77519423641738,654.3305459518474
0.0,2.629972328065041,540.9778405363832,0.0,24.632188834042886,654.3305459518474,0.0,17.92514127240719,582.9879414974877,0.0,51.77945385532976,654.3305459518474,0.0,27.277880882331626,654.3305459518474,0.0,27.98412286993986,654.3305459518474
0.0,0.05819851062469866,541.0243993448829,0.0,18.73992042115297,654.3305459518474,0.0,28.982858291099934,606.1742281303676,0.0,43.06689786227701,654.3305459518474,0.0,14.142238081801773,654.3305459518474,0.0,26.829513397986084,654.3305459518474
0.0,0.05819851062469866,541.0709581533827,0.0,18.79811893177767,654.3305459518474,0.0,28.924659780475235,629.3139559547478,0.0,38.87660509729871,654.3305459518474,0.0,8.380585529956607,654.3305459518474,0.0,32.88215850295474,654.3305459518474
0.0,0.4655880849975893,541.4434286213807,0.0,17.634148719283694,654.3305459518474,0.0,22.581022122383082,647.3787736526543,0.0,33.638739141075824,654.3305459518474,0.0,3.6665061693560155,654.3305459518474,0.0,39.80778126729388,654.3305459518474
0.0,1.8041538293656585,542.8867516848732,0.0,16.470178506789722,654.3305459518474,0.0,17.80874425115779,654.3305459518474,0.0,30.3796225460927,654.3305459518474,0.0,1.9787493612397546,654.3305459518474,0.0,47.02439658475652,654.3305459518474
0.0,3.841101701230112,545.9596330458572,0.0,13.734848507428882,654.3305459518474,0.0,14.957017230547557,654.3305459518474,0.0,29.623041907971622,654.3305459518474,0.0,1.74595531874096,654.3305459518474,0.0,50.749101264737234,654.3305459518474
0.0,6.285439147467455,550.9879843638312,0.0,10.126540848697566,654.3305459518474,0.0,14.72422318804876,654.3305459518474,0.0,27.877086589230657,654.3305459518474,0.0,2.444337446237344,654.3305459518474,0.0,51.214689349734826,654.3305459518474
0.0,8.380585529956607,557.6924527877965,0.0,7.85679893433432,654.3305459518474,0.0,16.58657552803912,654.3305459518474,0.0,25.083558079245122,654.3305459518474,0.0,3.317315105607824,654.3305459518474,0.0,51.44748339223362,654.3305459518474
0.0,9.13716616807769,565.0021857222587,0.0,7.100218296213236,654.3305459518474,0.0,19.26370701677526,654.3305459518474,0.0,21.824441484261996,654.3305459518474,0.0,4.539483828726496,654.3305459518474,0.0,52.4368580728535,654.3305459518474
0.0,10.126540848697566,573.1034184012167,0.0,6.51823318996625,654.3305459518474,0.0,26.422123823613195,654.3305459518474,0.0,19.845692123022243,654.3305459518474,0.0,6.634630211215648,654.3305459518474,0.0,53.600828285347475,654.3305459518474
0.0,11.75609914618913,582.508297718168,0.0,5.9362480837192635,654.3305459518474,0.0,30.14682850359391,654.3305459518474,0.0,15.946391911167435,654.3305459518474,0.0,9.544555742450582,654.3305459518474,0.0,54.47380594471795,654.3305459518474
0.0,13.385657443680692,593.2168236731126,0.0,7.216615317462634,654.3305459518474,0.0,30.3796225460927,654.3305459518474,0.0,13.785187157941733,654.3305459518474,0.0,13.793047018053581,654.3305459518474,0.0,53.89182083847097,654.3305459518474
0.0,50.06697204441973,633.2704013086484,0.0,47.18380558336209,654.3305459518474,0.0,41.7820279872486,654.3305459518474,0.0,50.49326082885806,654.3305459518474,0.0,35.24339470678855,654.3305459518474,0.0,69.25640537237646,654.3305459518474
0.0,115.79755876496534,654.3305459518474,0.0,109.3014042749063,654.3305459518474,0.0,81.53850291055646,654.3305459518474,0.0,120.58255459555765,654.3305459518474,0.0,76.81656368984402,654.3305459518474,0.0,127.41014636175765,654.3305459518474
0.0,194.00170369824698,654.3305459518474,0.0,172.69937020019387,654.3305459518474,0.0,136.04613782107546,654.3305459518474,0.0,189.61323582105905,654.3305459518474,0.0,131.38857836168611,654.3305459518474,0.0,163.14138558243604,654.3305459518474
0.0,243.57968580631862,654.3305459518474,0.0,225.60570676382693,654.3305459518474,0.0,194.5223108040275,654.3305459518474,0.0,236.51876681066466,654.3305459518474,0.0,176.26652221996747,654.3305459518474,0.0,166.97162566269762,654.3305459518474
0.0,275.14421184235425,654.3305459518474,0.0,259.6727687567246,654.3305459518474,0.0,245.10538731294275,654.3305459518474,0.0,265.15914847567,654.3305459518474,0.0,211.2569005227485,654.3305459518474,0.0,184.62803081087358,654.3305459518474
0.0,286.554477143622,654.3305459518474,0.0,276.96426312092876,654.3305459518474,0.0,269.3477626312349,654.3305459518474,0.0,276.6322926578326,654.3305459518474,0.0,241.095871330537,654.3305459518474,0.0,245.6838374713778,654.3305459518474
0.0,273.6531292660193,654.3305459518474,0.0,279.37716112671865,654.3305459518474,0.0,267.27619582908125,654.3305459518474,0.0,278.1061546335154,654.3305459518474,0.0,250.33071303878367,654.3305459518474,0.0,257.49831285717676,654.3305459518474
0.0,235.1848814365667,654.3305459518474,0.0,267.7419616430639,654.3305459518474,0.0,251.08579279647643,654.3305459518474,0.0,267.6680434122155,654.3305459518474,0.0,250.42353047969755,654.3305459518474,0.0,247.90173985479993,654.3305459518474
0.0,187.7742853324192,654.3305459518474,0.0,243.29187274303692,654.3305459518474,0.0,219.8846766639843,654.3305459518474,0.0,237.6073179118819,654.3305459518474,0.0,239.0510635985607,654.3305459518474,0.0,218.92320647599996,654.3305459518474
0.0,138.68847265053736,654.3305459518474,0.0,201.09256125392002,654.3305459518474,0.0,173.79710431296627,654.3305459518474,0.0,190.61214897120416,654.3305459518474,0.0,198.5144284567962,654.3305459518474,0.0,197.52787780804795,654.3305459518474
0.0,86.59523662623667,640.9257825780841,0.0,129.98395424658153,654.3305459518474,0.0,114.31265743932883,654.3305459518474,0.0,128.3231342376276,654.3305459518474,0.0,142.4590133397459,654.3305459518474,0.0,162.0797712803812,654.3305459518474
0.0,58.75709387959516,654.3305459518474,0.0,64.31306691708893,654.3305459518474,0.0,58.19118395154199,654.3305459518474,0.0,57.725773595529446,654.3305459518474,0.0,77.76178097064948,654.3305459518474,0.0,96.9279901762408,654.3305459518474
0.0,41.63869416683684,654.3305459518474,0.0,34.76658954285231,654.3305459518474,0.0,22.036835436266998,654.3305459518474,0.0,10.881620606390303,654.3305459518474,0.0,33.796114072297875,654.3305459518474,0.0,49.26905803835587,654.3305459518474
0.0,36.665061693560155,654.3305459518474,0.0,37.88723041667883,654.3305459518474,0.0,17.75054574053309,654.3305459518474,0.0,4.073895743728906,654.3305459518474,0.0,28.400873184852944,654.3305459518474,0.0,37.188848289182445,654.3305459518474
0.0,36.19947360856257,654.3305459518474,0.0,41.029949990412554,654.3305459518474,0.0,19.147309995525863,654.3305459518474,0.0,2.3279404249879465,654.3305459518474,0.0,30.03043148234451,654.3305459518474,0.0,27.818888078605962,654.3305459518474
0.0,34.97730488544389,654.3305459518474,0.0,40.447964884165565,654.3305459518474,0.0,21.184257867390315,654.3305459518474,0.0,0.6401836168716852,654.3305459518474,0.0,32.41657041795716,654.3305459518474,0.0,17.983339783031887,654.3305459518474
0.0,32.70756297108065,654.3305459518474,0.0,38.87660509729871,654.3305459518474,0.0,21.475250420513806,654.3305459518474,0.0,0.05819851062469866,654.3305459518474,0.0,32.53296743920656,654.3305459518474,0.0,10.999518508068046,654.3305459518474
0.0,31.136203184213784,654.3305459518474,0.0,40.38976637354087,654.3305459518474,0.0,21.009662335516218,654.3305459518474,0.0,0.0,654.3305459518474,0.0,32.41657041795716,654.3305459518474,0.0,8.089592976833115,654.3305459518474
0.0,33.17315105607824,654.3305459518474,0.0,44.92925020226737,654.3305459518474,0.0,20.136684676145737,654.3305459518474,0.0,0.0,654.3305459518474,0.0,30.96160765233969,654.3305459518474,0.0,7.449409359961429,654.3305459518474
0.0,34.104327226073416,654.3305459518474,0.0,47.606381691003506,654.3305459518474,0.0,19.438302548649354,654.3305459518474,0.0,0.0,654.3305459518474,0.0,28.168079142354156,654.3305459518474,0.0,7.624004891835525,654.3305459518474
0.0,33.114952545453534,654.3305459518474,0.0,48.82855041412218,654.3305459518474,0.0,19.089111484901164,654.3305459518474,0.0,0.0,654.3305459518474,0.0,25.14175658986982,654.3305459518474,0.0,8.496982551206004,654.3305459518474
0.0,30.205027014218608,654.3305459518474,0.0,49.52693254161856,654.3305459518474,0.0,19.20550850615056,654.3305459518474,0.0,0.05819851062469866,654.3305459518474,0.0,24.152381909249943,654.3305459518474,0.0,8.496982551206004,654.3305459518474
0.0,26.1311312704897,654.3305459518474,0.0,49.87612360536675,654.3305459518474,0.0,17.517751698034296,654.3305459518474,0.0,0.2909925531234933,654.3305459518474,0.0,23.86138935612645,654.3305459518474,0.0,9.486357231825883,654.3305459518474
0.0,26.356065452876646,654.3305459518474,0.0,47.315389137880004,654.3305459518474,0.0,14.898818719922858,654.3305459518474,0.0,1.7884341091419595,654.3305459518474,0.0,22.914493465907572,654.3305459518474,0.0,10.88312148681865,654.3305459518474
0.0,62.603231409065486,654.3305459518474,0.0,64.85557499379162,654.3305459518474,0.0,27.37555642250063,654.3305459518474,0.0,39.850793244650056,654.3305459518474,0.0,59.88998010961184,654.3305459518474,0.0,35.51716665925999,654.3305459518474
0.0,134.7876715582542,654.3305459518474,0.0,81.46458467970805,654.3305459518474,0.0,53.4945029205785,654.3305459518474,0.0,106.86810617862255,654.3305459518474,0.0,137.2194687741096,654.3305459518474,0.0,94.61144455917656,654.3305459518474
0.0,200.94772655307995,654.3305459518474,0.0,161.25580912008024,654.3305459518474,0.0,90.79710192812374,654.3305459518474,0.0,173.82722060197037,654.3305459518474,0.0,206.18877199914456,654.3305459518474,0.0,153.80957924996062,654.3305459518474
0.0,245.93588618191225,654.3305459518474,0.0,215.4047144973258,654.3305459518474,0.0,127.35884001777166,654.3305459518474,0.0,227.01668985861508,654.3305459518474,0.0,255.39866383340257,654.3305459518474,0.0,208.3376142509734,654.3305459518474
0.0,275.4084453253005,654.3305459518474,0.0,224.10941063026672,654.3305459518474,0.0,158.59925545082297,654.3305459518474,0.0,261.6578770976479,654.3305459518474,0.0,282.6391017535734,654.3305459518474,0.0,265.7473148326154,654.3305459518474
0.0,291.1506586025448,654.3305459518474,0.0,234.19515129797668,654.3305459518474,0.0,183.26942043398182,654.3305459518474,0.0,278.32490756520394,654.3305459518474,0.0,287.46021739488316,654.3305459518474,0.0,267.2526162487457,654.3305459518474
0.0,290.3815377340418,654.3305459518474,0.0,184.5243517489912,654.3305459518474,0.0,193.72793174577555,654.3305459518474,0.0,271.506143352589,654.3305459518474,0.0,286.0948925803378,654.3305459518474,0.0,260.62098779838675,654.3305459518474
0.0,261.03023371115813,654.3305459518474,0.0,157.2021357378601,654.3305459518474,0.0,198.13211934318718,654.3305459518474,0.0,249.63418724968574,654.3305459518474,0.0,279.19903064703266,654.3305459518474,0.0,233.64628424159048,654.3305459518474
0.0,175.54173648026392,654.3305459518474,0.0,179.12911086154628,654.3305459518474,0.0,202.68414340229566,654.3305459518474,0.0,209.3539257307556,654.3305459518474,0.0,255.99318917003148,654.3305459518474,0.0,189.32188780996543,654.3305459518474
0.0,139.9536533510122,654.3305459518474,0.0,144.8889542172028,654.3305459518474,0.0,194.62581213692485,654.3305459518474,0.0,157.70905719080045,654.3305459518474,0.0,213.26541071502226,654.3305459518474,0.0,183.39968083705645,654.3305459518474
0.0,111.67350209970864,654.3305459518474,0.0,104.47021697711608,654.3305459518474,0.0,162.7781534078776,654.3305459518474,0.0,103.46883525306943,654.3305459518474,0.0,158.40858474075506,654.3305459518474,0.0,148.03653189019172,654.3305459518474
0.0,47.794228369199786,654.3305459518474,0.0,82.97103151829661,654.3305459518474,0.0,97.40143812135024,654.3305459518474,0.0,45.70994360767917,654.3305459518474,0.0,91.53124840836752,654.3305459518474,0.0,85.29614791141292,654.3305459518474
0.0,5.093208984367835,654.3305459518474,0.0,60.57528881977111,654.3305459518474,0.0,50.59976392261209,654.3305459518474,0.0,8.566220411784304,654.3305459518474,0.0,44.46216123684143,654.3305459518474,0.0,31.592430528671176,654.3305459518474
0.0,1.0475731912445758,654.3305459518474,0.0,54.76479849784145,654.3305459518474,0.0,43.64888296852399,654.3305459518474,0.0,3.608307658731317,654.3305459518474,0.0,37.53803935293064,654.3305459518474,0.0,18.27433233615538,654.3305459518474
0.0,4.888674892474688,654.3305459518474,0.0,53.42623275347337,654.3305459518474,0.0,44.17266956414628,654.3305459518474,0.0,1.4549627656174666,654.3305459518474,0.0,37.47984084230594,654.3305459518474,0.0,12.279885741811418,654.3305459518474
0.0,14.258635103051171,654.3305459518474,0.0,51.15649083911013,654.3305459518474,0.0,44.40546360664508,654.3305459518474,0.0,0.4655880849975893,654.3305459518474,0.0,37.53803935293064,654.3305459518474,0.0,10.184739359322265,654.3305459518474
0.0,21.591647441763204,654.3305459518474,0.0,49.52693254161856,654.3305459518474,0.0,43.88167701102279,654.3305459518474,0.0,0.174595531874096,654.3305459518474,0.0,38.993002118548105,654.3305459518474,0.0,8.962570636203594,654.3305459518474
0.0,27.877086589230657,654.3305459518474,0.0,49.468734030993865,654.3305459518474,0.0,40.85535445853846,654.3305459518474,0.0,0.05819851062469866,654.3305459518474,0.0,38.12002445917762,654.3305459518474,0.0,5.645255530595771,654.3305459518474
0.0,30.3796225460927,654.3305459518474,0.0,48.07196977600109,654.3305459518474,0.0,36.19947360856257,654.3305459518474,0.0,0.0,654.3305459518474,0.0,37.247046799807144,654.3305459518474,0.0,3.084521063109029,654.3305459518474
0.0,30.5542180779668,654.3305459518474,0.0,46.966198074131825,654.3305459518474,0.0,29.97223297171981,654.3305459518474,0.0,0.0,654.3305459518474,0.0,35.79208403418968,654.3305459518474,0.0,1.74595531874096,654.3305459518474
0.0,32.00918084358427,654.3305459518474,0.0,48.07196977600109,654.3305459518474,0.0,25.72374169611681,654.3305459518474,0.0,0.23279404249879465,654.3305459518474,0.0,33.92973169419932,654.3305459518474,0.0,0.7565806381210826,654.3305459518474
0.0,34.104327226073416,654.3305459518474,0.0,48.71215339287278,654.3305459518474,0.0,16.52837701741442,654.3305459518474,0.0,1.3385657443680692,654.3305459518474,0.0,30.437821056717404,654.3305459518474,0.0,0.174595531874096,654.3305459518474
0.0,30.96160765233969,654.3305459518474,0.0,49.81792509474205,654.3305459518474,0.0,9.660952763699978,654.3305459518474,0.0,2.735329999360837,654.3305459518474,0.0,25.25815361111922,654.3305459518474,0.0,0.0,654.3305459518474
0.0,26.522801124638892,654.3305459518474,0.0,52.18048445001915,654.3305459518474,0.0,8.7722553841058,654.3305459518474,0.0,4.574102759015645,654.3305459518474,0.0,23.845669635902752,654.3305459518474,0.0,1.023993610909027,654.3305459518474
0.0,59.78144294847429,654.3305459518474,0.0,92.7988976827439,654.3305459518474,0.0,48.7315857898934,654.3305459518474,0.0,43.427661462933976,654.3305459518474,0.0,54.37684132048917,654.3305459518474,0.0,41.30107563999743,654.3305459518474
0.0,133.3626473526558,654.3305459518474,0.0,154.63804405154656,654.3305459518474,0.0,115.88887532545084,654.3305459518474,0.0,106.18544377134987,654.3305459518474,0.0,115.74103886375406,654.3305459518474,0.0,110.64950848879961,654.3305459518474
0.0,210.06131314082205,654.3305459518474,0.0,190.31108476160026,654.3305459518474,0.0,172.5734347094192,654.3305459518474,0.0,170.28179182413382,654.3305459518474,0.0,178.66555684393217,654.3305459518474,0.0,177.38368872976048,654.3305459518474
0.0,265.932594256473,654.3305459518474,0.0,207.9974284697953,654.3305459518474,0.0,215.90677785101096,654.3305459518474,0.0,221.70640655197212,654.3305459518474,0.0,228.30173746262855,654.3305459518474,0.0,229.78195841799499,654.3305459518474
0.0,300.25602987220503,654.3305459518474,0.0,216.77772144299797,654.3305459518474,0.0,243.89911603903283,654.3305459518474,0.0,252.87608324401683,654.3305459518474,0.0,264.6731603001786,654.3305459518474,0.0,265.5131976386734,654.3305459518474
0.0,313.6953831852254,654.3305459518474,0.0,265.1995931986875,654.3305459518474,0.0,225.46255067240025,654.3305459518474,0.0,264.2485501251537,654.3305459518474,0.0,284.47505048135656,654.3305459518474,0.0,283.9529424951477,654.3305459518474
0.0,314.09173340964475,654.3305459518474,0.0,317.7488788384605,654.3305459518474,0.0,151.29618167213002,654.3305459518474,0.0,249.51310985816625,654.3305459518474,0.0,290.7636691186658,654.3305459518474,0.0,287.17275978957156,654.3305459518474
0.0,263.8011503342813,654.3305459518474,0.0,309.7661444133515,654.3305459518474,0.0,106.63999250639385,654.3305459518474,0.0,223.34700419941728,654.3305459518474,0.0,278.01951844330006,654.3305459518474,0.0,275.2811866830825,654.3305459518474
0.0,195.6324074181968,654.3305459518474,0.0,282.2771927304582,654.3305459518474,0.0,118.60698472415964,654.3305459518474,0.0,170.5727843772573,654.3305459518474,0.0,249.40739672890035,654.3305459518474,0.0,245.91566382040347,654.3305459518474
0.0,209.77482322898362,654.3305459518474,0.0,234.63398031279695,654.3305459518474,0.0,107.54123011636997,654.3305459518474,0.0,136.61108005565544,654.3305459518474,0.0,203.03033270518713,654.3305459518474,0.0,199.02585255102161,654.3305459518474
0.0,143.8475622766567,654.3305459518474,0.0,167.63556658888993,654.3305459518474,0.0,51.0737450546767,605.4042910065241,0.0,101.41616766098129,654.3305459518474,0.0,138.97328395296242,654.3305459518474,0.0,137.5562973364609,654.3305459518474
0.0,63.04488445575741,654.3305459518474,0.0,89.70669448850808,654.3305459518474,0.0,20.182520685373547,621.5503075548229,0.0,52.94395725477891,654.3305459518474,0.0,73.59656866643508,654.3305459518474,0.0,67.66985905224107,654.3305459518474
0.0,47.7809772228776,654.3305459518474,0.0,38.51805329301032,654.3305459518474,0.0,3.2355370146475764,624.138737166541,0.0,17.21739840437061,654.3305459518474,0.0,31.52637215793463,654.3305459518474,0.0,20.492234719577432,654.3305459518474
0.0,48.07196977600109,654.3305459518474,0.0,31.89278382233487,654.3305459518474,0.0,0.5819851062469866,624.6043252515385,0.0,13.56025297555479,654.3305459518474,0.0,24.967161057995725,654.3305459518474,0.0,11.930694678063224,654.3305459518474
0.0,41.20454552228665,654.3305459518474,0.0,32.41657041795716,654.3305459518474,0.0,0.05819851062469866,624.6508840600383,0.0,14.433230634925268,654.3305459518474,0.0,27.818888078605962,654.3305459518474,0.0,10.88312148681865,654.3305459518474
0.0,44.92925020226737,654.3305459518474,0.0,31.136203184213784,654.3305459518474,0.0,0.0,624.6508840600383,0.0,14.025841060552379,654.3305459518474,0.0,27.993483610480055,654.3305459518474,0.0,9.369960210576485,654.3305459518474
0.0,51.971269987855905,654.3305459518474,0.0,29.15745382297403,654.3305459518474,0.0,0.9311761699951786,625.3958249960344,0.0,14.258635103051171,654.3305459518474,0.0,26.1893297811144,654.3305459518474,0.0,7.740401913084923,654.3305459518474
0.0,55.40498211471312,654.3305459518474,0.0,23.86138935612645,654.3305459518474,0.0,4.772277871225291,629.2136472930147,0.0,13.734848507428882,654.3305459518474,0.0,23.453999781753563,654.3305459518474,0.0,7.565806381210827,654.3305459518474
0.0,56.859944880330595,654.3305459518474,0.0,18.68172191052827,654.3305459518474,0.0,11.523305103690335,638.432291375967,0.0,11.75609914618913,654.3305459518474,0.0,18.914515953027067,654.3305459518474,0.0,7.274813828087333,654.3305459518474
0.0,57.20913594407879,654.3305459518474,0.0,15.364406804920447,654.3305459518474,0.0,25.083558079245122,654.3305459518474,0.0,8.438784040581305,654.3305459518474,0.0,14.840620209298159,654.3305459518474,0.0,9.195364678702388,654.3305459518474
0.0,57.09273892282938,654.3305459518474,0.0,14.72422318804876,654.3305459518474,0.0,38.76020807604931,654.3305459518474,0.0,6.227240636842756,654.3305459518474,0.0,11.75609914618913,654.3305459518474,0.0,12.687275316184309,654.3305459518474
0.0,57.09273892282938,654.3305459518474,0.0,16.17918595366623,654.3305459518474,0.0,38.934803607923406,654.3305459518474,0.0,3.9574987224795093,654.3305459518474,0.0,7.9731959555837175,654.3305459518474,0.0,16.93576659178731,654.3305459518474
0.0,56.6853493484565,654.3305459518474,0.0,17.92514127240719,654.3305459518474,0.0,31.07800467358909,654.3305459518474,0.0,1.5131612762421651,654.3305459518474,0.0,6.867424253714441,654.3305459518474,0.0,20.602272761143325,654.3305459518474
0.0,56.61929097771994,654.3305459518474,0.0,19.67109659114815,654.3305459518474,0.0,29.940793531272416,654.3305459518474,0.0,0.5741252461351369,654.3305459518474,0.0,8.430924180469457,654.3305459518474,0.0,24.885382967035476,654.3305459518474
0.0,87.90536469101404,654.3305459518474,0.0,41.99760142909534,654.3305459518474,0.0,64.93117183405343,654.3305459518474,0.0,34.13312036363424,654.3305459518474,0.0,41.42833428221536,654.3305459518474,0.0,63.106617914193976,654.3305459518474
0.0,137.00671936413448,654.3305459518474,0.0,80.77556329275188,654.3305459518474,0.0,107.78002768058217,654.3305459518474,0.0,88.12164904880102,654.3305459518474,0.0,95.8478321220906,654.3305459518474,0.0,123.67325690936511,654.3305459518474
0.0,191.40263762367417,654.3305459518474,0.0,130.78601543596028,654.3305459518474,0.0,154.53772220849098,654.3305459518474,0.0,139.56198349686304,654.3305459518474,0.0,158.06760899508885,654.3305459518474,0.0,196.97600899080507,654.3305459518474
0.0,238.16501252185307,654.3305459518474,0.0,130.4257850222585,654.3305459518474,0.0,200.21640410470778,654.3305459518474,0.0,189.19498462571758,654.3305459518474,0.0,215.56058854811948,654.3305459518474,0.0,247.5463675403533,654.3305459518474
0.0,263.76485279457876,654.3305459518474,0.0,178.01079892929502,654.3305459518474,0.0,232.45891217774604,654.3305459518474,0.0,229.09611652088054,654.3305459518474,0.0,253.1352808987228,654.3305459518474,0.0,263.65967285226805,654.3305459518474
0.0,272.41452990673673,654.3305459518474,0.0,185.14413527536908,654.3305459518474,0.0,250.33875062788056,654.3305459518474,0.0,255.74352998485077,654.3305459518474,0.0,261.10229560360807,654.3305459518474,0.0,257.42607323574174,654.3305459518474
0.0,286.3430508850902,654.3305459518474,0.0,201.2841996574611,654.3305459518474,0.0,254.13905214812308,654.3305459518474,0.0,263.8583811514328,654.3305459518474,0.0,272.17273058166785,654.3305459518474,0.0,246.44845569859584,654.3305459518474
0.0,277.09566894646156,654.3305459518474,0.0,219.15449963807043,654.3305459518474,0.0,248.25464359534502,654.3305459518474,0.0,248.9373060026177,654.3305459518474,0.0,268.00433878761163,654.3305459518474,0.0,212.304295985008,654.3305459518474
0.0,223.1260394713602,654.3305459518474,0.0,208.085565540439,654.3305459518474,0.0,222.35277141954225,654.3305459518474,0.0,215.86747855045175,654.3305459518474,0.0,235.12950695781362,654.3305459518474,0.0,151.8287958213373,654.3305459518474
0.0,143.06740205820006,654.3305459518474,0.0,181.53247039781095,654.3305459518474,0.0,179.64857254486856,654.3305459518474,0.0,176.92110240561956,654.3305459518474,0.0,187.60419244183012,654.3305459518474,0.0,104.97510436267291,654.3305459518474
0.0,93.85918883335546,648.1897347852029,0.0,142.21014411905327,654.3305459518474,0.0,123.72845365913312,654.3305459518474,0.0,123.68129449846202,654.3305459518474,0.0,122.21643780534917,654.3305459518474,0.0,70.08107844861762,624.411624400465
0.0,54.43318349271541,654.3305459518474,0.0,96.27040822973203,654.3305459518474,0.0,59.9262776493144,654.3305459518474,0.0,60.35256643375274,654.3305459518474,0.0,73.10722327211688,654.3305459518474,0.0,29.491102895483586,648.0045067168519
0.0,27.779588778046712,654.3305459518474,0.0,57.075518322177345,654.3305459518474,0.0,15.564260526543496,654.3305459518474,0.0,14.98227542029651,654.3305459518474,0.0,41.5836751460539,654.3305459518474,0.0,24.668308644760383,654.3305459518474
0.0,21.184257867390315,654.3305459518474,0.0,51.09829232848543,654.3305459518474,0.0,5.587057019971072,654.3305459518474,0.0,8.846173614954198,654.3305459518474,0.0,32.88215850295474,654.3305459518474,0.0,39.1675976504222,654.3305459518474
0.0,21.184257867390315,654.3305459518474,0.0,50.167116158490245,654.3305459518474,0.0,3.7247046799807144,654.3305459518474,0.0,9.777349784949376,654.3305459518474,0.0,30.321424035468006,654.3305459518474,0.0,44.98744871289207,654.3305459518474
0.0,28.691865737976443,654.3305459518474,0.0,47.839175733502294,654.3305459518474,0.0,2.269741914363248,654.3305459518474,0.0,9.660952763699978,654.3305459518474,0.0,25.25815361111922,654.3305459518474,0.0,43.939875521647494,654.3305459518474
0.0,36.60686318293546,654.3305459518474,0.0,45.74402935101315,654.3305459518474,0.0,1.0475731912445758,654.3305459518474,0.0,8.6133795724554,654.3305459518474,0.0,19.67109659114815,654.3305459518474,0.0,42.60130977727942,654.3305459518474
0.0,45.74402935101315,654.3305459518474,0.0,45.336639776640254,654.3305459518474,0.0,0.5237865956222879,654.3305459518474,0.0,7.507607870586128,654.3305459518474,0.0,13.327458933055995,654.3305459518474,0.0,39.57498722479509,654.3305459518474
0.0,50.92369679661133,654.3305459518474,0.0,47.08259509538122,654.3305459518474,0.0,0.4655880849975893,654.3305459518474,0.0,6.0526451049686605,654.3305459518474,0.0,6.0526451049686605,654.3305459518474,0.0,33.638739141075824,654.3305459518474
0.0,47.7227787122529,654.3305459518474,0.0,47.897374244127,654.3305459518474,0.0,0.8147791487457813,654.3305459518474,0.0,4.597682339351194,654.3305459518474,0.0,2.735329999360837,654.3305459518474,0.0,31.60179126921138,654.3305459518474
0.0,44.92925020226737,654.3305459518474,0.0,47.315389137880004,654.3305459518474,0.0,1.6877568081162613,654.3305459518474,0.0,3.0263225524843302,654.3305459518474,0.0,2.036947871864453,654.3305459518474,0.0,28.109880631729453,654.3305459518474
0.0,44.05627254289689,654.3305459518474,0.0,45.39483828726496,654.3305459518474,0.0,3.1427195737337277,654.3305459518474,0.0,1.4549627656174666,654.3305459518474,0.0,2.5025359568620424,654.3305459518474,0.0,25.84013871736621,654.3305459518474
0.0,45.97682339351194,654.3305459518474,0.0,41.14634701166195,654.3305459518474,0.0,4.597682339351194,654.3305459518474,0.0,0.5237865956222879,654.3305459518474,0.0,2.9099255312349332,654.3305459518474,0.0,24.210580419874642,654.3305459518474
0.0,49.03776487628542,654.3305459518474,0.0,37.55693856299609,654.3305459518474,0.0,5.296064466847579,654.3305459518474,0.0,1.7145158782935614,654.3305459518474,0.0,5.0900294945260836,654.3305459518474,0.0,22.75561765425718,654.3305459518474
0.0,83.62075360469355,654.3305459518474,0.0,73.98505903074252,654.3305459518474,0.0,20.36497607735949,654.3305459518474,0.0,40.85906713533538,654.3305459518474,0.0,41.67066679423941,654.3305459518474,0.0,39.08449640801866,654.3305459518474
0.0,137.24905187615855,654.3305459518474,0.0,142.06884436602505,654.3305459518474,0.0,49.96797335280743,654.3305459518474,0.0,106.04546716976492,654.3305459518474,0.0,95.93764780214777,654.3305459518474,0.0,61.96790589144895,654.3305459518474
0.0,169.8469322636434,654.3305459518474,0.0,190.8588063955282,654.3305459518474,0.0,76.73178383802708,654.3305459518474,0.0,169.24993835311292,654.3305459518474,0.0,148.5451319525455,654.3305459518474,0.0,103.44993604300397,654.3305459518474
0.0,160.5035533942592,654.3305459518474,0.0,231.27754363561496,654.3305459518474,0.0,97.4019713083054,651.7325172601528,0.0,218.68476436975791,654.3305459518474,0.0,207.13770195674695,654.3305459518474,0.0,148.31065930063326,654.3305459518474
0.0,177.57797343618813,654.3305459518474,0.0,261.4642046267233,654.3305459518474,0.0,124.8987828513106,654.3305459518474,0.0,251.5610970799843,654.3305459518474,0.0,243.08601549970044,654.3305459518474,0.0,169.934101640814,654.3305459518474
0.0,204.3685429915851,654.3305459518474,0.0,290.9571638606053,654.3305459518474,0.0,147.3416847105072,654.3305459518474,0.0,267.2623324472561,654.3305459518474,0.0,261.51790049606296,654.3305459518474,0.0,202.736516120192,654.3305459518474
0.0,213.37527102760308,654.3305459518474,0.0,299.55968181209215,654.3305459518474,0.0,174.46254611958685,654.3305459518474,0.0,265.8970076327107,654.3305459518474,0.0,267.38658932861733,654.3305459518474,0.0,248.63377321911227,654.3305459518474
0.0,216.00524335566809,654.3305459518474,0.0,287.07358336897414,654.3305459518474,0.0,169.5989516878761,654.3305459518474,0.0,248.20598355424556,654.3305459518474,0.0,249.19217874502368,654.3305459518474,0.0,269.94414430626233,654.3305459518474
0.0,219.14328255913176,654.3305459518474,0.0,254.57320079267328,654.3305459518474,0.0,168.35002389458012,654.3305459518474,0.0,216.98596821168803,654.3305459518474,0.0,208.35501258061046,654.3305459518474,0.0,245.03950667119122,654.3305459518474
0.0,206.34729235282484,654.3305459518474,0.0,204.15685995552028,654.3305459518474,0.0,147.57129926316424,654.3305459518474,0.0,168.94790645003584,654.3305459518474,0.0,153.81743911007246,654.3305459518474,0.0,160.99811234580264,654.3305459518474
0.0,166.01201181311177,654.3305459518474,0.0,135.9834366691657,654.3305459518474,0.0,114.37253455936693,654.3305459518474,0.0,118.1445761290038,654.3305459518474,0.0,85.17056787860838,639.5011138304558,0.0,88.08217201925672,642.4127179711041
0.0,108.49377407033214,654.3305459518474,0.0,57.562217413608955,654.3305459518474,0.0,61.927105710461355,654.3305459518474,0.0,57.159508209506164,654.3305459518474,0.0,26.331162721097805,654.3305459518474,0.0,49.34501033658779,654.3305459518474
0.0,63.53873249136065,654.3305459518474,0.0,8.270547488390713,654.3305459518474,0.0,14.59378505598907,654.3305459518474,0.0,14.98227542029651,654.3305459518474,0.0,0.4655880849975893,654.3305459518474,0.0,17.154519523475813,654.3305459518474
0.0,54.88119551909084,654.3305459518474,0.0,2.6771314887361384,654.3305459518474,0.0,5.121468934973482,654.3305459518474,0.0,9.253563189327087,654.3305459518474,0.0,0.0,654.3305459518474,0.0,5.063270424348783,654.3305459518474
0.0,54.35740892346856,654.3305459518474,0.0,1.74595531874096,654.3305459518474,0.0,4.015697233104208,654.3305459518474,0.0,8.6133795724554,654.3305459518474,0.0,0.23279404249879465,654.3305459518474,0.0,2.269741914363248,654.3305459518474
0.0,53.30983573222398,654.3305459518474,0.0,0.698382127496384,654.3305459518474,0.0,2.793528509985536,654.3305459518474,0.0,7.274813828087333,654.3305459518474,0.0,0.9893746806198773,654.3305459518474,0.0,1.5131612762421651,654.3305459518474
0.0,52.14586551973,654.3305459518474,0.0,0.23279404249879465,654.3305459518474,0.0,1.9787493612397546,654.3305459518474,0.0,5.761652551845168,654.3305459518474,0.0,0.9893746806198773,654.3305459518474,0.0,1.9787493612397546,654.3305459518474
0.0,50.98189530723602,654.3305459518474,0.0,0.2909925531234933,654.3305459518474,0.0,1.5713597868668638,654.3305459518474,0.0,4.423086807477099,654.3305459518474,0.0,0.5237865956222879,654.3305459518474,0.0,3.317315105607824,654.3305459518474
0.0,49.52693254161856,654.3305459518474,0.0,0.7565806381210826,654.3305459518474,0.0,1.396764254992768,654.3305459518474,0.0,2.9099255312349332,654.3305459518474,0.0,0.174595531874096,654.3305459518474,0.0,5.121468934973482,654.3305459518474
0.0,49.29413849911976,654.3305459518474,0.0,1.6877568081162613,654.3305459518474,0.0,1.5713597868668638,654.3305459518474,0.0,1.5713597868668638,654.3305459518474,0.0,0.05819851062469866,654.3305459518474,0.0,6.809225743089744,654.3305459518474
0.0,50.57450573286314,654.3305459518474,0.0,2.9681240418596317,654.3305459518474,0.0,2.0951463824891516,654.3305459518474,0.0,0.5237865956222879,654.3305459518474,0.0,0.0,654.3305459518474,0.0,10.301136380571663,654.3305459518474
0.0,50.28351317973964,654.3305459518474,0.0,4.714079360600592,654.3305459518474,0.0,2.3861389356126455,654.3305459518474,0.0,0.11639702124939733,654.3305459518474,0.0,0.0,654.3305459518474,0.0,20.194883186770436,654.3305459518474
0.0,48.24656530787519,654.3305459518474,0.0,7.042019785588539,654.3305459518474,0.0,2.036947871864453,654.3305459518474,0.0,0.174595531874096,654.3305459518474,0.0,0.23279404249879465,654.3305459518474,0.0,31.136203184213784,654.3305459518474
0.0,46.60914715027178,654.3305459518474,0.0,11.666461195117032,654.3305459518474,0.0,2.8706262306756853,654.3305459518474,0.0,2.2304426138039997,654.3305459518474,0.0,0.6401836168716852,654.3305459518474,0.0,34.23962345738827,654.3305459518474
0.0,81.06001913720681,654.3305459518474,0.0,54.364301090107226,654.3305459518474,0.0,38.29515317800689,654.3305459518474,0.0,42.53110422322795,654.3305459518474,0.0,11.911973196982832,654.3305459518474,0.0,73.80260363875658,654.3305459518474
0.0,140.0174999253802,654.3305459518474,0.0,126.28450775634975,654.3305459518474,0.0,93.5829483069825,654.3305459518474,0.0,109.5562770173123,654.3305459518474,0.0,47.87600646016003,654.3305459518474,0.0,157.0369009465262,654.3305459518474
0.0,200.72879589240637,654.3305459518474,0.0,194.15907862946906,654.3305459518474,0.0,163.49764654180797,654.3305459518474,0.0,174.54132244969045,654.3305459518474,0.0,97.76070084157885,654.3305459518474,0.0,229.2574609064324,654.3305459518474
0.0,249.92764837671078,654.3305459518474,0.0,245.03632718134952,654.3305459518474,0.0,211.9666774581686,654.3305459518474,0.0,225.75672271536553,654.3305459518474,0.0,158.27700118623713,654.3305459518474,0.0,281.6289715244896,654.3305459518474
0.0,267.17666395051384,654.3305459518474,0.0,279.4871991682845,654.3305459518474,0.0,243.3691481927121,654.3305459518474,0.0,261.91107123064046,654.3305459518474,0.0,219.08429408401892,654.3305459518474,0.0,309.73452724391905,654.3305459518474
0.0,236.58111250460428,654.3305459518474,0.0,297.80268714339763,654.3305459518474,0.0,278.52626216725537,654.3305459518474,0.0,283.14434459710037,654.3305459518474,0.0,242.46155160305244,654.3305459518474,0.0,301.3333638944836,654.3305459518474
0.0,152.1873476256257,654.3305459518474,0.0,299.9167327359522,654.3305459518474,0.0,284.6702238327095,654.3305459518474,0.0,290.77152897877755,654.3305459518474,0.0,246.62358441742512,654.3305459518474,0.0,248.82337755526981,654.3305459518474
0.0,137.6579423309598,654.3305459518474,0.0,286.29492403094594,654.3305459518474,0.0,271.0169756872558,654.3305459518474,0.0,283.8111095551643,654.3305459518474,0.0,218.44879083741736,654.3305459518474,0.0,227.80081953140157,654.3305459518474
0.0,116.17765608220577,654.3305459518474,0.0,257.6938416664998,654.3305459518474,0.0,240.4717628918591,654.3305459518474,0.0,260.59104923836776,654.3305459518474,0.0,187.01638154285482,654.3305459518474,0.0,216.30409576890347,654.3305459518474
0.0,102.70686332873802,654.3305459518474,0.0,212.9652351503436,654.3305459518474,0.0,193.69048878361477,654.3305459518474,0.0,219.76492242390816,654.3305459518474,0.0,154.71099458892178,654.3305459518474,0.0,200.53680203089516,654.3305459518474
0.0,84.68236790674841,639.0129138585958,0.0,152.44257582600181,654.3305459518474,0.0,124.4285143960429,654.3305459518474,0.0,160.4015529417902,654.3305459518474,0.0,110.17906230454687,654.3305459518474,0.0,171.74072404408116,654.3305459518474
0.0,72.40230443595195,654.3305459518474,0.0,81.37326811922256,654.3305459518474,0.0,62.14418003273644,654.3305459518474,0.0,90.51043428730026,654.3305459518474,0.0,57.19094764995356,654.3305459518474,0.0,107.09700981533936,654.3305459518474
0.0,60.51391081930466,654.3305459518474,0.0,35.49959060063784,654.3305459518474,0.0,14.659843426725619,654.3305459518474,0.0,42.51803080589083,654.3305459518474,0.0,15.300027043597304,654.3305459518474,0.0,60.01220292358958,654.3305459518474
0.0,57.500128497202276,654.3305459518474,0.0,30.6706150992162,654.3305459518474,0.0,4.423086807477099,654.3305459518474,0.0,36.83965722543426,654.3305459518474,0.0,5.354262977472277,654.3305459518474,0.0,50.690902754112535,654.3305459518474
0.0,57.383731475952885,654.3305459518474,0.0,33.114952545453534,654.3305459518474,0.0,5.878049573094565,654.3305459518474,0.0,36.432267651061366,654.3305459518474,0.0,3.49191063748192,654.3305459518474,0.0,48.130168286625796,654.3305459518474
0.0,56.97634190157999,654.3305459518474,0.0,33.05675403482884,654.3305459518474,0.0,6.751027232465045,654.3305459518474,0.0,36.83965722543426,654.3305459518474,0.0,2.3861389356126455,654.3305459518474,0.0,44.34726509602038,654.3305459518474
0.0,56.33615828470831,654.3305459518474,0.0,28.866461269850536,654.3305459518474,0.0,7.85679893433432,654.3305459518474,0.0,36.490466161686065,654.3305459518474,0.0,1.4549627656174666,654.3305459518474,0.0,39.4585902035457,654.3305459518474
0.0,55.695974667836616,654.3305459518474,0.0,25.549146164242714,654.3305459518474,0.0,11.988893188687923,654.3305459518474,0.0,33.75513616232522,654.3305459518474,0.0,1.0475731912445758,654.3305459518474,0.0,34.33712126857221,654.3305459518474
0.0,55.34678360408843,654.3305459518474,0.0,22.23183105863489,654.3305459518474,0.0,13.734848507428882,654.3305459518474,0.0,30.903409141714988,654.3305459518474,0.0,0.7565806381210826,654.3305459518474,0.0,27.00410892986018,654.3305459518474
0.0,55.34678360408843,654.3305459518474,0.0,19.61289808052345,654.3305459518474,0.0,14.025841060552379,654.3305459518474,0.0,30.03043148234451,654.3305459518474,0.0,0.5237865956222879,654.3305459518474,0.0,20.485875739893928,654.3305459518474
0.0,55.579577646587225,654.3305459518474,0.0,17.80874425115779,654.3305459518474,0.0,13.56025297555479,654.3305459518474,0.0,30.5542180779668,654.3305459518474,0.0,0.349191063748192,654.3305459518474,0.0,12.396282763060816,654.3305459518474
0.0,55.579577646587225,654.3305459518474,0.0,17.2849576555355,654.3305459518474,0.0,10.184739359322265,654.3305459518474,0.0,20.485875739893928,654.3305459518474,0.0,0.349191063748192,654.3305459518474,0.0,4.714079360600592,654.3305459518474
0.0,55.34678360408843,654.3305459518474,0.0,17.75054574053309,654.3305459518474,0.0,6.51823318996625,654.3305459518474,0.0,13.793047018053581,654.3305459518474,0.0,0.5237865956222879,654.3305459518474,0.0,2.9681240418596317,654.3305459518474
0.0,55.172188072214325,654.3305459518474,0.0,20.330179418085283,654.3305459518474,0.0,2.9099255312349332,654.3305459518474,0.0,14.475709425326267,654.3305459518474,0.0,3.386552966186123,654.3305459518474,0.0,6.063684454922262,654.3305459518474
0.0,72.06415272215735,654.3305459518474,0.0,57.8215927973,654.3305459518474,0.0,12.06298914852138,654.3305459518474,0.0,44.71420994737579,654.3305459518474,0.0,43.388362162374726,654.3305459518474,0.0,46.14259137180101,654.3305459518474
0.0,100.33644411334907,654.3305459518474,0.0,121.99821806061586,654.3305459518474,0.0,34.47445156727058,654.3305459518474,0.0,96.62481285070547,654.3305459518474,0.0,108.34982801441733,654.3305459518474,0.0,115.80559635406226,654.3305459518474
0.0,121.78997129192578,654.3305459518474,0.0,183.62664908682694,654.3305459518474,0.0,74.01853253857344,654.3305459518474,0.0,155.39347926720941,654.3305459518474,0.0,171.91135012162536,654.3305459518474,0.0,181.05805475922836,654.3305459518474
0.0,153.30883904771866,654.3305459518474,0.0,231.62541154791987,654.3305459518474,0.0,120.01010795883592,654.3305459518474,0.0,229.19175799366602,654.3305459518474,0.0,221.86210287378077,654.3305459518474,0.0,212.00597675872783,654.3305459518474
0.0,252.69441781651898,654.3305459518474,0.0,265.56035679934445,654.3305459518474,0.0,176.37523711009007,654.3305459518474,0.0,277.83220495205893,654.3305459518474,0.0,255.9370247267903,654.3305459518474,0.0,245.44071499486566,654.3305459518474
0.0,255.53360460674725,654.3305459518474,0.0,284.11649867706814,654.3305459518474,0.0,172.453680469343,654.3305459518474,0.0,296.9278531456287,654.3305459518474,0.0,274.7338205071247,654.3305459518474,0.0,238.82330538430207,654.3305459518474
0.0,258.53166720862595,654.3305459518474,0.0,288.5506248344989,654.3305459518474,0.0,183.9376862724741,654.3305459518474,0.0,298.74304632494795,654.3305459518474,0.0,280.3822555275623,654.3305459518474,0.0,206.84670940362346,654.3305459518474
0.0,242.86505077164338,654.3305459518474,0.0,278.04795612289075,654.3305459518474,0.0,177.72916711671178,654.3305459518474,0.0,283.89120903671113,654.3305459518474,0.0,271.32668972145973,654.3305459518474,0.0,138.71258541782808,654.3305459518474
0.0,231.96921132545774,654.3305459518474,0.0,250.5369257400902,654.3305459518474,0.0,162.87415033863317,654.3305459518474,0.0,242.88898580994908,654.3305459518474,0.0,244.1066518917827,654.3305459518474,0.0,139.54776465706766,654.3305459518474
0.0,203.66548049381862,654.3305459518474,0.0,205.54408574098787,654.3305459518474,0.0,164.98819593118776,654.3305459518474,0.0,181.66962296752428,654.3305459518474,0.0,197.63209005688552,654.3305459518474,0.0,79.41209481660496,633.7426407684524
0.0,160.39351535269327,654.3305459518474,0.0,142.91056031393316,654.3305459518474,0.0,129.6564864247704,654.3305459518474,0.0,103.98776374943655,654.3305459518474,0.0,137.3800231951734,654.3305459518474,0.0,56.468985942121634,590.211626710574
0.0,97.94094443719624,654.3305459518474,0.0,72.81022719728,654.3305459518474,0.0,82.63773790375717,654.3305459518474,0.0,44.45783632454145,654.3305459518474,0.0,73.32297444294869,654.3305459518474,0.0,38.389471499349085,620.9232039100533
0.0,51.71657497443497,654.3305459518474,0.0,25.299131521091873,654.3305459518474,0.0,50.81215787461709,654.3305459518474,0.0,7.50292750031603,654.3305459518474,0.0,34.7037106619575,654.3305459518474,0.0,13.173441220660752,631.4619568865819
0.0,38.469215522925815,654.3305459518474,0.0,17.80874425115779,654.3305459518474,0.0,41.84472913915834,654.3305459518474,0.0,1.0475731912445758,654.3305459518474,0.0,32.940357013579444,654.3305459518474,0.0,3.9574987224795093,634.6279558645655
0.0,31.42719573733728,654.3305459518474,0.0,16.17918595366623,654.3305459518474,0.0,41.43733956478545,654.3305459518474,0.0,0.23279404249879465,654.3305459518474,0.0,35.38469445981679,654.3305459518474,0.0,3.317315105607824,637.2818079490518
0.0,28.168079142354156,654.3305459518474,0.0,13.734848507428882,654.3305459518474,0.0,40.62256041603966,654.3305459518474,0.0,1.2803672337433705,654.3305459518474,0.0,35.966679566063775,654.3305459518474,0.0,2.0951463824891516,638.9579250550431
0.0,26.771314887361385,654.3305459518474,0.0,10.650327444319855,654.3305459518474,0.0,40.09877382041737,654.3305459518474,0.0,3.7829031906054134,654.3305459518474,0.0,37.829031906054134,654.3305459518474,0.0,0.6401836168716852,639.4700719485405
0.0,19.438302548649354,654.3305459518474,0.0,8.380585529956607,654.3305459518474,0.0,40.62256041603966,654.3305459518474,0.0,2.735329999360837,654.3305459518474,0.0,42.07752318165713,654.3305459518474,0.0,0.05819851062469866,639.5166307570403
0.0,9.893746806198772,654.3305459518474,0.0,6.576431700590949,654.3305459518474,0.0,41.20454552228665,654.3305459518474,0.0,2.036947871864453,654.3305459518474,0.0,44.87105169164267,654.3305459518474,0.0,0.0,639.5166307570403
0.0,5.9362480837192635,654.3305459518474,0.0,5.412461488096976,654.3305459518474,0.0,42.54311126665472,654.3305459518474,0.0,8.438784040581305,654.3305459518474,0.0,50.63270424348784,654.3305459518474,0.0,0.0,639.5166307570403
0.0,5.528858509346373,654.3305459518474,0.0,5.063270424348783,654.3305459518474,0.0,42.60130977727942,654.3305459518474,0.0,14.72422318804876,654.3305459518474,0.0,51.44748339223362,654.3305459518474,0.0,0.2909925531234933,639.749424799539
0.0,5.8198510624698665,654.3305459518474,0.0,5.354262977472277,654.3305459518474,0.0,42.717706798528816,654.3305459518474,0.0,21.358853399264408,654.3305459518474,0.0,51.796674455981815,654.3305459518474,0.0,3.608307658731317,642.6360709265241
0.0,4.888674892474688,654.3305459518474,0.0,5.470659998721674,654.3305459518474,0.0,40.56436190541496,654.3305459518474,0.0,25.72374169611681,654.3305459518474,0.0,54.76479849784145,654.3305459518474,0.0,9.13716616807769,649.9458038609863
0.0,5.473839488563426,654.3305459518474,0.0,6.777786302642345,654.3305459518474,0.0,41.60725472638945,654.3305459518474,0.0,23.279404249879466,654.3305459518474,0.0,58.741196430386395,654.3305459518474,0.0,13.97082203976943,654.3305459518474
0.0,44.42021563339561,654.3305459518474,0.0,39.31278780923242,654.3305459518474,0.0,79.8741479537907,654.3305459518474,0.0,26.524479734052292,654.3305459518474,0.0,95.84562032572202,654.3305459518474,0.0,52.88575874415421,654.3305459518474
0.0,94.83655647054857,654.3305459518474,0.0,97.88177823309836,654.3305459518474,0.0,148.91268903940394,654.3305459518474,0.0,60.788215958731286,654.3305459518474,0.0,154.65526465219858,654.3305459518474,0.0,119.33680629210343,654.3305459518474
0.0,167.8451365090233,654.3305459518474,0.0,167.46300512439936,654.3305459518474,0.0,218.10692644682584,654.3305459518474,0.0,108.87979586073804,654.3305459518474,0.0,199.520668280098,654.3305459518474,0.0,180.31083486164746,654.3305459518474
0.0,221.83198658477664,654.3305459518474,0.0,225.4389710920647,654.3305459518474,0.0,270.77260910784827,654.3305459518474,0.0,183.45991341506468,654.3305459518474,0.0,269.48570516543634,654.3305459518474,0.0,226.901793717794,654.3305459518474
0.0,213.34586565453918,654.3305459518474,0.0,257.10099493928425,654.3305459518474,0.0,303.5624833568444,654.3305459518474,0.0,210.70353082507728,654.3305459518474,0.0,302.28811964481434,654.3305459518474,0.0,260.3632910241091,654.3305459518474
0.0,255.9336675079635,654.3305459518474,0.0,269.84664649507835,654.3305459518474,0.0,317.6987179169327,654.3305459518474,0.0,232.89005906143956,654.3305459518474,0.0,321.25165109691096,654.3305459518474,0.0,278.03073552223873,654.3305459518474
0.0,275.89611211020525,654.3305459518474,0.0,272.8493894672272,654.3305459518474,0.0,313.3291492498102,654.3305459518474,0.0,251.07175168566613,654.3305459518474,0.0,321.4341064888969,654.3305459518474,0.0,282.2934456376371,654.3305459518474
0.0,264.1115752844254,654.3305459518474,0.0,260.073799351414,654.3305459518474,0.0,295.0860786251172,654.3305459518474,0.0,265.8526725039112,654.3305459518474,0.0,301.75329369923844,654.3305459518474,0.0,268.6559172124071,654.3305459518474
0.0,239.88491968635697,654.3305459518474,0.0,236.0075204454243,654.3305459518474,0.0,261.0568150523504,654.3305459518474,0.0,242.86072585934338,654.3305459518474,0.0,279.9002368064007,654.3305459518474,0.0,242.07924248944346,654.3305459518474
0.0,184.86921790043942,654.3305459518474,0.0,201.76736380108088,654.3305459518474,0.0,206.1859479672729,654.3305459518474,0.0,192.33584786105286,654.3305459518474,0.0,236.0698661393639,654.3305459518474,0.0,197.88546191886317,654.3305459518474
0.0,96.05536797484044,650.3859139266879,0.0,149.27777755236087,654.3305459518474,0.0,138.08962240160847,654.3305459518474,0.0,137.40042328566722,654.3305459518474,0.0,174.7419661358016,654.3305459518474,0.0,135.627886625734,654.3305459518474
0.0,27.111322939554437,654.3305459518474,0.0,83.46055464159986,654.3305459518474,0.0,64.2771248353565,654.3305459518474,0.0,73.0587409600025,654.3305459518474,0.0,100.97044647952231,654.3305459518474,0.0,62.74188485920713,654.3305459518474
0.0,12.239085560823824,654.3305459518474,0.0,38.10280385852558,654.3305459518474,0.0,12.995666198944907,654.3305459518474,0.0,25.527245193320567,654.3305459518474,0.0,47.05751463461733,654.3305459518474,0.0,14.567025985811771,654.3305459518474
0.0,26.945910419235485,654.3305459518474,0.0,30.437821056717404,654.3305459518474,0.0,4.539483828726496,654.3305459518474,0.0,13.734848507428882,654.3305459518474,0.0,30.4960195673421,654.3305459518474,0.0,5.528858509346373,654.3305459518474
0.0,48.362962329124585,654.3305459518474,0.0,29.390247865472826,654.3305459518474,0.0,4.481285318101797,654.3305459518474,0.0,11.697900635564432,654.3305459518474,0.0,21.358853399264408,654.3305459518474,0.0,5.121468934973482,654.3305459518474
0.0,54.41560743409325,654.3305459518474,0.0,28.982858291099934,654.3305459518474,0.0,7.682203402460224,654.3305459518474,0.0,10.47573191244576,654.3305459518474,0.0,16.93576659178731,654.3305459518474,0.0,4.888674892474688,654.3305459518474
0.0,56.510753816582394,654.3305459518474,0.0,28.750064248601138,654.3305459518474,0.0,12.221687231186719,654.3305459518474,0.0,10.417533401821059,654.3305459518474,0.0,15.18981127304635,654.3305459518474,0.0,4.015697233104208,654.3305459518474
0.0,57.383731475952885,654.3305459518474,0.0,28.051682121104758,654.3305459518474,0.0,19.089111484901164,654.3305459518474,0.0,10.650327444319855,654.3305459518474,0.0,12.279885741811418,654.3305459518474,0.0,4.248491275603002,654.3305459518474
0.0,57.616525518451674,654.3305459518474,0.0,24.094183398625244,654.3305459518474,0.0,23.62859531362766,654.3305459518474,0.0,9.719151274324677,654.3305459518474,0.0,9.893746806198772,654.3305459518474,0.0,5.354262977472277,654.3305459518474
0.0,57.616525518451674,654.3305459518474,0.0,18.157935314905984,654.3305459518474,0.0,32.53296743920656,654.3305459518474,0.0,8.6133795724554,654.3305459518474,0.0,8.6715780830801,654.3305459518474,0.0,6.285439147467455,654.3305459518474
0.0,57.383731475952885,654.3305459518474,0.0,18.157935314905984,654.3305459518474,0.0,42.48491275603003,654.3305459518474,0.0,7.914997444959019,654.3305459518474,0.0,7.682203402460224,654.3305459518474,0.0,6.576431700590949,654.3305459518474
0.0,56.4525553059577,654.3305459518474,0.0,22.98841169675597,654.3305459518474,0.0,48.71215339287278,654.3305459518474,0.0,7.39121084933673,654.3305459518474,0.0,7.740401913084923,654.3305459518474,0.0,6.110843615593359,654.3305459518474
0.0,54.47380594471795,654.3305459518474,0.0,25.72374169611681,654.3305459518474,0.0,53.251637221599275,654.3305459518474,0.0,10.068342338072869,654.3305459518474,0.0,9.253563189327087,654.3305459518474,0.0,6.867424253714441,654.3305459518474
0.0,59.59059450942134,654.3305459518474,0.0,27.888125939184263,654.3305459518474,0.0,55.579577646587225,654.3305459518474,0.0,14.491429145549967,654.3305459518474,0.0,13.679829486645938,654.3305459518474,0.0,9.955124806665223,654.3305459518474
0.0,98.2349387511764,654.3305459518474,0.0,59.20731770233916,654.3305459518474,0.0,63.00390654578476,654.3305459518474,0.0,29.18288974170804,654.3305459518474,0.0,55.78782441527729,654.3305459518474,0.0,48.42805300638796,654.3305459518474
0.0,149.8341490108888,654.3305459518474,0.0,116.49912038230347,654.3305459518474,0.0,72.37086499550455,654.3305459518474,0.0,76.76172239804613,654.3305459518474,0.0,129.37220830930056,654.3305459518474,0.0,114.72340423252852,654.3305459518474
0.0,197.78725319173896,654.3305459518474,0.0,176.77944719462118,654.3305459518474,0.0,93.80081259374572,654.3305459518474,0.0,157.07841204345405,654.3305459518474,0.0,199.38440435530998,654.3305459518474,0.0,177.29873114895847,654.3305459518474
0.0,251.41873095304572,654.3305459518474,0.0,232.95576197420596,654.3305459518474,0.0,137.43300814857284,654.3305459518474,0.0,209.29422633970256,654.3305459518474,0.0,257.01268013965546,654.3305459518474,0.0,227.61757417492748,654.3305459518474
0.0,303.3435526961707,654.3305459518474,0.0,258.90161382083807,654.3305459518474,0.0,155.08155343663694,654.3305459518474,0.0,232.50474818697384,654.3305459518474,0.0,298.3356567505751,654.3305459518474,0.0,261.92529007043584,654.3305459518474
0.0,327.0118027683278,654.3305459518474,0.0,269.4074620222879,654.3305459518474,0.0,183.36170468794052,654.3305459518474,0.0,225.80238099560825,654.3305459518474,0.0,323.53428869962625,654.3305459518474,0.0,279.37248075644857,654.3305459518474
0.0,333.2800213151432,654.3305459518474,0.0,267.93677953644675,654.3305459518474,0.0,188.5320113929985,654.3305459518474,0.0,215.7181412083266,654.3305459518474,0.0,330.5605887649911,654.3305459518474,0.0,278.694498719446,654.3305459518474
0.0,321.28309053735836,654.3305459518474,0.0,239.10926210918538,654.3305459518474,0.0,169.4174639893633,654.3305459518474,0.0,208.03576007688133,654.3305459518474,0.0,322.77435084267836,654.3305459518474,0.0,256.5205107134657,654.3305459518474
0.0,283.62812097622316,654.3305459518474,0.0,199.31816825558838,654.3305459518474,0.0,145.40002285345813,654.3305459518474,0.0,204.7749648724848,654.3305459518474,0.0,286.2534129340181,654.3305459518474,0.0,225.65436680492638,654.3305459518474
0.0,241.0199190323051,654.3305459518474,0.0,163.7787451674361,654.3305459518474,0.0,135.0783086534076,654.3305459518474,0.0,136.51490539591478,654.3305459518474,0.0,244.75884255208115,654.3305459518474,0.0,189.48579944985605,654.3305459518474
0.0,170.70569108321854,654.3305459518474,0.0,125.18941994646399,654.3305459518474,0.0,107.27478483705522,654.3305459518474,0.0,89.28994417359499,643.6204901254424,0.0,170.69783122310668,654.3305459518474,0.0,141.19922392548136,654.3305459518474
0.0,105.17009998504082,654.3305459518474,0.0,80.40261491968307,654.3305459518474,0.0,72.58643843735129,654.3305459518474,0.0,63.7891025924816,654.3305459518474,0.0,101.2330013530551,654.3305459518474,0.0,66.50906832958884,654.3305459518474
0.0,65.69207738447449,654.3305459518474,0.0,51.038592937432384,654.3305459518474,0.0,51.90839110696111,654.3305459518474,0.0,40.84281422815651,654.3305459518474,0.0,64.91977702612971,654.3305459518474,0.0,17.868621371195893,654.3305459518474
0.0,57.558327007826975,654.3305459518474,0.0,43.299691904775806,654.3305459518474,0.0,48.59575637162338,654.3305459518474,0.0,39.691384246044485,654.3305459518474,0.0,53.775423817221565,654.3305459518474,0.0,7.624004891835525,654.3305459518474
0.0,57.32553296532818,654.3305459518474,0.0,33.40594509857703,654.3305459518474,0.0,48.362962329124585,654.3305459518474,0.0,44.05627254289689,654.3305459518474,0.0,50.749101264737234,654.3305459518474,0.0,5.645255530595771,654.3305459518474
0.0,56.56895232720709,654.3305459518474,0.0,41.20454552228665,654.3305459518474,0.0,47.08259509538122,654.3305459518474,0.0,47.315389137880004,654.3305459518474,0.0,47.54818318037881,654.3305459518474,0.0,4.714079360600592,654.3305459518474
0.0,56.2779597740836,654.3305459518474,0.0,33.638739141075824,654.3305459518474,0.0,43.823478500398096,654.3305459518474,0.0,49.643329562867955,654.3305459518474,0.0,44.05627254289689,654.3305459518474,0.0,3.9574987224795093,654.3305459518474
0.0,56.219761263458906,654.3305459518474,0.0,20.31128020801983,654.3305459518474,0.0,39.98237679916799,654.3305459518474,0.0,50.63270424348784,654.3305459518474,0.0,39.2257961610469,654.3305459518474,0.0,3.3755136162325226,654.3305459518474
0.0,56.2779597740836,654.3305459518474,0.0,24.32697744112404,654.3305459518474,0.0,36.08307658731317,654.3305459518474,0.0,51.50568190285831,654.3305459518474,0.0,35.03550339606859,654.3305459518474,0.0,3.084521063109029,654.3305459518474
0.0,56.0451657315848,654.3305459518474,0.0,32.06737935420897,654.3305459518474,0.0,32.649364460455956,654.3305459518474,0.0,50.57450573286314,654.3305459518474,0.0,30.263225524843307,654.3305459518474,0.0,2.61893297811144,654.3305459518474
0.0,55.52137913596252,654.3305459518474,0.0,47.02439658475652,654.3305459518474,0.0,29.681240418596317,654.3305459518474,0.0,49.52693254161856,654.3305459518474,0.0,25.083558079245122,654.3305459518474,0.0,1.9787493612397546,654.3305459518474
0.0,54.706599987216734,654.3305459518474,0.0,52.3786595622288,654.3305459518474,0.0,28.051682121104758,654.3305459518474,0.0,49.29413849911976,654.3305459518474,0.0,21.475250420513806,654.3305459518474,0.0,2.0951463824891516,654.3305459518474
0.0,53.83362232784627,654.3305459518474,0.0,50.98189530723602,654.3305459518474,0.0,26.422123823613195,654.3305459518474,0.0,46.09322041476134,654.3305459518474,0.0,20.02028765489634,654.3305459518474,0.0,2.3861389356126455,654.3305459518474
0.0,54.826176498307895,654.3305459518474,0.0,49.60403026230871,654.3305459518474,0.0,25.14175658986982,654.3305459518474,0.0,42.019324671032436,654.3305459518474,0.0,19.965268634113393,654.3305459518474,0.0,5.532037999188124,654.3305459518474
0.0,92.74069917211919,654.3305459518474,0.0,82.39708400114654,654.3305459518474,0.0,31.03252412233139,654.3305459518474,0.0,42.93963922005908,654.3305459518474,0.0,55.808224505771086,654.3305459518474,0.0,43.702934295833764,654.3305459518474
0.0,157.78394311512204,654.3305459518474,0.0,136.79000049982952,654.3305459518474,0.0,50.95717030444224,654.3305459518474,0.0,43.952771209999554,654.3305459518474,0.0,123.25650659445203,654.3305459518474,0.0,106.58179399576916,654.3305459518474
0.0,224.79807655925276,654.3305459518474,0.0,191.12153899804605,654.3305459518474,0.0,77.49136623700485,654.3305459518474,0.0,49.283632336121336,654.3305459518474,0.0,193.67459133440602,654.3305459518474,0.0,169.95768122114953,654.3305459518474
0.0,259.7616957918565,654.3305459518474,0.0,228.89776367968582,654.3305459518474,0.0,117.6709504549093,654.3305459518474,0.0,98.71695747233794,653.0475034241854,0.0,243.51212655515374,654.3305459518474,0.0,223.1596907081762,654.3305459518474
0.0,295.95852309753246,654.3305459518474,0.0,242.76190489671615,654.3305459518474,0.0,139.08517833292677,654.3305459518474,0.0,144.99802456529554,654.3305459518474,0.0,276.69049116845724,654.3305459518474,0.0,260.41981092532046,654.3305459518474
0.0,307.34670969889305,654.3305459518474,0.0,238.72730845354647,654.3305459518474,0.0,154.7864137001985,654.3305459518474,0.0,151.5179363646752,654.3305459518474,0.0,293.0932881530671,654.3305459518474,0.0,280.95470216428396,654.3305459518474
0.0,304.28258872627777,654.3305459518474,0.0,260.2294956732227,654.3305459518474,0.0,146.04391914712673,654.3305459518474,0.0,162.71898720377973,654.3305459518474,0.0,293.5777754481301,654.3305459518474,0.0,287.5689322850058,654.3305459518474
0.0,282.95331842906234,654.3305459518474,0.0,235.640931052039,654.3305459518474,0.0,142.3396145576398,654.3305459518474,0.0,111.28183224555946,654.3305459518474,0.0,278.4349456067699,654.3305459518474,0.0,277.2958781260547,654.3305459518474
0.0,241.6522427890649,654.3305459518474,0.0,212.0512795810005,654.3305459518474,0.0,129.30297044872225,654.3305459518474,0.0,57.34364221090552,611.6741881627529,0.0,249.28649706636588,654.3305459518474,0.0,242.36987958459684,654.3305459518474
0.0,170.31402122906937,654.3305459518474,0.0,131.21248194938372,654.3305459518474,0.0,102.65237749491024,654.3305459518474,0.0,33.450457956361554,545.1246461191145,0.0,205.63222281163158,654.3305459518474,0.0,169.05123005394816,654.3305459518474
0.0,104.43709892725528,654.3305459518474,0.0,94.8741771616944,649.2047231135418,0.0,64.67965631047424,619.0102022623216,0.0,28.330489901816414,473.45513602093087,0.0,146.9326165267209,654.3305459518474,0.0,106.11885221365814,654.3305459518474
0.0,83.15816728055265,654.3305459518474,0.0,45.551067796028775,654.3305459518474,0.0,47.71527431011117,654.3305459518474,0.0,45.63770398624418,509.96529920992623,0.0,77.5039064673868,654.3305459518474,0.0,60.48114822741398,654.3305459518474
0.0,65.2846878101016,654.3305459518474,0.0,14.458488824674223,654.3305459518474,0.0,30.774471890083642,654.3305459518474,0.0,28.075439430425362,532.4256507542665,0.0,30.33096250499326,654.3305459518474,0.0,38.01466678788183,654.3305459518474
0.0,56.103364242209516,654.3305459518474,0.0,6.576431700590949,654.3305459518474,0.0,35.15190041731799,654.3305459518474,0.0,23.686793824252355,551.3750858136684,0.0,24.443374462373438,654.3305459518474,0.0,30.03043148234451,654.3305459518474
0.0,54.47380594471795,654.3305459518474,0.0,5.296064466847579,654.3305459518474,0.0,38.64381105479991,654.3305459518474,0.0,21.7662429736373,568.7880801925783,0.0,24.79256552612163,654.3305459518474,0.0,19.96208914427164,654.3305459518474
0.0,52.553255094102894,654.3305459518474,0.0,4.248491275603002,654.3305459518474,0.0,39.80778126729388,654.3305459518474,0.0,21.126059356765616,585.6889276779907,0.0,23.744992334877054,654.3305459518474,0.0,11.232312550566842,654.3305459518474
0.0,50.690902754112535,654.3305459518474,0.0,2.61893297811144,654.3305459518474,0.0,40.04057530979268,654.3305459518474,0.0,30.3796225460927,609.9926257148649,0.0,24.559771483622836,654.3305459518474,0.0,4.248491275603002,654.3305459518474
0.0,49.00314594599627,654.3305459518474,0.0,1.2803672337433705,654.3305459518474,0.0,39.2257961610469,654.3305459518474,0.0,26.713116376736686,631.3631188162542,0.0,30.96160765233969,654.3305459518474,0.0,0.2909925531234933,654.3305459518474
0.0,47.839175733502294,654.3305459518474,0.0,1.1057717018692748,654.3305459518474,0.0,37.94542892730353,654.3305459518474,0.0,38.294619991051725,654.3305459518474,0.0,30.03043148234451,654.3305459518474,0.0,0.0,654.3305459518474
0.0,47.606381691003506,654.3305459518474,0.0,0.8147791487457813,654.3305459518474,0.0,36.95605424668366,654.3305459518474,0.0,18.041538293656586,654.3305459518474,0.0,27.12050595110958,654.3305459518474,0.0,0.0,654.3305459518474
0.0,47.7227787122529,654.3305459518474,0.0,0.698382127496384,654.3305459518474,0.0,35.55928999169088,654.3305459518474,0.0,10.359334891196362,654.3305459518474,0.0,24.035984888000545,654.3305459518474,0.0,0.0,654.3305459518474
0.0,47.897374244127,654.3305459518474,0.0,0.7565806381210826,654.3305459518474,0.0,36.25767211918726,654.3305459518474,0.0,25.19995510049452,654.3305459518474,0.0,21.184257867390315,654.3305459518474,0.0,0.0,654.3305459518474
0.0,47.37358764850471,654.3305459518474,0.0,1.8041538293656585,654.3305459518474,0.0,37.59623786355534,654.3305459518474,0.0,41.55373658603484,654.3305459518474,0.0,19.787493612397544,654.3305459518474,0.0,0.11639702124939733,654.3305459518474
0.0,48.4164804694792,654.3305459518474,0.0,6.354677008045755,654.3305459518474,0.0,43.3374903249067,654.3305459518474,0.0,52.14586551973,654.3305459518474,0.0,18.060437503722035,654.3305459518474,0.0,4.061355513346958,654.3305459518474
0.0,73.04584527165044,654.3305459518474,0.0,49.45354749772534,654.3305459518474,0.0,85.26302986155213,654.3305459518474,0.0,73.19668349420394,654.3305459518474,0.0,39.74207835452745,654.3305459518474,0.0,42.398987481754844,654.3305459518474
0.0,109.90175540426355,654.3305459518474,0.0,121.18176030245667,654.3305459518474,0.0,154.61296359078267,654.3305459518474,0.0,94.37493783988086,654.3305459518474,0.0,58.15506414082449,654.3305459518474,0.0,91.9926893100502,654.3305459518474
0.0,163.38689758430186,654.3305459518474,0.0,183.91278354069527,654.3305459518474,0.0,224.5134429858128,654.3305459518474,0.0,136.43577360784113,654.3305459518474,0.0,68.25184415848805,654.3305459518474,0.0,118.94681504736764,654.3305459518474
0.0,259.0225134833725,654.3305459518474,0.0,229.956376220884,654.3305459518474,0.0,277.9828654456274,654.3305459518474,0.0,177.74470910795037,654.3305459518474,0.0,86.27633958047767,640.6068855323251,0.0,129.18507254704448,654.3305459518474
0.0,270.05046967103124,654.3305459518474,0.0,252.91370393516266,654.3305459518474,0.0,310.8906375963012,654.3305459518474,0.0,204.7413136356688,654.3305459518474,0.0,111.2124166559961,649.576818857122,0.0,143.40758783937815,654.3305459518474
0.0,200.1672108766532,654.3305459518474,0.0,257.7033801360251,654.3305459518474,0.0,313.46241141374156,654.3305459518474,0.0,245.4918436098667,654.3305459518474,0.0,151.5587365456628,654.3305459518474,0.0,149.60020954593176,654.3305459518474
0.0,189.65200193466313,654.3305459518474,0.0,236.93251536472104,654.3305459518474,0.0,277.63049489203746,654.3305459518474,0.0,265.537567183497,654.3305459518474,0.0,177.84123922566116,654.3305459518474,0.0,168.1232333737947,654.3305459518474
0.0,280.59711805346876,654.3305459518474,0.0,229.1526364220918,654.3305459518474,0.0,223.0992804011829,654.3305459518474,0.0,210.2497720545214,654.3305459518474,0.0,182.18104706174964,654.3305459518474,0.0,186.02647367527976,654.3305459518474
0.0,275.71312353126416,654.3305459518474,0.0,232.0279430230376,654.3305459518474,0.0,160.7331679469162,654.3305459518474,0.0,170.25582271844465,654.3305459518474,0.0,162.56161227255765,654.3305459518474,0.0,173.6708133642215,654.3305459518474
0.0,224.44270424480612,654.3305459518474,0.0,173.25759799712029,654.3305459518474,0.0,142.7086725249266,654.3305459518474,0.0,193.7494772587276,654.3305459518474,0.0,133.2338878300095,654.3305459518474,0.0,160.02224558903788,654.3305459518474
0.0,163.07550494068457,654.3305459518474,0.0,116.76335386524968,654.3305459518474,0.0,121.59647654998625,654.3305459518474,0.0,170.99668363634203,654.3305459518474,0.0,86.7467857647304,641.0773317165778,0.0,161.01162026965775,654.3305459518474
0.0,93.58241512002733,654.3305459518474,0.0,60.27228922322084,654.3305459518474,0.0,98.15316066021616,654.3305459518474,0.0,113.59484291481182,654.3305459518474,0.0,41.415794051833416,654.3305459518474,0.0,108.24057993733955,654.3305459518474
0.0,43.59086218688436,654.3305459518474,0.0,19.226086325629414,654.3305459518474,0.0,68.55802324488008,654.3305459518474,0.0,70.46285437527145,654.3305459518474,0.0,14.175356131662578,654.3305459518474,0.0,63.021304875421855,654.3305459518474
0.0,30.437821056717404,654.3305459518474,0.0,6.227240636842756,654.3305459518474,0.0,55.92876871033541,654.3305459518474,0.0,56.56895232720709,654.3305459518474,0.0,7.798600423709622,654.3305459518474,0.0,48.944947435371574,654.3305459518474
0.0,26.247528291739094,654.3305459518474,0.0,3.317315105607824,654.3305459518474,0.0,56.56895232720709,654.3305459518474,0.0,55.98696722096011,654.3305459518474,0.0,8.380585529956607,654.3305459518474,0.0,48.886748924746875,654.3305459518474
0.0,20.95146382489152,654.3305459518474,0.0,1.8623523399903572,654.3305459518474,0.0,57.383731475952885,654.3305459518474,0.0,55.81237168908602,654.3305459518474,0.0,8.555181061830703,654.3305459518474,0.0,46.20961743601074,654.3305459518474
0.0,18.914515953027067,654.3305459518474,0.0,1.6877568081162613,654.3305459518474,0.0,57.67472402907638,654.3305459518474,0.0,56.0451657315848,654.3305459518474,0.0,8.26418850870721,654.3305459518474,0.0,40.79715594791376,654.3305459518474
0.0,17.575950208658995,654.3305459518474,0.0,2.444337446237344,654.3305459518474,0.0,57.67472402907638,654.3305459518474,0.0,55.81237168908602,654.3305459518474,0.0,7.042019785588539,654.3305459518474,0.0,36.83965722543426,654.3305459518474
0.0,14.840620209298159,654.3305459518474,0.0,3.49191063748192,654.3305459518474,0.0,57.616525518451674,654.3305459518474,0.0,55.40498211471312,654.3305459518474,0.0,6.51823318996625,654.3305459518474,0.0,34.39531977919691,654.3305459518474
0.0,19.438302548649354,654.3305459518474,0.0,4.888674892474688,654.3305459518474,0.0,57.67472402907638,654.3305459518474,0.0,54.64840147659204,654.3305459518474,0.0,6.692828721840346,654.3305459518474,0.0,32.823959992330046,654.3305459518474
0.0,24.676168504872233,654.3305459518474,0.0,6.285439147467455,654.3305459518474,0.0,57.67472402907638,654.3305459518474,0.0,53.89182083847097,654.3305459518474,0.0,6.98382127496384,654.3305459518474,0.0,32.125577864833666,654.3305459518474
0.0,32.53296743920656,654.3305459518474,0.0,7.740401913084923,654.3305459518474,0.0,57.67472402907638,654.3305459518474,0.0,52.7860491366017,654.3305459518474,0.0,6.92562276433914,654.3305459518474,0.0,33.17315105607824,654.3305459518474
0.0,38.294619991051725,654.3305459518474,0.0,7.624004891835525,654.3305459518474,0.0,57.67472402907638,654.3305459518474,0.0,51.68027743473242,654.3305459518474,0.0,6.692828721840346,654.3305459518474,0.0,33.92973169419932,654.3305459518474
0.0,46.79478203209948,654.3305459518474,0.0,6.867424253714441,654.3305459518474,0.0,60.572109329929354,654.3305459518474,0.0,53.98781776922656,654.3305459518474,0.0,10.280736290077865,654.3305459518474,0.0,36.07839621704307,654.3305459518474
0.0,89.73009633985856,654.3305459518474,0.0,27.447973772920683,654.3305459518474,0.0,96.97029123765674,654.3305459518474,0.0,94.24132021797939,654.3305459518474,0.0,48.319515845250415,654.3305459518474,0.0,76.54897298807101,654.3305459518474
0.0,143.99857822819524,654.3305459518474,0.0,68.30704090825606,654.3305459518474,0.0,150.8345630414623,654.3305459518474,0.0,153.43945490876342,654.3305459518474,0.0,110.88380341172676,654.3305459518474,0.0,144.91907050620694,654.3305459518474
0.0,186.72317719336274,654.3305459518474,0.0,121.52008974523632,654.3305459518474,0.0,198.27960034691387,654.3305459518474,0.0,205.72918743586035,654.3305459518474,0.0,169.44493397548084,654.3305459518474,0.0,206.7645758546931,654.3305459518474
0.0,229.1064449548939,654.3305459518474,0.0,167.61552195636622,654.3305459518474,0.0,236.50869515418424,654.3305459518474,0.0,244.80768032216562,654.3305459518474,0.0,212.25449052145032,654.3305459518474,0.0,254.74761859556236,654.3305459518474
0.0,250.4592948324449,654.3305459518474,0.0,216.24342868437722,654.3305459518474,0.0,265.2969132808864,654.3305459518474,0.0,268.02606202954877,654.3305459518474,0.0,237.0395516454302,654.3305459518474,0.0,288.2091159018775,654.3305459518474
0.0,246.9531653551676,654.3305459518474,0.0,222.58088509177097,654.3305459518474,0.0,285.32691713429307,654.3305459518474,0.0,260.0747670448872,654.3305459518474,0.0,234.94908563321118,654.3305459518474,0.0,305.78374295909316,654.3305459518474
0.0,255.33542949453766,654.3305459518474,0.0,216.246608174219,654.3305459518474,0.0,295.1169848786094,654.3305459518474,0.0,241.83319730062252,654.3305459518474,0.0,236.88535620404994,654.3305459518474,0.0,308.42157514727006,654.3305459518474
0.0,203.86833597629834,654.3305459518474,0.0,194.3589323510921,654.3305459518474,0.0,271.3983961559395,654.3305459518474,0.0,224.71629846829256,654.3305459518474,0.0,247.94475183215607,654.3305459518474,0.0,294.7919065821519,654.3305459518474
0.0,231.29908914856696,654.3305459518474,0.0,208.57526639272731,654.3305459518474,0.0,257.06248560321313,654.3305459518474,0.0,213.21957470579446,654.3305459518474,0.0,247.01507654258927,654.3305459518474,0.0,265.4263837194729,654.3305459518474
0.0,224.76345762896364,654.3305459518474,0.0,175.82787093413225,654.3305459518474,0.0,218.15072838867013,654.3305459518474,0.0,194.38030013505903,654.3305459518474,0.0,207.98056332711332,654.3305459518474,0.0,218.89362337395102,654.3305459518474
0.0,165.49608507760132,654.3305459518474,0.0,115.41692826076977,654.3305459518474,0.0,167.80044592225372,654.3305459518474,0.0,156.53501532182605,654.3305459518474,0.0,149.03244327948016,654.3305459518474,0.0,155.0379292237777,654.3305459518474
0.0,106.27905117675184,654.3305459518474,0.0,69.69426669372358,654.3305459518474,0.0,110.50714236186104,654.3305459518474,0.0,105.14501952427692,654.3305459518474,0.0,82.05125015622515,654.3305459518474,0.0,80.68592534167978,654.3305459518474
0.0,67.59222814459575,654.3305459518474,0.0,23.120706167214124,654.3305459518474,0.0,69.58987671590096,654.3305459518474,0.0,63.603289981668844,654.3305459518474,0.0,41.03012771939761,654.3305459518474,0.0,34.077745884881175,654.3305459518474
0.0,56.33615828470831,654.3305459518474,0.0,6.460034679341552,654.3305459518474,0.0,55.230386582839024,654.3305459518474,0.0,50.57450573286314,654.3305459518474,0.0,28.866461269850536,654.3305459518474,0.0,17.401354676784898,654.3305459518474
0.0,55.754173178461315,654.3305459518474,0.0,1.920550850615056,654.3305459518474,0.0,53.65902679597217,654.3305459518474,0.0,50.22531466911495,654.3305459518474,0.0,30.03043148234451,654.3305459518474,0.0,14.200436592426472,654.3305459518474
0.0,54.41560743409325,654.3305459518474,0.0,0.174595531874096,654.3305459518474,0.0,52.029468498480604,654.3305459518474,0.0,49.35233700974447,654.3305459518474,0.0,28.051682121104758,654.3305459518474,0.0,12.16348872056202,654.3305459518474
0.0,52.553255094102894,654.3305459518474,0.0,0.05819851062469866,654.3305459518474,0.0,50.63270424348784,654.3305459518474,0.0,47.54818318037881,654.3305459518474,0.0,26.1311312704897,654.3305459518474,0.0,9.486357231825883,654.3305459518474
0.0,50.80729977536193,654.3305459518474,0.0,0.698382127496384,654.3305459518474,0.0,49.00314594599627,654.3305459518474,0.0,45.97682339351194,654.3305459518474,0.0,28.982858291099934,654.3305459518474,0.0,6.867424253714441,654.3305459518474
0.0,49.58513105224326,654.3305459518474,0.0,2.735329999360837,654.3305459518474,0.0,46.442411478509534,654.3305459518474,0.0,44.75465467039327,654.3305459518474,0.0,32.35837190733246,654.3305459518474,0.0,5.528858509346373,654.3305459518474
0.0,47.95557275475169,654.3305459518474,0.0,5.878049573094565,654.3305459518474,0.0,44.34726509602038,654.3305459518474,0.0,43.939875521647494,654.3305459518474,0.0,28.168079142354156,654.3305459518474,0.0,4.364888296852399,654.3305459518474
0.0,45.27844126601556,654.3305459518474,0.0,10.301136380571663,654.3305459518474,0.0,42.310317224155924,654.3305459518474,0.0,43.998074032272186,654.3305459518474,0.0,25.956535738615603,654.3305459518474,0.0,2.5025359568620424,654.3305459518474
0.0,43.00869935165231,654.3305459518474,0.0,12.105290209937321,654.3305459518474,0.0,41.495538075410145,654.3305459518474,0.0,44.17266956414628,654.3305459518474,0.0,27.70249105735656,654.3305459518474,0.0,1.396764254992768,654.3305459518474
0.0,41.55373658603484,654.3305459518474,0.0,11.639702124939733,654.3305459518474,0.0,38.06182594855293,654.3305459518474,0.0,43.823478500398096,654.3305459518474,0.0,29.506644886722224,654.3305459518474,0.0,0.2909925531234933,654.3305459518474
0.0,43.90375571092999,654.3305459518474,0.0,14.928757279941909,654.3305459518474,0.0,40.070513869811734,654.3305459518474,0.0,42.81052423944266,654.3305459518474,0.0,31.60497075905313,654.3305459518474,0.0,3.4133120363634237,654.3305459518474
0.0,83.90874439696034,654.3305459518474,0.0,52.67972377183272,654.3305459518474,0.0,70.69600387574036,654.3305459518474,0.0,69.94560448831771,654.3305459518474,0.0,69.19070245961004,654.3305459518474,0.0,44.03172526908816,654.3305459518474
0.0,151.98935024240112,654.3305459518474,0.0,112.85001254258458,654.3305459518474,0.0,128.16708245784884,654.3305459518474,0.0,126.3234515989389,654.3305459518474,0.0,127.64329586222655,654.3305459518474,0.0,110.59130997817492,654.3305459518474
0.0,213.3896675963835,654.3305459518474,0.0,153.43380684502017,654.3305459518474,0.0,182.3113074648243,654.3305459518474,0.0,189.31870832012368,654.3305459518474,0.0,185.88985429252162,654.3305459518474,0.0,177.26729170851107,654.3305459518474
0.0,263.93344480473945,654.3305459518474,0.0,149.3236135615887,654.3305459518474,0.0,218.48455519016477,654.3305459518474,0.0,237.5706649142092,654.3305459518474,0.0,237.83039575587034,654.3305459518474,0.0,229.39814842395762,654.3305459518474
0.0,299.43974984303094,654.3305459518474,0.0,161.69331498345727,654.3305459518474,0.0,219.91911786528843,654.3305459518474,0.0,253.9624225488655,654.3305459518474,0.0,270.75388762676783,654.3305459518474,0.0,256.2862157905385,654.3305459518474
0.0,319.81894476018573,654.3305459518474,0.0,238.28026412064423,654.3305459518474,0.0,232.41625565835997,654.3305459518474,0.0,283.09983173931585,654.3305459518474,0.0,285.4861484039135,654.3305459518474,0.0,260.3868706044447,654.3305459518474
0.0,325.75837233374676,654.3305459518474,0.0,290.9251912332027,654.3305459518474,0.0,210.4043229538718,654.3305459518474,0.0,301.2061052522657,654.3305459518474,0.0,272.4274255950887,654.3305459518474,0.0,287.488832803459,654.3305459518474
0.0,313.43265058270754,654.3305459518474,0.0,299.0400423997848,654.3305459518474,0.0,205.96701730659936,654.3305459518474,0.0,293.5615225409513,654.3305459518474,0.0,239.06810647022766,654.3305459518474,0.0,279.3676226571934,654.3305459518474
0.0,285.27357672292345,654.3305459518474,0.0,271.99777959182364,654.3305459518474,0.0,183.4816366570018,654.3305459518474,0.0,264.1378011676476,654.3305459518474,0.0,228.5040597581531,654.3305459518474,0.0,255.56875672399158,654.3305459518474
0.0,236.51823362370948,654.3305459518474,0.0,219.33359781122954,654.3305459518474,0.0,143.39018950974108,654.3305459518474,0.0,221.44464164292748,654.3305459518474,0.0,202.63362702279773,654.3305459518474,0.0,211.33249736301033,654.3305459518474
0.0,147.5786259363209,654.3305459518474,0.0,160.75674752725178,654.3305459518474,0.0,98.96211401623361,653.292659968081,0.0,165.00073616156973,654.3305459518474,0.0,167.20910007546652,654.3305459518474,0.0,148.50079682374601,654.3305459518474
0.0,73.96748297212037,654.3305459518474,0.0,109.32427293930162,654.3305459518474,0.0,56.53168709403137,654.3305459518474,0.0,99.70111859573254,654.3305459518474,0.0,108.97358099512508,654.3305459518474,0.0,75.26560399347096,654.3305459518474
0.0,53.51119033427537,654.3305459518474,0.0,68.74833849697787,654.3305459518474,0.0,26.555919174499696,654.3305459518474,0.0,54.283668421605206,654.3305459518474,0.0,65.10073153768732,654.3305459518474,0.0,29.340086943945032,654.3305459518474
0.0,52.49505658347819,654.3305459518474,0.0,56.0451657315848,654.3305459518474,0.0,19.089111484901164,654.3305459518474,0.0,37.829031906054134,654.3305459518474,0.0,50.28351317973964,654.3305459518474,0.0,14.433230634925268,654.3305459518474
0.0,51.04009381786073,654.3305459518474,0.0,56.103364242209516,654.3305459518474,0.0,18.099736804281285,654.3305459518474,0.0,34.8609078641945,654.3305459518474,0.0,49.41053552036916,654.3305459518474,0.0,11.115915529317444,654.3305459518474
0.0,46.61700701038363,654.3305459518474,0.0,55.92876871033541,654.3305459518474,0.0,16.52837701741442,654.3305459518474,0.0,30.787012120465597,654.3305459518474,0.0,46.50060998913423,654.3305459518474,0.0,7.740401913084923,654.3305459518474
0.0,42.89230233040291,654.3305459518474,0.0,56.2779597740836,654.3305459518474,0.0,14.258635103051171,654.3305459518474,0.0,28.22627765297885,654.3305459518474,0.0,41.20454552228665,654.3305459518474,0.0,5.063270424348783,654.3305459518474
0.0,40.56436190541496,654.3305459518474,0.0,56.103364242209516,654.3305459518474,0.0,12.105290209937321,654.3305459518474,0.0,25.84013871736621,654.3305459518474,0.0,37.07245126793305,654.3305459518474,0.0,4.539483828726496,654.3305459518474
0.0,40.62256041603966,654.3305459518474,0.0,56.97634190157999,654.3305459518474,0.0,10.301136380571663,654.3305459518474,0.0,23.86138935612645,654.3305459518474,0.0,34.104327226073416,654.3305459518474,0.0,4.772277871225291,654.3305459518474
0.0,39.98237679916799,654.3305459518474,0.0,57.67472402907638,654.3305459518474,0.0,8.962570636203594,654.3305459518474,0.0,25.549146164242714,654.3305459518474,0.0,29.390247865472826,654.3305459518474,0.0,6.0526451049686605,654.3305459518474
0.0,37.94542892730353,654.3305459518474,0.0,57.500128497202276,654.3305459518474,0.0,8.089592976833115,654.3305459518474,0.0,26.247528291739094,654.3305459518474,0.0,26.596719355487288,654.3305459518474,0.0,10.01014382744817,654.3305459518474
0.0,36.141275097937864,654.3305459518474,0.0,57.67472402907638,654.3305459518474,0.0,7.740401913084923,654.3305459518474,0.0,25.025359568620424,654.3305459518474,0.0,25.432749142993313,654.3305459518474,0.0,13.676649996804183,654.3305459518474
0.0,35.03550339606859,654.3305459518474,0.0,57.67472402907638,654.3305459518474,0.0,7.100218296213236,654.3305459518474,0.0,22.581022122383082,654.3305459518474,0.0,23.977786377375846,654.3305459518474,0.0,14.025841060552379,654.3305459518474
0.0,38.66588975470711,654.3305459518474,0.0,60.9716390441904,654.3305459518474,0.0,7.984235305537318,654.3305459518474,0.0,25.629423374774614,654.3305459518474,0.0,23.565716432732856,654.3305459518474,0.0,16.96570515180636,654.3305459518474
0.0,75.02477236187525,654.3305459518474,0.0,98.63446846543746,654.3305459518474,0.0,34.61124867901378,654.3305459518474,0.0,61.19242604326243,654.3305459518474,0.0,47.189986834060534,654.3305459518474,0.0,53.67695831256444,654.3305459518474
0.0,141.12344935623452,654.3305459518474,0.0,159.95768809872968,654.3305459518474,0.0,77.8628137296453,654.3305459518474,0.0,119.7488762367464,654.3305459518474,0.0,90.23233742252881,654.3305459518474,0.0,116.95384684633252,654.3305459518474
0.0,200.51507878895808,654.3305459518474,0.0,226.17594160418008,654.3305459518474,0.0,150.99264888862456,654.3305459518474,0.0,177.6698231836288,654.3305459518474,0.0,139.32901172537916,654.3305459518474,0.0,177.4040888202543,654.3305459518474
0.0,243.70058546885306,654.3305459518474,0.0,282.4955902041766,654.3305459518474,0.0,213.73153198697503,654.3305459518474,0.0,229.70318208789138,654.3305459518474,0.0,188.77487709197771,654.3305459518474,0.0,230.94274914064718,654.3305459518474
0.0,283.9037492670931,654.3305459518474,0.0,320.49189096894816,654.3305459518474,0.0,265.21434522543797,654.3305459518474,0.0,255.80322937590378,654.3305459518474,0.0,236.54552588084195,654.3305459518474,0.0,261.1073314318483,654.3305459518474
0.0,305.19054077390757,654.3305459518474,0.0,338.7491804334365,654.3305459518474,0.0,285.3528862399822,654.3305459518474,0.0,280.99568007425665,654.3305459518474,0.0,266.81546584333887,654.3305459518474,0.0,273.2049395106588,654.3305459518474
0.0,310.31836868856453,654.3305459518474,0.0,339.3815041901963,654.3305459518474,0.0,287.7422046654366,654.3305459518474,0.0,284.07552076709555,654.3305459518474,0.0,288.50964692452624,654.3305459518474,0.0,271.61936088399665,654.3305459518474
0.0,295.43041158961023,654.3305459518474,0.0,324.5375267620714,654.3305459518474,0.0,273.0649629090739,654.3305459518474,0.0,276.4230781956693,654.3305459518474,0.0,284.6779059638363,654.3305459518474,0.0,268.7564167844477,654.3305459518474
0.0,246.4140144972918,654.3305459518474,0.0,295.1830432493459,654.3305459518474,0.0,241.72069068515506,654.3305459518474,0.0,246.24277618424446,654.3305459518474,0.0,255.77797118615484,654.3305459518474,0.0,251.69435924391564,654.3305459518474
0.0,186.83357069289875,654.3305459518474,0.0,248.47886686179177,654.3305459518474,0.0,195.84701316657035,654.3305459518474,0.0,194.30223472089577,654.3305459518474,0.0,209.74541785591975,654.3305459518474,0.0,219.12306019762303,654.3305459518474
0.0,120.65461648800758,654.3305459518474,0.0,184.64993178179574,654.3305459518474,0.0,129.63344003139002,654.3305459518474,0.0,134.82882719721192,654.3305459518474,0.0,146.78160057518235,654.3305459518474,0.0,155.2563266974961,654.3305459518474
0.0,53.62794281349488,654.3305459518474,0.0,112.5708493039028,654.3305459518474,0.0,56.038016787413184,654.3305459518474,0.0,64.59169696881554,654.3305459518474,0.0,73.24755533167195,654.3305459518474,0.0,92.04081616419447,654.3305459518474
0.0,35.48236999998579,654.3305459518474,0.0,69.21392658197546,654.3305459518474,0.0,15.411743694576602,654.3305459518474,0.0,19.904068362632,654.3305459518474,0.0,26.189507510099453,654.3305459518474,0.0,58.78067345993071,654.3305459518474
0.0,18.332530846780077,654.3305459518474,0.0,57.15093743345409,654.3305459518474,0.0,4.248491275603002,654.3305459518474,0.0,5.470659998721674,654.3305459518474,0.0,10.47573191244576,654.3305459518474,0.0,46.67520552100833,654.3305459518474
0.0,10.766724465569252,654.3305459518474,0.0,56.918143390955294,654.3305459518474,0.0,5.296064466847579,654.3305459518474,0.0,3.4337121268572206,654.3305459518474,0.0,8.6715780830801,654.3305459518474,0.0,47.664580201628205,654.3305459518474
0.0,6.634630211215648,654.3305459518474,0.0,56.510753816582394,654.3305459518474,0.0,7.682203402460224,654.3305459518474,0.0,1.6877568081162613,654.3305459518474,0.0,7.740401913084923,654.3305459518474,0.0,48.130168286625796,654.3305459518474
0.0,5.878049573094565,654.3305459518474,0.0,55.87057019971072,654.3305459518474,0.0,10.47573191244576,654.3305459518474,0.0,0.6401836168716852,654.3305459518474,0.0,6.692828721840346,654.3305459518474,0.0,50.92369679661133,654.3305459518474
0.0,6.692828721840346,654.3305459518474,0.0,55.113989561589634,654.3305459518474,0.0,12.279885741811418,654.3305459518474,0.0,0.11639702124939733,654.3305459518474,0.0,6.867424253714441,654.3305459518474,0.0,53.89182083847097,654.3305459518474
0.0,8.205989998082512,654.3305459518474,0.0,53.717225306596866,654.3305459518474,0.0,12.803672337433706,654.3305459518474,0.0,0.0,654.3305459518474,0.0,7.682203402460224,654.3305459518474,0.0,54.35740892346856,654.3305459518474
0.0,9.078967657452992,654.3305459518474,0.0,49.81792509474205,654.3305459518474,0.0,11.697900635564432,654.3305459518474,0.0,0.0,654.3305459518474,0.0,7.9731959555837175,654.3305459518474,0.0,54.124614880969766,654.3305459518474
0.0,8.962570636203594,654.3305459518474,0.0,47.43178615912941,654.3305459518474,0.0,9.311761699951786,654.3305459518474,0.0,0.0,654.3305459518474,0.0,8.205989998082512,654.3305459518474,0.0,54.06641637034505,654.3305459518474
0.0,9.893746806198772,654.3305459518474,0.0,48.0137712653764,654.3305459518474,0.0,8.205989998082512,654.3305459518474,0.0,0.05819851062469866,654.3305459518474,0.0,8.031394466208416,654.3305459518474,0.0,54.24101190221916,654.3305459518474
0.0,11.115915529317444,654.3305459518474,0.0,47.19899211663062,654.3305459518474,0.0,8.438784040581305,654.3305459518474,0.0,0.6401836168716852,654.3305459518474,0.0,7.333012338712031,654.3305459518474,0.0,54.47380594471795,654.3305459518474
0.0,14.979095930454758,654.3305459518474,0.0,46.53054854915328,654.3305459518474,0.0,14.85483904909351,654.3305459518474,0.0,6.307517847374658,654.3305459518474,0.0,10.047942247579073,654.3305459518474,0.0,54.29921041284385,654.3305459518474
0.0,50.16296897517532,654.3305459518474,0.0,85.63580050563587,654.3305459518474,0.0,55.64784781369235,654.3305459518474,0.0,49.46308596725059,654.3305459518474,0.0,43.691894945880165,654.3305459518474,0.0,68.90721430862827,654.3305459518474
0.0,98.46994459004378,654.3305459518474,0.0,150.19773664341741,654.3305459518474,0.0,123.99904612176283,654.3305459518474,0.0,118.2027746396285,654.3305459518474,0.0,93.71974541872571,654.3305459518474,0.0,72.21198918385414,654.3305459518474
0.0,154.81785314064592,654.3305459518474,0.0,203.8905924051906,654.3305459518474,0.0,185.86963193101286,654.3305459518474,0.0,183.84372340910204,654.3305459518474,0.0,148.7165479945778,654.3305459518474,0.0,88.48734979726103,654.3305459518474
0.0,222.4171511808654,654.3305459518474,0.0,260.4383546774158,654.3305459518474,0.0,240.90405519801087,654.3305459518474,0.0,238.678470683462,654.3305459518474,0.0,205.41214672849978,654.3305459518474,0.0,125.80416764460165,654.3305459518474
0.0,276.3946405160786,654.3305459518474,0.0,290.95212803236507,654.3305459518474,0.0,265.94231045498327,654.3305459518474,0.0,276.1635250829932,654.3305459518474,0.0,240.94521083696856,654.3305459518474,0.0,134.24630890400977,654.3305459518474
0.0,289.1638716522082,654.3305459518474,0.0,306.55268609861116,654.3305459518474,0.0,171.642080810439,654.3305459518474,0.0,297.2064831973553,654.3305459518474,0.0,262.55761382719567,654.3305459518474,0.0,106.6504986693923,654.3305459518474
0.0,281.1622380170338,654.3305459518474,0.0,312.59279097319785,654.3305459518474,0.0,146.76588085495865,654.3305459518474,0.0,302.09047771955983,654.3305459518474,0.0,276.73464856827167,654.3305459518474,0.0,142.96840336658778,654.3305459518474
0.0,256.8002861876505,654.3305459518474,0.0,290.67835607989366,654.3305459518474,0.0,134.09432525899803,654.3305459518474,0.0,292.0801561631267,654.3305459518474,0.0,272.90290760758177,654.3305459518474,0.0,142.94932642753727,654.3305459518474
0.0,217.75323274179257,654.3305459518474,0.0,273.39472157580144,654.3305459518474,0.0,120.72738929639775,654.3305459518474,0.0,264.8868774036269,654.3305459518474,0.0,244.4449813345623,654.3305459518474,0.0,139.9623031756122,654.3305459518474
0.0,180.38139587366905,654.3305459518474,0.0,218.51431602119874,654.3305459518474,0.0,125.44296953742669,654.3305459518474,0.0,220.26998753844998,654.3305459518474,0.0,197.64798750609427,654.3305459518474,0.0,152.1512278149082,654.3305459518474
0.0,137.8345719302174,654.3305459518474,0.0,145.2177451904572,654.3305459518474,0.0,126.15521504674831,654.3305459518474,0.0,157.22121267691062,654.3305459518474,0.0,133.07819150820086,654.3305459518474,0.0,113.78383501546631,654.3305459518474
0.0,74.90855306961092,654.3305459518474,0.0,87.01684504040493,654.3305459518474,0.0,106.37036773723733,654.3305459518474,0.0,84.58840504337633,654.3305459518474,0.0,60.351065553324396,654.3305459518474,0.0,80.0457417248081,654.3305459518474
0.0,33.34006445682554,654.3305459518474,0.0,49.41071324935422,654.3305459518474,0.0,68.92611351869373,654.3305459518474,0.0,44.304964034604446,654.3305459518474,0.0,15.58951871629245,654.3305459518474,0.0,27.814385437320915,654.3305459518474
0.0,18.73992042115297,654.3305459518474,0.0,29.15745382297403,654.3305459518474,0.0,56.16156275283421,654.3305459518474,0.0,33.92973169419932,654.3305459518474,0.0,0.7565806381210826,654.3305459518474,0.0,5.587057019971072,654.3305459518474
0.0,13.793047018053581,654.3305459518474,0.0,22.057235526760792,654.3305459518474,0.0,56.4525553059577,654.3305459518474,0.0,31.36899722671258,654.3305459518474,0.0,0.174595531874096,654.3305459518474,0.0,2.3861389356126455,654.3305459518474
0.0,8.147791487457813,654.3305459518474,0.0,14.200436592426472,654.3305459518474,0.0,55.28858509346373,654.3305459518474,0.0,27.877086589230657,654.3305459518474,0.0,0.11639702124939733,654.3305459518474,0.0,3.1427195737337277,654.3305459518474
0.0,5.9944465943439615,654.3305459518474,0.0,7.85679893433432,654.3305459518474,0.0,50.51630722223844,654.3305459518474,0.0,26.014734249240302,654.3305459518474,0.0,0.40738957437289064,654.3305459518474,0.0,8.555181061830703,654.3305459518474
0.0,5.9362480837192635,654.3305459518474,0.0,3.3755136162325226,654.3305459518474,0.0,50.749101264737234,654.3305459518474,0.0,25.14175658986982,654.3305459518474,0.0,1.1057717018692748,654.3305459518474,0.0,24.617969994247535,654.3305459518474
0.0,6.401836168716853,654.3305459518474,0.0,1.1057717018692748,654.3305459518474,0.0,51.50568190285831,654.3305459518474,0.0,23.453999781753563,654.3305459518474,0.0,1.5713597868668638,654.3305459518474,0.0,47.7809772228776,654.3305459518474
0.0,6.634630211215648,654.3305459518474,0.0,0.7565806381210826,654.3305459518474,0.0,53.89182083847097,654.3305459518474,0.0,21.475250420513806,654.3305459518474,0.0,1.6295582974915626,654.3305459518474,0.0,56.33615828470831,654.3305459518474
0.0,6.809225743089744,654.3305459518474,0.0,1.3385657443680692,654.3305459518474,0.0,56.0451657315848,654.3305459518474,0.0,19.089111484901164,654.3305459518474,0.0,1.4549627656174666,654.3305459518474,0.0,56.7435478590812,654.3305459518474
0.0,6.576431700590949,654.3305459518474,0.0,2.15334489311385,654.3305459518474,0.0,55.40498211471312,654.3305459518474,0.0,17.86694276178249,654.3305459518474,0.0,1.222168723118672,654.3305459518474,0.0,56.6271508378318,654.3305459518474
0.0,6.51823318996625,654.3305459518474,0.0,2.269741914363248,654.3305459518474,0.0,53.89182083847097,654.3305459518474,0.0,19.72929510177285,654.3305459518474,0.0,0.7565806381210826,654.3305459518474,0.0,56.56895232720709,654.3305459518474
0.0,11.304729900986892,654.3305459518474,0.0,6.241459476638108,654.3305459518474,0.0,54.82935598814964,654.3305459518474,0.0,26.843732237781435,654.3305459518474,0.0,4.728298200395943,654.3305459518474,0.0,61.056596624992395,654.3305459518474
0.0,53.19565050734316,654.3305459518474,0.0,46.67741731737691,654.3305459518474,0.0,91.99047751368161,654.3305459518474,0.0,65.22384299659032,654.3305459518474,0.0,45.11391739062189,654.3305459518474,0.0,101.89208417999224,654.3305459518474
0.0,123.2235662735763,654.3305459518474,0.0,114.1445986161233,654.3305459518474,0.0,153.603188819669,654.3305459518474,0.0,138.04210778296724,654.3305459518474,0.0,111.9566347927203,654.3305459518474,0.0,165.32148954572722,654.3305459518474
0.0,190.5947506415671,654.3305459518474,0.0,178.94718865651552,654.3305459518474,0.0,209.85059779823052,654.3305459518474,0.0,166.501534936415,654.3305459518474,0.0,177.49222589089806,654.3305459518474,0.0,224.48032493595196,654.3305459518474
0.0,243.2069151622349,654.3305459518474,0.0,228.49055183429797,654.3305459518474,0.0,254.25995181065753,654.3305459518474,0.0,188.57484564136962,654.3305459518474,0.0,226.98525041816768,654.3305459518474,0.0,264.4003560411803,654.3305459518474
0.0,278.10447602410204,654.3305459518474,0.0,258.85330923770874,654.3305459518474,0.0,278.8217573616639,654.3305459518474,0.0,219.8562389843936,654.3305459518474,0.0,259.7530459672565,654.3305459518474,0.0,293.6227228124327,654.3305459518474
0.0,295.943336564264,654.3305459518474,0.0,255.7152700342451,654.3305459518474,0.0,291.09246009192015,654.3305459518474,0.0,172.6376367417573,654.3305459518474,0.0,272.38230050180124,654.3305459518474,0.0,317.79117989987645,654.3305459518474
0.0,299.95117393725627,654.3305459518474,0.0,230.34822380401826,654.3305459518474,0.0,284.5442883419348,654.3305459518474,0.0,189.57676055237144,654.3305459518474,0.0,276.4782749454373,654.3305459518474,0.0,303.5638065082876,654.3305459518474
0.0,292.55978535893456,654.3305459518474,0.0,220.83024940275988,654.3305459518474,0.0,258.54491835494815,654.3305459518474,0.0,144.8844515759178,654.3305459518474,0.0,264.17145240446354,654.3305459518474,0.0,272.2698729348817,654.3305459518474
0.0,266.6893526235791,654.3305459518474,0.0,207.85648417473712,654.3305459518474,0.0,219.26507086659146,654.3305459518474,0.0,104.05064263033134,654.3305459518474,0.0,220.525038009841,654.3305459518474,0.0,261.58792832112937,654.3305459518474
0.0,220.33436729977316,654.3305459518474,0.0,191.58580393160037,654.3305459518474,0.0,192.54841954204292,654.3305459518474,0.0,112.71285997287126,654.3305459518474,0.0,160.37832881942472,654.3305459518474,0.0,228.49452128862785,654.3305459518474
0.0,155.30216270672392,654.3305459518474,0.0,133.7309153554545,654.3305459518474,0.0,110.73746783045831,654.3305459518474,0.0,128.6278124435913,654.3305459518474,0.0,92.59339589737756,646.923941849225,0.0,163.1917242329489,654.3305459518474
0.0,77.1547154036386,654.3305459518474,0.0,68.26606299828342,654.3305459518474,0.0,51.95458257415903,654.3305459518474,0.0,98.28545513067431,654.3305459518474,0.0,43.52666015454627,654.3305459518474,0.0,109.65306391255602,654.3305459518474
0.0,26.93822828810869,654.3305459518474,0.0,27.74514757674262,654.3305459518474,0.0,17.941038721615943,654.3305459518474,0.0,55.22738482198234,654.3305459518474,0.0,14.392430453937674,654.3305459518474,0.0,66.27256161029314,654.3305459518474
0.0,8.205989998082512,654.3305459518474,0.0,13.618451486179488,654.3305459518474,0.0,4.190292764978303,654.3305459518474,0.0,46.61700701038363,654.3305459518474,0.0,3.899300211854811,654.3305459518474,0.0,51.15649083911013,654.3305459518474
0.0,4.015697233104208,654.3305459518474,0.0,12.221687231186719,654.3305459518474,0.0,2.3861389356126455,654.3305459518474,0.0,49.29413849911976,654.3305459518474,0.0,1.8623523399903572,654.3305459518474,0.0,49.29413849911976,654.3305459518474
0.0,1.5713597868668638,654.3305459518474,0.0,10.999518508068046,654.3305459518474,0.0,0.698382127496384,654.3305459518474,0.0,50.690902754112535,654.3305459518474,0.0,1.0475731912445758,654.3305459518474,0.0,45.45303679788965,654.3305459518474
0.0,0.2909925531234933,654.3305459518474,0.0,12.105290209937321,654.3305459518474,0.0,0.174595531874096,654.3305459518474,0.0,47.48998466975411,654.3305459518474,0.0,0.8147791487457813,654.3305459518474,0.0,40.50616339479026,654.3305459518474
0.0,0.0,654.3305459518474,0.0,12.803672337433706,654.3305459518474,0.0,0.11639702124939733,654.3305459518474,0.0,46.73340403163303,654.3305459518474,0.0,0.6401836168716852,654.3305459518474,0.0,33.92973169419932,654.3305459518474
0.0,0.0,654.3305459518474,0.0,12.221687231186719,654.3305459518474,0.0,0.11639702124939733,654.3305459518474,0.0,43.823478500398096,654.3305459518474,0.0,0.7565806381210826,654.3305459518474,0.0,28.517270206102342,654.3305459518474
0.0,0.0,654.3305459518474,0.0,12.920069358683104,654.3305459518474,0.0,0.174595531874096,654.3305459518474,0.0,44.92925020226737,654.3305459518474,0.0,1.5713597868668638,654.3305459518474,0.0,23.163007228630068,654.3305459518474
0.0,0.5237865956222879,654.3305459518474,0.0,14.258635103051171,654.3305459518474,0.0,0.40738957437289064,654.3305459518474,0.0,48.362962329124585,654.3305459518474,0.0,2.735329999360837,654.3305459518474,0.0,18.332530846780077,654.3305459518474
0.0,3.3755136162325226,654.3305459518474,0.0,11.581503614315034,654.3305459518474,0.0,0.349191063748192,654.3305459518474,0.0,50.92369679661133,654.3305459518474,0.0,1.920550850615056,654.3305459518474,0.0,14.840620209298159,654.3305459518474
0.0,6.809225743089744,654.3305459518474,0.0,7.914997444959019,654.3305459518474,0.0,0.9893746806198773,654.3305459518474,0.0,52.49505658347819,654.3305459518474,0.0,0.6401836168716852,654.3305459518474,0.0,12.803672337433706,654.3305459518474
0.0,13.63267032597484,654.3305459518474,0.0,11.238671530250345,654.3305459518474,0.0,5.291384096577479,654.3305459518474,0.0,60.30787584698317,654.3305459518474,0.0,4.328768486134903,654.3305459518474,0.0,14.195756222156374,654.3305459518474
0.0,54.774870154321874,654.3305459518474,0.0,49.74303917042048,654.3305459518474,0.0,35.11931555441236,654.3305459518474,0.0,99.62702263589907,654.3305459518474,0.0,41.700605354258464,654.3305459518474,0.0,45.609266306653474,654.3305459518474
0.0,123.73949300908671,654.3305459518474,0.0,110.965581502687,654.3305459518474,0.0,77.90211303020456,654.3305459518474,0.0,153.31669890783053,654.3305459518474,0.0,107.86066034908418,654.3305459518474,0.0,107.55694983659366,654.3305459518474
0.0,191.93967536561863,654.3305459518474,0.0,172.73549001091135,654.3305459518474,0.0,124.91300169110595,654.3305459518474,0.0,203.9501140672586,654.3305459518474,0.0,171.34826422544387,654.3305459518474,0.0,188.92121267324617,654.3305459518474
0.0,239.76384229483747,654.3305459518474,0.0,210.8528681672024,654.3305459518474,0.0,185.262566364002,654.3305459518474,0.0,241.911795901741,654.3305459518474,0.0,217.08664551271374,654.3305459518474,0.0,238.83266612484232,654.3305459518474
0.0,273.43923443358597,654.3305459518474,0.0,207.20994157818194,654.3305459518474,0.0,207.1077633967279,654.3305459518474,0.0,261.4919313903738,654.3305459518474,0.0,238.64870985242797,654.3305459518474,0.0,273.05860392939036,654.3305459518474
0.0,290.0055876001163,654.3305459518474,0.0,189.0061702540482,654.3305459518474,0.0,246.24127530381614,654.3305459518474,0.0,292.38633524951865,654.3305459518474,0.0,246.9145769705486,654.3305459518474,0.0,291.8978785001257,654.3305459518474
0.0,288.06613753943583,654.3305459518474,0.0,193.4356160412088,654.3305459518474,0.0,241.0206299482453,654.3305459518474,0.0,315.6471957473028,654.3305459518474,0.0,254.1296914075829,654.3305459518474,0.0,293.2521639647175,654.3305459518474
0.0,269.47537673142295,654.3305459518474,0.0,207.90364333540825,654.3305459518474,0.0,216.8018342102887,654.3305459518474,0.0,301.7454338391266,654.3305459518474,0.0,238.06822562660938,654.3305459518474,0.0,282.2178487973753,654.3305459518474
0.0,242.0146849991353,654.3305459518474,0.0,226.70829897585446,654.3305459518474,0.0,213.49387984522104,654.3305459518474,0.0,268.3720736034552,654.3305459518474,0.0,205.36648844825703,654.3305459518474,0.0,255.24164436015062,654.3305459518474
0.0,199.13271110274576,654.3305459518474,0.0,183.56209159651874,654.3305459518474,0.0,182.9454875599826,654.3305459518474,0.0,218.70763303415322,654.3305459518474,0.0,154.73307328882896,654.3305459518474,0.0,207.86266542543558,654.3305459518474
0.0,148.26482329140543,654.3305459518474,0.0,126.46846402876406,654.3305459518474,0.0,136.33094912350046,654.3305459518474,0.0,154.10957708565417,654.3305459518474,0.0,100.72882488343848,654.3305459518474,0.0,142.36169325754702,654.3305459518474
0.0,88.31310972335706,654.3305459518474,0.0,73.2537365823704,654.3305459518474,0.0,71.97822744788218,654.3305459518474,0.0,94.87682346458101,654.3305459518474,0.0,56.498924502140675,654.3305459518474,0.0,66.8299994427314,654.3305459518474
0.0,45.30537806517792,654.3305459518474,0.0,44.347442825005444,654.3305459518474,0.0,26.258745370677754,654.3305459518474,0.0,59.049587313147,654.3305459518474,0.0,16.94698367072597,654.3305459518474,0.0,20.245399566268343,654.3305459518474
0.0,28.575468716727045,654.3305459518474,0.0,38.294619991051725,654.3305459518474,0.0,11.81429765681383,654.3305459518474,0.0,52.3204610516041,654.3305459518474,0.0,1.8041538293656585,654.3305459518474,0.0,4.888674892474688,654.3305459518474
0.0,29.27385084422343,654.3305459518474,0.0,42.193920202906526,654.3305459518474,0.0,13.0946648905572,654.3305459518474,0.0,51.44748339223362,654.3305459518474,0.0,1.2803672337433705,654.3305459518474,0.0,2.9099255312349332,654.3305459518474
0.0,31.89278382233487,654.3305459518474,0.0,42.54311126665472,654.3305459518474,0.0,11.872496167438527,654.3305459518474,0.0,52.2622625409794,654.3305459518474,0.0,0.698382127496384,654.3305459518474,0.0,1.2803672337433705,654.3305459518474
0.0,35.326495949192086,654.3305459518474,0.0,42.48491275603003,654.3305459518474,0.0,10.824922976193951,654.3305459518474,0.0,54.88119551909084,654.3305459518474,0.0,0.4655880849975893,654.3305459518474,0.0,0.349191063748192,654.3305459518474
0.0,40.447964884165565,654.3305459518474,0.0,42.310317224155924,654.3305459518474,0.0,11.174114039942143,654.3305459518474,0.0,55.579577646587225,654.3305459518474,0.0,0.5819851062469866,654.3305459518474,0.0,0.11639702124939733,654.3305459518474
0.0,44.521860627894476,654.3305459518474,0.0,39.92417828854328,654.3305459518474,0.0,12.221687231186719,654.3305459518474,0.0,56.103364242209516,654.3305459518474,0.0,0.9893746806198773,654.3305459518474,0.0,0.174595531874096,654.3305459518474
0.0,48.24656530787519,654.3305459518474,0.0,37.30524531043184,654.3305459518474,0.0,11.581503614315034,654.3305459518474,0.0,55.52137913596252,654.3305459518474,0.0,1.4549627656174666,654.3305459518474,0.0,0.2909925531234933,654.3305459518474
0.0,48.886748924746875,654.3305459518474,0.0,39.691384246044485,654.3305459518474,0.0,10.417533401821059,654.3305459518474,0.0,55.81237168908602,654.3305459518474,0.0,1.74595531874096,654.3305459518474,0.0,0.4655880849975893,654.3305459518474
0.0,50.167116158490245,654.3305459518474,0.0,38.12002445917762,654.3305459518474,0.0,8.904372125578895,654.3305459518474,0.0,56.0451657315848,654.3305459518474,0.0,1.4549627656174666,654.3305459518474,0.0,0.5819851062469866,654.3305459518474
0.0,52.727850625976984,654.3305459518474,0.0,35.908481055439076,654.3305459518474,0.0,6.98382127496384,654.3305459518474,0.0,56.2779597740836,654.3305459518474,0.0,0.698382127496384,654.3305459518474,0.0,0.5237865956222879,654.3305459518474
0.0,57.97993542199522,654.3305459518474,0.0,40.79565506748541,654.3305459518474,0.0,9.892245925770426,654.3305459518474,0.0,58.72547671016271,654.3305459518474,0.0,0.40738957437289064,654.3305459518474,0.0,3.704304589486917,654.3305459518474
0.0,92.27193159727985,654.3305459518474,0.0,87.18358071216717,654.3305459518474,0.0,45.203555341693985,654.3305459518474,0.0,89.05361518328432,654.3305459518474,0.0,20.313136546418292,654.3305459518474,0.0,39.369485439428765,654.3305459518474
0.0,138.88329054392022,654.3305459518474,0.0,157.39863224065635,654.3305459518474,0.0,100.3592337291965,654.3305459518474,0.0,148.3445673149822,654.3305459518474,0.0,66.61778321971146,654.3305459518474,0.0,98.02025395425493,654.3305459518474
0.0,178.91653918055619,654.3305459518474,0.0,218.2641236490628,654.3305459518474,0.0,156.72922097970584,654.3305459518474,0.0,197.50412049872733,654.3305459518474,0.0,98.02025395425493,654.3305459518474,0.0,165.54563376362603,654.3305459518474
0.0,228.9569298837837,654.3305459518474,0.0,268.0984793799688,654.3305459518474,0.0,202.75073495998734,654.3305459518474,0.0,217.4177273308846,654.3305459518474,0.0,133.58475750317112,654.3305459518474,0.0,217.08664551271374,654.3305459518474
0.0,273.562780399007,654.3305459518474,0.0,302.6389893179759,654.3305459518474,0.0,240.6384985636213,654.3305459518474,0.0,226.6336698290658,654.3305459518474,0.0,162.07094372679617,654.3305459518474,0.0,252.58509069089334,654.3305459518474
0.0,313.89806093872005,654.3305459518474,0.0,318.34022468524773,654.3305459518474,0.0,269.31031966907415,654.3305459518474,0.0,258.3774717672457,654.3305459518474,0.0,191.22407263747021,654.3305459518474,0.0,275.7956125381646,654.3305459518474
0.0,318.1104324036056,654.3305459518474,0.0,321.12121296485134,654.3305459518474,0.0,271.8160351157779,654.3305459518474,0.0,217.01819761662358,654.3305459518474,0.0,192.14738894735356,654.3305459518474,0.0,273.46449262333493,654.3305459518474
0.0,303.77452185087924,654.3305459518474,0.0,309.8840423150293,654.3305459518474,0.0,262.5733335474194,654.3305459518474,0.0,178.38957309509215,654.3305459518474,0.0,180.2243764004171,654.3305459518474,0.0,234.30890201633952,654.3305459518474
0.0,273.27964770599533,654.3305459518474,0.0,279.54804398179584,654.3305459518474,0.0,243.5562839549681,654.3305459518474,0.0,198.8694453132727,654.3305459518474,0.0,148.9965011977477,654.3305459518474,0.0,189.87128805330678,654.3305459518474
0.0,227.1260169842407,654.3305459518474,0.0,232.30436127839562,654.3305459518474,0.0,197.4498123938846,654.3305459518474,0.0,173.83587042657032,654.3305459518474,0.0,112.85001254258458,654.3305459518474,0.0,140.70855537971988,654.3305459518474
0.0,155.4606830604042,654.3305459518474,0.0,161.99967179883433,654.3305459518474,0.0,133.80333270587454,654.3305459518474,0.0,137.20489447634415,654.3305459518474,0.0,80.0507775530483,634.3813235048957,0.0,93.01182482170405,647.3423707735515
0.0,95.08903968760094,654.3305459518474,0.0,76.76922680018787,654.3305459518474,0.0,62.158398872531805,654.3305459518474,0.0,99.94159476935812,654.3305459518474,0.0,45.27747357254238,654.3305459518474,0.0,47.37094134561813,654.3305459518474
0.0,60.06404245453078,654.3305459518474,0.0,26.3452038319081,654.3305459518474,0.0,16.613512327201477,654.3305459518474,0.0,67.04954233890801,654.3305459518474,0.0,13.75860581674949,654.3305459518474,0.0,22.691237892934033,654.3305459518474
0.0,57.26733445470348,654.3305459518474,0.0,7.216615317462634,654.3305459518474,0.0,1.6295582974915626,654.3305459518474,0.0,57.034540412204684,654.3305459518474,0.0,2.3279404249879465,654.3305459518474,0.0,17.86694276178249,654.3305459518474
0.0,55.98696722096011,654.3305459518474,0.0,2.8517270206102348,654.3305459518474,0.0,1.0475731912445758,654.3305459518474,0.0,57.09273892282938,654.3305459518474,0.0,2.3861389356126455,654.3305459518474,0.0,22.17363254801019,654.3305459518474
0.0,54.59020296596734,654.3305459518474,0.0,1.2803672337433705,654.3305459518474,0.0,0.8147791487457813,654.3305459518474,0.0,57.034540412204684,654.3305459518474,0.0,2.793528509985536,654.3305459518474,0.0,25.84013871736621,654.3305459518474
0.0,54.532004455342644,654.3305459518474,0.0,0.9311761699951786,654.3305459518474,0.0,0.8147791487457813,654.3305459518474,0.0,57.034540412204684,654.3305459518474,0.0,3.841101701230112,654.3305459518474,0.0,26.1893297811144,654.3305459518474
0.0,51.971269987855905,654.3305459518474,0.0,1.3385657443680692,654.3305459518474,0.0,0.8147791487457813,654.3305459518474,0.0,56.918143390955294,654.3305459518474,0.0,4.481285318101797,654.3305459518474,0.0,26.363925312988492,654.3305459518474
0.0,45.627632329763756,654.3305459518474,0.0,3.3755136162325226,654.3305459518474,0.0,0.7565806381210826,654.3305459518474,0.0,56.80174636970589,654.3305459518474,0.0,4.888674892474688,654.3305459518474,0.0,26.014734249240302,654.3305459518474
0.0,38.87660509729871,654.3305459518474,0.0,9.195364678702388,654.3305459518474,0.0,1.1057717018692748,654.3305459518474,0.0,56.859944880330595,654.3305459518474,0.0,6.227240636842756,654.3305459518474,0.0,24.094183398625244,654.3305459518474
0.0,33.40594509857703,654.3305459518474,0.0,16.819369570537912,654.3305459518474,0.0,1.5713597868668638,654.3305459518474,0.0,56.7435478590812,654.3305459518474,0.0,6.867424253714441,654.3305459518474,0.0,24.443374462373438,654.3305459518474
0.0,28.750064248601138,654.3305459518474,0.0,26.422123823613195,654.3305459518474,0.0,1.6877568081162613,654.3305459518474,0.0,56.7435478590812,654.3305459518474,0.0,7.216615317462634,654.3305459518474,0.0,24.676168504872233,654.3305459518474
0.0,24.501572972998137,654.3305459518474,0.0,34.744510842945104,654.3305459518474,0.0,1.4549627656174666,654.3305459518474,0.0,56.394356795333,654.3305459518474,0.0,7.274813828087333,654.3305459518474,0.0,26.363925312988492,654.3305459518474
0.0,26.1217705299495,654.3305459518474,0.0,42.530571036272775,654.3305459518474,0.0,6.691327841411999,654.3305459518474,0.0,59.89262641249843,654.3305459518474,0.0,11.863135426898332,654.3305459518474,0.0,34.03676797490852,654.3305459518474
0.0,63.36467014644172,654.3305459518474,0.0,82.40962423152848,654.3305459518474,0.0,41.05724224754503,654.3305459518474,0.0,95.56884661239388,654.3305459518474,0.0,49.52914433798714,654.3305459518474,0.0,74.27137121359593,654.3305459518474
0.0,125.13625726407949,654.3305459518474,0.0,143.29869522027047,654.3305459518474,0.0,92.96316478060463,654.3305459518474,0.0,151.13191457426927,654.3305459518474,0.0,103.81970492623101,654.3305459518474,0.0,133.8501364085755,654.3305459518474
0.0,185.61643779802029,654.3305459518474,0.0,202.09261982652342,654.3305459518474,0.0,158.71265071121567,654.3305459518474,0.0,208.6815917574963,654.3305459518474,0.0,166.9848768090198,654.3305459518474,0.0,186.35694325794753,654.3305459518474
0.0,234.9380462832576,654.3305459518474,0.0,242.81171036027382,654.3305459518474,0.0,205.1729937063175,654.3305459518474,0.0,256.34052389538124,654.3305459518474,0.0,220.3332218773149,654.3305459518474,0.0,224.37214323278454,654.3305459518474
0.0,269.84664649507835,654.3305459518474,0.0,281.1635611684771,654.3305459518474,0.0,239.62854606352266,654.3305459518474,0.0,284.6945933775332,654.3305459518474,0.0,255.0326076269724,654.3305459518474,0.0,233.5362462000246,654.3305459518474
0.0,288.4531270233149,654.3305459518474,0.0,294.14836574645346,654.3305459518474,0.0,250.03203835453337,654.3305459518474,0.0,259.9598709040661,654.3305459518474,0.0,274.0386178694701,654.3305459518474,0.0,259.29814177424237,654.3305459518474
0.0,292.89511304085744,654.3305459518474,0.0,247.75408112208817,654.3305459518474,0.0,256.2310190407705,654.3305459518474,0.0,222.30490134293092,654.3305459518474,0.0,278.0496347323042,654.3305459518474,0.0,294.754108162021,654.3305459518474
0.0,285.0192371674726,654.3305459518474,0.0,184.32149626651147,654.3305459518474,0.0,254.43940544178676,654.3305459518474,0.0,230.89637994446417,654.3305459518474,0.0,267.01531956496194,654.3305459518474,0.0,287.09848610075306,654.3305459518474
0.0,261.98163224266204,654.3305459518474,0.0,211.1324659124022,654.3305459518474,0.0,233.71569983115387,654.3305459518474,0.0,217.92579420628314,654.3305459518474,0.0,239.70564378421278,654.3305459518474,0.0,265.2815490186328,654.3305459518474
0.0,217.41190153815623,654.3305459518474,0.0,199.52720498876656,654.3305459518474,0.0,195.73193929676427,654.3305459518474,0.0,176.2251888520247,654.3305459518474,0.0,193.88230491614092,654.3305459518474,0.0,220.59860078271936,654.3305459518474
0.0,153.74184226981063,654.3305459518474,0.0,145.06840784833207,654.3305459518474,0.0,139.3744922766369,654.3305459518474,0.0,127.86469509680165,654.3305459518474,0.0,133.92441009739403,654.3305459518474,0.0,157.7276009428958,654.3305459518474
0.0,77.7634595800629,654.3305459518474,0.0,87.18843881142233,654.3305459518474,0.0,80.93761859424403,654.3305459518474,0.0,108.34275811879358,654.3305459518474,0.0,64.50205901774346,654.3305459518474,0.0,87.62258745597252,654.3305459518474
0.0,27.554832324644828,654.3305459518474,0.0,40.92477004810181,654.3305459518474,0.0,39.83471806645625,654.3305459518474,0.0,73.01104861237623,654.3305459518474,0.0,19.698033390310506,654.3305459518474,0.0,42.09660012070764,654.3305459518474
0.0,6.692828721840346,654.3305459518474,0.0,23.453999781753563,654.3305459518474,0.0,26.422123823613195,654.3305459518474,0.0,56.16156275283421,654.3305459518474,0.0,3.49191063748192,654.3305459518474,0.0,18.972714463651766,654.3305459518474
0.0,2.793528509985536,654.3305459518474,0.0,24.094183398625244,654.3305459518474,0.0,29.390247865472826,654.3305459518474,0.0,55.34678360408843,654.3305459518474,0.0,1.6295582974915626,654.3305459518474,0.0,11.406908082440939,654.3305459518474
0.0,1.2803672337433705,654.3305459518474,0.0,27.877086589230657,654.3305459518474,0.0,30.787012120465597,654.3305459518474,0.0,54.93939402971553,654.3305459518474,0.0,0.8147791487457813,654.3305459518474,0.0,6.692828721840346,654.3305459518474
0.0,0.698382127496384,654.3305459518474,0.0,28.400873184852944,654.3305459518474,0.0,31.36899722671258,654.3305459518474,0.0,54.41560743409325,654.3305459518474,0.0,0.349191063748192,654.3305459518474,0.0,4.015697233104208,654.3305459518474
0.0,1.1639702124939733,654.3305459518474,0.0,26.014734249240302,654.3305459518474,0.0,33.75513616232522,654.3305459518474,0.0,54.00821785972036,654.3305459518474,0.0,0.23279404249879465,654.3305459518474,0.0,2.2115434037385495,654.3305459518474
0.0,3.6665061693560155,654.3305459518474,0.0,23.57039680300296,654.3305459518474,0.0,33.28954807732764,654.3305459518474,0.0,53.775423817221565,654.3305459518474,0.0,0.2909925531234933,654.3305459518474,0.0,0.8147791487457813,654.3305459518474
0.0,4.539483828726496,654.3305459518474,0.0,19.147309995525863,654.3305459518474,0.0,25.607344674867413,654.3305459518474,0.0,53.89182083847097,654.3305459518474,0.0,0.2909925531234933,654.3305459518474,0.0,0.174595531874096,654.3305459518474
0.0,3.9574987224795093,654.3305459518474,0.0,12.047091699312622,654.3305459518474,0.0,20.02028765489634,654.3305459518474,0.0,54.124614880969766,654.3305459518474,0.0,0.349191063748192,654.3305459518474,0.0,0.0,654.3305459518474
0.0,4.888674892474688,654.3305459518474,0.0,6.92562276433914,654.3305459518474,0.0,18.390729357404776,654.3305459518474,0.0,53.775423817221565,654.3305459518474,0.0,0.349191063748192,654.3305459518474,0.0,0.0,654.3305459518474
0.0,4.655880849975893,654.3305459518474,0.0,4.015697233104208,654.3305459518474,0.0,15.073414251796954,654.3305459518474,0.0,52.96064466847578,654.3305459518474,0.0,0.2909925531234933,654.3305459518474,0.0,0.0,654.3305459518474
0.0,9.71765039389633,654.3305459518474,0.0,6.214700406460809,654.3305459518474,0.0,12.69045480602606,654.3305459518474,0.0,55.60165634649442,654.3305459518474,0.0,5.069629404032286,654.3305459518474,0.0,5.519497768806176,654.3305459518474
0.0,46.724576478048,654.3305459518474,0.0,42.53578459349804,654.3305459518474,0.0,36.78817315246317,654.3305459518474,0.0,89.03957407247401,654.3305459518474,0.0,41.93339939675726,654.3305459518474,0.0,45.513447104882935,654.3305459518474
0.0,117.15520144838392,654.3305459518474,0.0,106.10048619054787,654.3305459518474,0.0,92.17982507230624,654.3305459518474,0.0,144.10243501906268,654.3305459518474,0.0,100.87516046470694,654.3305459518474,0.0,106.15400433090247,654.3305459518474
0.0,184.48708651581543,654.3305459518474,0.0,168.60807612682788,654.3305459518474,0.0,148.59229111321653,654.3305459518474,0.0,198.49835327860237,654.3305459518474,0.0,163.68010193379394,654.3305459518474,0.0,160.42566570908087,654.3305459518474
0.0,238.7477085440403,654.3305459518474,0.0,187.34799654798084,654.3305459518474,0.0,183.83436266856182,654.3305459518474,0.0,229.20244188564948,654.3305459518474,0.0,223.4209224302657,654.3305459518474,0.0,205.4813845890781,654.3305459518474
0.0,274.6346440865274,654.3305459518474,0.0,258.76949707936495,654.3305459518474,0.0,185.1257692522588,654.3305459518474,0.0,225.8976670104236,654.3305459518474,0.0,261.74751504872,654.3305459518474,0.0,245.41713541453015,654.3305459518474
0.0,294.44439412781713,654.3305459518474,0.0,247.6077455408197,654.3305459518474,0.0,150.07719243885307,654.3305459518474,0.0,273.9404091423459,654.3305459518474,0.0,284.76922252432183,654.3305459518474,0.0,269.60131222219763,654.3305459518474
0.0,301.0554447586972,654.3305459518474,0.0,169.86282971285218,654.3305459518474,0.0,117.66644781362427,654.3305459518474,0.0,259.29460682643054,654.3305459518474,0.0,293.6689142796306,654.3305459518474,0.0,275.57535872604774,654.3305459518474
0.0,294.00220789417006,654.3305459518474,0.0,105.61564343751472,654.3305459518474,0.0,96.73352774082808,651.0640736926755,0.0,242.8178916109723,654.3305459518474,0.0,288.33805315350884,654.3305459518474,0.0,269.46433738146936,654.3305459518474
0.0,271.1438788715036,654.3305459518474,0.0,138.72512564821002,654.3305459518474,0.0,84.74127733331335,635.8053510259888,0.0,222.9121446389269,654.3305459518474,0.0,266.44869872096854,654.3305459518474,0.0,248.70751372097564,654.3305459518474
0.0,218.06594853685317,654.3305459518474,0.0,138.1306003115811,654.3305459518474,0.0,70.55320324228376,606.3585542682725,0.0,206.31117254210736,654.3305459518474,0.0,225.04844666037377,654.3305459518474,0.0,206.69383711368647,654.3305459518474
0.0,161.5228666348981,654.3305459518474,0.0,97.27939303635756,651.6099389882049,0.0,49.93017493267652,556.2887292009491,0.0,170.6459916921655,654.3305459518474,0.0,166.4259380961532,654.3305459518474,0.0,146.13037760835707,654.3305459518474
0.0,109.28029326847226,654.3305459518474,0.0,38.91175721454303,654.3305459518474,0.0,26.991746428463287,577.8821263437197,0.0,111.80490792524151,654.3305459518474,0.0,97.85766546580763,654.3305459518474,0.0,76.25029830382074,654.3305459518474
0.0,64.54550550161761,654.3305459518474,0.0,5.069629404032286,654.3305459518474,0.0,17.06320296299031,591.5326887141119,0.0,66.26002137991118,654.3305459518474,0.0,54.42682451303191,654.3305459518474,0.0,32.652721679282756,654.3305459518474
0.0,41.495538075410145,654.3305459518474,0.0,0.4655880849975893,654.3305459518474,0.0,16.819369570537912,604.9881843705423,0.0,48.53755786099868,654.3305459518474,0.0,36.490466161686065,654.3305459518474,0.0,15.829994889918037,654.3305459518474
0.0,31.659989779836074,654.3305459518474,0.0,0.05819851062469866,654.3305459518474,0.0,14.840620209298159,616.8606805379808,0.0,46.84980105288243,654.3305459518474,0.0,39.57498722479509,654.3305459518474,0.0,15.829994889918037,654.3305459518474
0.0,23.51219829237826,654.3305459518474,0.0,0.0,654.3305459518474,0.0,10.417533401821059,625.1947072594377,0.0,44.05627254289689,654.3305459518474,0.0,43.00869935165231,654.3305459518474,0.0,15.364406804920447,654.3305459518474
0.0,16.58657552803912,654.3305459518474,0.0,1.2803672337433705,654.3305459518474,0.0,5.005071913724085,629.1987647904169,0.0,40.79715594791376,654.3305459518474,0.0,44.521860627894476,654.3305459518474,0.0,14.258635103051171,654.3305459518474
0.0,11.290511061191541,654.3305459518474,0.0,0.11639702124939733,654.3305459518474,0.0,1.74595531874096,630.5955290454096,0.0,36.95605424668366,654.3305459518474,0.0,45.220242755390856,654.3305459518474,0.0,10.708525954944554,654.3305459518474
0.0,7.216615317462634,654.3305459518474,0.0,0.0,654.3305459518474,0.0,0.5819851062469866,631.0611171304072,0.0,34.8609078641945,654.3305459518474,0.0,45.685830840388455,654.3305459518474,0.0,8.6715780830801,654.3305459518474
0.0,4.946873403099386,654.3305459518474,0.0,0.05819851062469866,654.3305459518474,0.0,0.11639702124939733,631.1542347474067,0.0,33.46414360920173,654.3305459518474,0.0,46.907999563507126,654.3305459518474,0.0,7.9731959555837175,654.3305459518474
0.0,3.899300211854811,654.3305459518474,0.0,0.0,654.3305459518474,0.0,0.05819851062469866,631.2007935559064,0.0,31.776386801085472,654.3305459518474,0.0,47.37358764850471,654.3305459518474,0.0,6.401836168716853,654.3305459518474
0.0,3.084521063109029,654.3305459518474,0.0,0.0,654.3305459518474,0.0,0.11639702124939733,631.293911172906,0.0,30.787012120465597,654.3305459518474,0.0,47.25719062725532,654.3305459518474,0.0,6.51823318996625,654.3305459518474
0.0,2.0951463824891516,654.3305459518474,0.0,0.23279404249879465,654.3305459518474,0.0,0.6401836168716852,631.8060580664034,0.0,29.85583595047041,654.3305459518474,0.0,45.860426372262545,654.3305459518474,0.0,8.846173614954198,654.3305459518474
0.0,6.966600674311794,654.3305459518474,0.0,0.23279404249879465,654.3305459518474,0.0,2.777808789761836,634.0283050982129,0.0,32.838178832125394,654.3305459518474,0.0,48.536056980570336,654.3305459518474,0.0,16.290902604645527,654.3305459518474
0.0,45.74624114738173,654.3305459518474,0.0,7.858477543747723,654.3305459518474,0.0,37.41899602879466,654.3305459518474,0.0,64.13529189537309,654.3305459518474,0.0,84.68572512557523,654.3305459518474,0.0,48.877743642176796,654.3305459518474
0.0,105.87087163789082,654.3305459518474,0.0,20.262797895905443,649.5933438477529,0.0,95.87944929152306,654.3305459518474,0.0,124.4753180987439,654.3305459518474,0.0,152.8559689220881,654.3305459518474,0.0,92.95980756177781,654.3305459518474
0.0,163.15631533817165,654.3305459518474,0.0,49.58266247834173,654.3305459518474,0.0,144.34848020788365,654.3305459518474,0.0,166.30335982420536,654.3305459518474,0.0,210.42454531538056,654.3305459518474,0.0,122.6509419078695,654.3305459518474
0.0,213.67333347635034,654.3305459518474,0.0,76.73496332786883,631.0655092797163,0.0,176.0922821460635,654.3305459518474,0.0,187.97246044462884,654.3305459518474,0.0,247.19867735703343,654.3305459518474,0.0,144.08088950611065,654.3305459518474
0.0,250.19577226543893,654.3305459518474,0.0,105.34840819371183,635.3442358346857,0.0,179.11392432827773,654.3305459518474,0.0,230.1953515140812,654.3305459518474,0.0,256.2510636732942,654.3305459518474,0.0,159.76958464300048,654.3305459518474
0.0,279.20892457452806,654.3305459518474,0.0,166.7500486991375,654.3305459518474,0.0,150.47354266327238,654.3305459518474,0.0,236.3660722497127,654.3305459518474,0.0,232.5277945803542,654.3305459518474,0.0,165.91522491786804,654.3305459518474
0.0,285.3528862399822,654.3305459518474,0.0,228.9556067323404,654.3305459518474,0.0,134.59453227428477,654.3305459518474,0.0,242.0491262004394,654.3305459518474,0.0,170.20734040633027,654.3305459518474,0.0,164.07177178794313,654.3305459518474
0.0,272.5222771033861,654.3305459518474,0.0,260.97936187369015,654.3305459518474,0.0,91.5521816858165,645.882727637664,0.0,251.54652278221886,654.3305459518474,0.0,138.47925818837413,654.3305459518474,0.0,145.66346637191617,654.3305459518474
0.0,246.00848126131734,654.3305459518474,0.0,258.73002004982067,654.3305459518474,0.0,78.84114906031158,624.7238766979756,0.0,239.54005353490874,654.3305459518474,0.0,143.32395341001944,654.3305459518474,0.0,134.31607995154323,654.3305459518474
0.0,200.50757438681637,654.3305459518474,0.0,200.75405408215533,654.3305459518474,0.0,55.98299776663025,580.7068744646058,0.0,212.9020008114787,654.3305459518474,0.0,116.62152092526625,654.3305459518474,0.0,133.4131637321537,654.3305459518474
0.0,138.30033774420002,654.3305459518474,0.0,137.93339289284464,654.3305459518474,0.0,33.547955767545496,514.2548302321513,0.0,163.47185516510385,654.3305459518474,0.0,54.66765614462761,608.998202096475,0.0,78.91656817158834,633.2471141234357
0.0,68.08678709613922,654.3305459518474,0.0,89.75067415933742,654.3305459518474,0.0,14.70082133669827,526.01548730151,0.0,104.37907814561564,654.3305459518474,0.0,32.47962702783701,634.9819037187445,0.0,35.49826744919455,654.3305459518474
0.0,23.915085225466107,654.3305459518474,0.0,48.3820392681751,654.3305459518474,0.0,3.53756891772467,528.8455424356897,0.0,61.07249407420116,654.3305459518474,0.0,26.16575020077885,654.3305459518474,0.0,11.878855147122028,654.3305459518474
0.0,6.460034679341552,654.3305459518474,0.0,33.81333467294992,654.3305459518474,0.0,0.23279404249879465,529.0317776696887,0.0,40.62256041603966,654.3305459518474,0.0,30.96160765233969,654.3305459518474,0.0,14.433230634925268,654.3305459518474
0.0,4.655880849975893,654.3305459518474,0.0,42.48491275603003,654.3305459518474,0.0,0.40738957437289064,529.357689329187,0.0,35.55928999169088,654.3305459518474,0.0,31.950982332959565,654.3305459518474,0.0,26.014734249240302,654.3305459518474
0.0,2.8517270206102348,654.3305459518474,0.0,47.48998466975411,654.3305459518474,0.0,0.8147791487457813,530.0095126481837,0.0,31.48539424796198,654.3305459518474,0.0,27.12050595110958,654.3305459518474,0.0,33.34774658795233,654.3305459518474
0.0,1.5713597868668638,654.3305459518474,0.0,43.998074032272186,654.3305459518474,0.0,2.3861389356126455,531.9184237966738,0.0,29.09925531234933,654.3305459518474,0.0,23.395801271128864,654.3305459518474,0.0,28.575468716727045,654.3305459518474
0.0,0.7565806381210826,654.3305459518474,0.0,43.64888296852399,654.3305459518474,0.0,4.073895743728906,535.1775403916569,0.0,27.236902972358976,654.3305459518474,0.0,23.744992334877054,654.3305459518474,0.0,18.390729357404776,654.3305459518474
0.0,0.40738957437289064,654.3305459518474,0.0,40.15697233104208,654.3305459518474,0.0,4.888674892474688,539.0884803056366,0.0,27.70249105735656,654.3305459518474,0.0,22.581022122383082,654.3305459518474,0.0,16.470178506789722,654.3305459518474
0.0,0.349191063748192,654.3305459518474,0.0,39.4585902035457,654.3305459518474,0.0,6.169042126218058,544.023714006611,0.0,28.866461269850536,654.3305459518474,0.0,17.2267591449108,654.3305459518474,0.0,17.2849576555355,654.3305459518474
0.0,1.2803672337433705,654.3305459518474,0.0,34.27892275794751,654.3305459518474,0.0,7.565806381210827,550.0763591115797,0.0,30.437821056717404,654.3305459518474,0.0,12.396282763060816,654.3305459518474,0.0,12.745473826809006,654.3305459518474
0.0,2.9099255312349332,654.3305459518474,0.0,30.612416588591497,654.3305459518474,0.0,9.60275425307528,557.7585625140399,0.0,29.681240418596317,654.3305459518474,0.0,12.803672337433706,654.3305459518474,0.0,9.777349784949376,654.3305459518474
0.0,5.121468934973482,654.3305459518474,0.0,28.750064248601138,654.3305459518474,0.0,10.88312148681865,566.4650597034948,0.0,29.73943892922102,654.3305459518474,0.0,14.840620209298159,654.3305459518474,0.0,7.740401913084923,654.3305459518474
0.0,16.27836237426358,654.3305459518474,0.0,28.028102540769208,654.3305459518474,0.0,12.605497225224061,576.5494574836741,0.0,34.312040807808316,654.3305459518474,0.0,13.618451486179488,654.3305459518474,0.0,0.8147791487457813,654.3305459518474
0.0,60.015915600386506,654.3305459518474,0.0,72.43259845394111,654.3305459518474,0.0,30.497875905740557,600.9477582082666,0.0,68.7393332144078,654.3305459518474,0.0,20.29255872693944,654.3305459518474,0.0,7.509286479999531,654.3305459518474
0.0,127.0285481640889,654.3305459518474,0.0,120.80881192938789,654.3305459518474,0.0,57.31202504147306,626.797378241445,0.0,114.90082379627427,654.3305459518474,0.0,37.16880365665877,654.3305459518474,0.0,23.26872035789598,652.5992663097434
0.0,195.9632324588347,654.3305459518474,0.0,171.57752332013078,654.3305459518474,0.0,87.31137254134029,654.3305459518474,0.0,158.35056395911545,654.3305459518474,0.0,85.69603308364408,654.3305459518474,0.0,32.958110801186656,654.3305459518474
0.0,247.175453234668,654.3305459518474,0.0,211.972680979882,654.3305459518474,0.0,107.95480094144133,654.3305459518474,0.0,209.9041159385851,654.3305459518474,0.0,140.98700770246143,654.3305459518474,0.0,42.705699755102046,597.0362457069494
0.0,273.5114740550209,654.3305459518474,0.0,245.23600317398748,654.3305459518474,0.0,76.97861899133616,631.3091649431835,0.0,225.55969302561405,654.3305459518474,0.0,183.656587646846,654.3305459518474,0.0,54.601953231861174,551.6381989388107
0.0,277.62484682829415,654.3305459518474,0.0,239.689746335004,654.3305459518474,0.0,81.05101385463674,612.3601787978203,0.0,276.26384692604876,654.3305459518474,0.0,230.02261232060562,654.3305459518474,0.0,54.99362308601037,506.631822024821
0.0,272.82263039704986,654.3305459518474,0.0,241.41998193352129,654.3305459518474,0.0,94.82065902133981,607.18083781916,0.0,270.9346644093404,654.3305459518474,0.0,259.7530459672565,654.3305459518474,0.0,56.184352368681644,462.81617439350265
0.0,283.444520161779,654.3305459518474,0.0,236.41323141038376,654.3305459518474,0.0,110.6886300603738,615.731741867459,0.0,216.0181390440202,654.3305459518474,0.0,248.83044745089356,654.3305459518474,0.0,58.115942569250294,420.93211696275296
0.0,266.2786058303795,654.3305459518474,0.0,201.37719482736003,654.3305459518474,0.0,90.70896485748001,606.4407067249391,0.0,218.39491723909265,654.3305459518474,0.0,210.37641846123626,654.3305459518474,0.0,52.720701681805366,373.65281864455835
0.0,205.68838725487274,654.3305459518474,0.0,184.527708967818,654.3305459518474,0.0,65.92708322334185,572.3677899482809,0.0,216.24307322640715,654.3305459518474,0.0,147.47865955123544,654.3305459518474,0.0,37.167302776230414,310.8201214207888
0.0,127.81789139410064,654.3305459518474,0.0,138.0941250428935,654.3305459518474,0.0,39.59742138267241,511.9652113309533,0.0,165.04807305122586,654.3305459518474,0.0,68.41089769912351,622.741443650971,0.0,26.807790156048995,237.6279115768378
0.0,47.96078631197696,654.3305459518474,0.0,74.79533553820328,654.3305459518474,0.0,20.594590630016533,528.4408838349665,0.0,96.09131005657287,654.3305459518474,0.0,20.49241244856249,639.1353736098209,0.0,15.392844484511151,249.94218716444672
0.0,10.14075968849292,654.3305459518474,0.0,27.915062738346617,654.3305459518474,0.0,7.243374387639935,534.2355833450785,0.0,47.927490533131106,654.3305459518474,0.0,5.659474370391122,643.6629531061338,0.0,7.642904101900975,256.0565104459675
0.0,2.6771314887361384,654.3305459518474,0.0,7.449409359961429,654.3305459518474,0.0,5.7034540412204695,538.7983465780549,0.0,28.22627765297885,654.3305459518474,0.0,0.40738957437289064,643.9888647656321,0.0,5.470659998721674,260.4330384449448
0.0,10.417533401821059,654.3305459518474,0.0,3.9574987224795093,654.3305459518474,0.0,5.761652551845168,543.407668619531,0.0,27.29510148298367,654.3305459518474,0.0,0.698382127496384,644.5475704676293,0.0,5.587057019971072,264.9026840609217
0.0,21.184257867390315,654.3305459518474,0.0,1.1639702124939733,654.3305459518474,0.0,5.878049573094565,548.1101082780067,0.0,23.51219829237826,654.3305459518474,0.0,3.4337121268572206,647.2945401691151,0.0,5.005071913724085,268.9067415919009
0.0,23.163007228630068,654.3305459518474,0.0,0.174595531874096,654.3305459518474,0.0,6.634630211215648,553.4178124469792,0.0,17.92514127240719,654.3305459518474,0.0,5.645255530595771,651.8107445935917,0.0,4.655880849975893,272.63144627188166
0.0,21.7662429736373,654.3305459518474,0.0,0.05819851062469866,654.3305459518474,0.0,8.147791487457813,559.9360456369454,0.0,11.465106593065636,654.3305459518474,0.0,4.772277871225291,654.3305459518474,0.0,6.751027232465045,278.0322680578537
0.0,24.559771483622836,654.3305459518474,0.0,0.4655880849975893,654.3305459518474,0.0,10.01014382744817,567.9441606989039,0.0,6.634630211215648,654.3305459518474,0.0,2.9681240418596317,654.3305459518474,0.0,9.020769146828293,285.2488833753163
0.0,21.184257867390315,654.3305459518474,0.0,1.3385657443680692,654.3305459518474,0.0,13.211061911806597,578.5130102283492,0.0,4.714079360600592,654.3305459518474,0.0,2.269741914363248,654.3305459518474,0.0,6.692828721840346,290.6031463527886
0.0,4.714079360600592,654.3305459518474,0.0,2.3861389356126455,654.3305459518474,0.0,22.98841169675597,596.903739585754,0.0,3.4337121268572206,654.3305459518474,0.0,2.036947871864453,654.3305459518474,0.0,6.867424253714441,296.09708575576013
0.0,0.2909925531234933,654.3305459518474,0.0,3.899300211854811,654.3305459518474,0.0,35.79208403418968,625.5374068131058,0.0,1.5713597868668638,654.3305459518474,0.0,2.5025359568620424,654.3305459518474,0.0,8.846173614954198,303.1740246477235
0.0,0.9311761699951786,654.3305459518474,0.0,6.110843615593359,654.3305459518474,0.0,45.74402935101315,654.3305459518474,0.0,0.7565806381210826,654.3305459518474,0.0,3.899300211854811,654.3305459518474,0.0,9.311761699951786,310.6234340076849
0.0,2.036947871864453,654.3305459518474,0.0,14.225694782175427,654.3305459518474,0.0,50.609124663152286,654.3305459518474,0.0,6.807724862661397,654.3305459518474,0.0,11.556423153551137,654.3305459518474,0.0,10.021183177401772,318.64038054960633
0.0,38.45367353168717,654.3305459518474,0.0,52.56650624042507,654.3305459518474,0.0,81.58212712341569,654.3305459518474,0.0,45.669143426691576,654.3305459518474,0.0,49.12643513388435,654.3305459518474,0.0,25.926952636566664,339.38194265885966
0.0,85.7473394276301,654.3305459518474,0.0,115.18113245741426,654.3305459518474,0.0,127.51082366278337,654.3305459518474,0.0,111.03799885310707,654.3305459518474,0.0,102.61157731392265,654.3305459518474,0.0,44.84332492799219,355.2566026012534
0.0,121.31184297654626,654.3305459518474,0.0,173.8083213919049,654.3305459518474,0.0,166.72143329056175,654.3305459518474,0.0,177.1209561272426,654.3305459518474,0.0,164.3547267519697,654.3305459518474,0.0,66.52178628895585,388.4740316324181
0.0,164.06788138216115,654.3305459518474,0.0,220.1475869954872,654.3305459518474,0.0,186.35190742970735,654.3305459518474,0.0,227.72761221649338,654.3305459518474,0.0,219.9539145245626,654.3305459518474,0.0,92.12162656168155,380.59565819409966
0.0,223.72374429783088,654.3305459518474,0.0,255.7891882650935,654.3305459518474,0.0,191.33189888266753,654.3305459518474,0.0,263.5327696680202,654.3305459518474,0.0,253.16053908847172,654.3305459518474,0.0,86.27651730946272,366.8721755035624
0.0,256.6739952389057,654.3305459518474,0.0,273.2977569515727,654.3305459518474,0.0,183.21704771608546,654.3305459518474,0.0,280.78964510193515,654.3305459518474,0.0,259.8629062798374,654.3305459518474,0.0,73.48838696326766,340.36056246683006
0.0,269.77669771855983,654.3305459518474,0.0,275.00441296975436,654.3305459518474,0.0,183.58513798989912,654.3305459518474,0.0,287.20570011044725,654.3305459518474,0.0,251.7527354835254,654.3305459518474,0.0,71.14154732821424,311.5021097950443
0.0,259.90167239344146,654.3305459518474,0.0,262.1580841129346,654.3305459518474,0.0,184.8686847134842,654.3305459518474,0.0,264.79891806196815,654.3305459518474,0.0,247.16123439487265,654.3305459518474,0.0,70.27642952895563,281.77853932399995
0.0,244.724223621792,654.3305459518474,0.0,234.20036485520197,654.3305459518474,0.0,181.48213174729813,654.3305459518474,0.0,180.65834731598224,654.3305459518474,0.0,230.80559657093383,654.3305459518474,0.0,80.79163847094568,262.5701777949456
0.0,214.68707770179384,654.3305459518474,0.0,191.13911505666823,654.3305459518474,0.0,173.19268504884195,654.3305459518474,0.0,117.76994914652161,654.3305459518474,0.0,198.55840812762554,654.3305459518474,0.0,85.79520950424143,248.36538729918703
0.0,188.4045750217955,654.3305459518474,0.0,134.84772640727738,654.3305459518474,0.0,144.69077910499317,654.3305459518474,0.0,94.24317655637788,648.5737225082253,0.0,145.90058532671497,654.3305459518474,0.0,68.30236053798596,216.667747837173
0.0,119.45567188725434,654.3305459518474,0.0,68.38563950937456,654.3305459518474,0.0,93.38574088824603,654.3305459518474,0.0,61.78359416106454,654.3305459518474,0.0,84.5223466726398,654.3305459518474,0.0,34.04966366326058,243.90747876778147
0.0,73.94222478237141,654.3305459518474,0.0,24.031482246715505,654.3305459518474,0.0,54.19085098069136,654.3305459518474,0.0,42.316676203839435,654.3305459518474,0.0,36.96727132562231,654.3305459518474,0.0,11.471465572749139,253.0846512259808
0.0,57.32553296532818,654.3305459518474,0.0,5.9944465943439615,654.3305459518474,0.0,43.7070814791487,654.3305459518474,0.0,34.919106374819194,654.3305459518474,0.0,18.157935314905984,654.3305459518474,0.0,5.878049573094565,257.78709088445646
0.0,56.6271508378318,654.3305459518474,0.0,3.7829031906054134,654.3305459518474,0.0,44.75465467039327,654.3305459518474,0.0,28.459071695477647,654.3305459518474,0.0,16.004590421792134,654.3305459518474,0.0,4.772277871225291,261.6049131814367
0.0,55.81237168908602,654.3305459518474,0.0,2.444337446237344,654.3305459518474,0.0,44.69645615976857,654.3305459518474,0.0,18.448927868029475,654.3305459518474,0.0,16.17918595366623,654.3305459518474,0.0,4.772277871225291,265.42273547841694
0.0,54.82299700846614,654.3305459518474,0.0,1.6877568081162613,654.3305459518474,0.0,44.69645615976857,654.3305459518474,0.0,12.105290209937321,654.3305459518474,0.0,19.90389063364694,654.3305459518474,0.0,5.412461488096976,269.7527046688945
0.0,52.727850625976984,654.3305459518474,0.0,0.5237865956222879,654.3305459518474,0.0,43.4742874366499,654.3305459518474,0.0,12.803672337433706,654.3305459518474,0.0,22.057235526760792,654.3305459518474,0.0,5.9944465943439615,274.5482619443697
0.0,49.41053552036916,654.3305459518474,0.0,0.11639702124939733,654.3305459518474,0.0,42.36851573478063,654.3305459518474,0.0,15.480803826169845,654.3305459518474,0.0,23.04661020738067,654.3305459518474,0.0,7.274813828087333,280.36811300683956
0.0,44.521860627894476,654.3305459518474,0.0,0.9311761699951786,654.3305459518474,0.0,40.447964884165565,654.3305459518474,0.0,17.459553187409597,654.3305459518474,0.0,21.475250420513806,654.3305459518474,0.0,5.645255530595771,284.88431743131616
0.0,37.36344382105654,654.3305459518474,0.0,5.354262977472277,654.3305459518474,0.0,38.934803607923406,654.3305459518474,0.0,21.882639994886695,654.3305459518474,0.0,19.438302548649354,654.3305459518474,0.0,0.2909925531234933,285.11711147381493
0.0,29.85583595047041,654.3305459518474,0.0,11.232312550566842,654.3305459518474,0.0,38.23642148042702,654.3305459518474,0.0,35.61748850231558,654.3305459518474,0.0,16.93576659178731,654.3305459518474,0.0,0.0,285.11711147381493
0.0,22.11543403738549,654.3305459518474,0.0,15.71359786866864,654.3305459518474,0.0,39.3421931822963,654.3305459518474,0.0,37.47984084230594,654.3305459518474,0.0,16.120987443041532,654.3305459518474,0.0,0.40738957437289064,285.44302313331326
0.0,25.733280165642064,654.3305459518474,0.0,24.58502967337179,654.3305459518474,0.0,45.350858616435616,654.3305459518474,0.0,35.057582095975796,654.3305459518474,0.0,18.85163707213227,654.3305459518474,0.0,3.844281191071863,288.51844808617074
0.0,66.4523706993925,654.3305459518474,0.0,73.43301248451459,654.3305459518474,0.0,74.85635808069961,654.3305459518474,0.0,57.288267732152455,654.3305459518474,0.0,42.79515997718909,654.3305459518474,0.0,31.309653293629648,313.56617072107446
0.0,133.9777505087636,654.3305459518474,0.0,145.6850118848682,654.3305459518474,0.0,122.46813105791344,654.3305459518474,0.0,113.85174972460135,654.3305459518474,0.0,82.0875476959277,654.3305459518474,0.0,76.63278514641478,354.87239883820627
0.0,195.51336409406082,654.3305459518474,0.0,212.4049732860337,654.3305459518474,0.0,160.02242331802293,654.3305459518474,0.0,183.1608832728443,654.3305459518474,0.0,123.19512859398557,654.3305459518474,0.0,124.01962394124166,434.0880979911996
0.0,243.76064031787627,654.3305459518474,0.0,259.8625508218673,654.3305459518474,0.0,199.96921349342858,654.3305459518474,0.0,200.0953267131883,654.3305459518474,0.0,148.18622469028696,654.3305459518474,0.0,160.0339958549317,482.115294675145
0.0,273.626370195842,654.3305459518474,0.0,298.6657708752727,654.3305459518474,0.0,252.09538983860503,654.3305459518474,0.0,195.7555188770998,654.3305459518474,0.0,172.90204795368857,654.3305459518474,0.0,190.42033283867806,554.4515609460874
0.0,286.8989878371001,654.3305459518474,0.0,318.1719881330571,654.3305459518474,0.0,282.11681603837945,654.3305459518474,0.0,216.8802550824221,654.3305459518474,0.0,179.9929055093616,654.3305459518474,0.0,213.01425064941316,644.8629614656179
0.0,289.3386449130673,654.3305459518474,0.0,324.40558774958333,654.3305459518474,0.0,288.19471933309705,654.3305459518474,0.0,181.68534268774795,654.3305459518474,0.0,188.96501461509047,654.3305459518474,0.0,229.12287559105783,654.3305459518474
0.0,276.85722684021954,654.3305459518474,0.0,314.5541420048005,654.3305459518474,0.0,283.05903155832823,654.3305459518474,0.0,150.24975390334367,654.3305459518474,0.0,191.79316205536512,654.3305459518474,0.0,219.94623239343582,654.3305459518474
0.0,248.8145500016848,654.3305459518474,0.0,286.1072550817347,654.3305459518474,0.0,256.1206255412345,654.3305459518474,0.0,149.06052550110073,654.3305459518474,0.0,187.22056017677787,654.3305459518474,0.0,191.1705544971156,654.3305459518474
0.0,205.0124392852537,654.3305459518474,0.0,237.1097571994817,654.3305459518474,0.0,201.2858782668745,654.3305459518474,0.0,165.98860996176126,654.3305459518474,0.0,166.64787051768346,654.3305459518474,0.0,152.44911253467038,654.3305459518474
0.0,144.5543374512201,654.3305459518474,0.0,167.41381189634473,654.3305459518474,0.0,135.92020233030078,654.3305459518474,0.0,155.93580961492702,654.3305459518474,0.0,127.13522898682797,654.3305459518474,0.0,107.49407095569887,654.3305459518474
0.0,72.83548538702895,654.3305459518474,0.0,82.13938722686889,654.3305459518474,0.0,78.29660691622537,654.3305459518474,0.0,106.1297138346267,654.3305459518474,0.0,80.62922771148342,654.3305459518474,0.0,59.765900957235665,654.3305459518474
0.0,24.155739128076753,654.3305459518474,0.0,24.75344395454744,654.3305459518474,0.0,34.45051652896491,654.3305459518474,0.0,66.68313067450777,654.3305459518474,0.0,44.58023686750423,654.3305459518474,0.0,20.935921833652877,654.3305459518474
0.0,5.354262977472277,654.3305459518474,0.0,3.899300211854811,654.3305459518474,0.0,23.337602760504165,654.3305459518474,0.0,50.690902754112535,654.3305459518474,0.0,31.136203184213784,654.3305459518474,0.0,8.6133795724554,654.3305459518474
0.0,1.8623523399903572,654.3305459518474,0.0,1.2803672337433705,654.3305459518474,0.0,22.930213186131272,654.3305459518474,0.0,48.304763818499886,654.3305459518474,0.0,33.40594509857703,654.3305459518474,0.0,9.369960210576485,654.3305459518474
0.0,0.7565806381210826,654.3305459518474,0.0,0.5237865956222879,654.3305459518474,0.0,22.17363254801019,654.3305459518474,0.0,44.05627254289689,654.3305459518474,0.0,36.54866467231076,654.3305459518474,0.0,9.719151274324677,654.3305459518474
0.0,0.87297765937048,654.3305459518474,0.0,0.87297765937048,654.3305459518474,0.0,22.057235526760792,654.3305459518474,0.0,39.1675976504222,654.3305459518474,0.0,38.58561254417521,654.3305459518474,0.0,11.174114039942143,654.3305459518474
0.0,0.8147791487457813,654.3305459518474,0.0,2.8517270206102348,654.3305459518474,0.0,20.835066803642118,654.3305459518474,0.0,33.40594509857703,654.3305459518474,0.0,41.90292764978304,654.3305459518474,0.0,14.200436592426472,654.3305459518474
0.0,0.4655880849975893,654.3305459518474,0.0,9.078967657452992,654.3305459518474,0.0,19.438302548649354,654.3305459518474,0.0,29.041056801724633,654.3305459518474,0.0,45.04564722351677,654.3305459518474,0.0,16.819369570537912,654.3305459518474
0.0,0.11639702124939733,654.3305459518474,0.0,14.142238081801773,654.3305459518474,0.0,17.692347229908396,654.3305459518474,0.0,25.025359568620424,654.3305459518474,0.0,46.73340403163303,654.3305459518474,0.0,19.089111484901164,654.3305459518474
0.0,0.0,654.3305459518474,0.0,19.90389063364694,654.3305459518474,0.0,17.2849576555355,654.3305459518474,0.0,22.63922063300778,654.3305459518474,0.0,47.25719062725532,654.3305459518474,0.0,21.649845952387903,654.3305459518474
0.0,0.0,654.3305459518474,0.0,26.945910419235485,654.3305459518474,0.0,16.99396510241201,654.3305459518474,0.0,21.882639994886695,654.3305459518474,0.0,46.84980105288243,654.3305459518474,0.0,23.62859531362766,654.3305459518474
0.0,1.1057717018692748,654.3305459518474,0.0,32.70756297108065,654.3305459518474,0.0,16.353781485540324,654.3305459518474,0.0,18.79811893177767,654.3305459518474,0.0,47.606381691003506,654.3305459518474,0.0,22.11543403738549,654.3305459518474
0.0,12.995666198944907,654.3305459518474,0.0,42.85150214941531,654.3305459518474,0.0,22.047874786220596,654.3305459518474,0.0,19.325085017241705,654.3305459518474,0.0,52.0515471983878,654.3305459518474,0.0,27.17870446173428,654.3305459518474
0.0,53.5637407811568,654.3305459518474,0.0,81.07273709657382,654.3305459518474,0.0,53.360707569691996,654.3305459518474,0.0,57.41888359319721,654.3305459518474,0.0,76.09574740447033,654.3305459518474,0.0,26.85159209789329,654.3305459518474
0.0,119.11505159955823,654.3305459518474,0.0,129.89413856652436,654.3305459518474,0.0,104.33227444291464,654.3305459518474,0.0,135.6088096866835,654.3305459518474,0.0,125.95368271571186,654.3305459518474,0.0,36.08493292571163,654.3305459518474
0.0,184.6585025578478,654.3305459518474,0.0,199.68943801924377,654.3305459518474,0.0,159.2362595778529,654.3305459518474,0.0,202.7000408515044,654.3305459518474,0.0,162.22760774207802,654.3305459518474,0.0,72.74734831638521,654.3305459518474
0.0,236.00133919472586,654.3305459518474,0.0,236.3095523485014,654.3305459518474,0.0,224.25592394052018,654.3305459518474,0.0,249.2406610571381,654.3305459518474,0.0,188.87820069588997,654.3305459518474,0.0,141.1047278751541,654.3305459518474
0.0,252.83828482388594,654.3305459518474,0.0,259.55319224563345,654.3305459518474,0.0,285.6562412945026,654.3305459518474,0.0,279.098531074992,654.3305459518474,0.0,212.94598048230804,654.3305459518474,0.0,150.98893621182765,654.3305459518474
0.0,252.92324240468793,654.3305459518474,0.0,275.80815276854656,654.3305459518474,0.0,301.5273918233783,654.3305459518474,0.0,290.6141540475556,654.3305459518474,0.0,221.468221223263,654.3305459518474,0.0,153.6503479803401,654.3305459518474
0.0,261.2551678935451,654.3305459518474,0.0,276.77394786883093,654.3305459518474,0.0,302.7024013858259,654.3305459518474,0.0,291.5217506372152,654.3305459518474,0.0,221.47290159353312,654.3305459518474,0.0,216.7116630722614,654.3305459518474
0.0,256.2216583002303,654.3305459518474,0.0,261.11987166223025,654.3305459518474,0.0,290.27918182360276,654.3305459518474,0.0,259.85972678999565,654.3305459518474,0.0,190.45892122329707,654.3305459518474,0.0,247.6156054009316,654.3305459518474
0.0,236.6744631324733,654.3305459518474,0.0,222.87973750500632,654.3305459518474,0.0,263.3344168268255,654.3305459518474,0.0,206.5585408823716,654.3305459518474,0.0,147.53296765607817,654.3305459518474,0.0,196.42396244457714,654.3305459518474
0.0,199.1987694734823,654.3305459518474,0.0,188.06077524425763,654.3305459518474,0.0,219.38129015885582,654.3305459518474,0.0,174.6526836426996,654.3305459518474,0.0,117.05381323141799,654.3305459518474,0.0,137.730892868335,654.3305459518474
0.0,142.11468037525285,654.3305459518474,0.0,131.34627730027017,654.3305459518474,0.0,157.3061702577126,654.3305459518474,0.0,135.24539978313996,654.3305459518474,0.0,101.65143027738159,654.3305459518474,0.0,90.64776458599862,644.978310537846
0.0,73.49456821396609,654.3305459518474,0.0,70.84251718599386,654.3305459518474,0.0,84.45160793163313,654.3305459518474,0.0,86.11728603984221,654.3305459518474,0.0,75.53566326914547,654.3305459518474,0.0,50.115809814504225,654.3305459518474
0.0,25.156153158650234,654.3305459518474,0.0,35.88825869393033,654.3305459518474,0.0,38.94602068686206,654.3305459518474,0.0,46.80599911103814,654.3305459518474,0.0,60.11756059488536,654.3305459518474,0.0,13.93938259932203,654.3305459518474
0.0,4.830476381849989,654.3305459518474,0.0,23.04661020738067,654.3305459518474,0.0,24.443374462373438,654.3305459518474,0.0,33.46414360920173,654.3305459518474,0.0,55.34678360408843,654.3305459518474,0.0,8.6133795724554,654.3305459518474
0.0,3.2009180843584266,654.3305459518474,0.0,23.453999781753563,654.3305459518474,0.0,25.432749142993313,654.3305459518474,0.0,36.25767211918726,654.3305459518474,0.0,55.52137913596252,654.3305459518474,0.0,17.86694276178249,654.3305459518474
0.0,2.735329999360837,654.3305459518474,0.0,21.882639994886695,654.3305459518474,0.0,24.734367015496932,654.3305459518474,0.0,37.94542892730353,654.3305459518474,0.0,55.46318062533782,654.3305459518474,0.0,29.797637439845715,654.3305459518474
0.0,2.9099255312349332,654.3305459518474,0.0,22.872014675506573,654.3305459518474,0.0,24.734367015496932,654.3305459518474,0.0,39.1675976504222,654.3305459518474,0.0,54.06641637034505,654.3305459518474,0.0,31.194401694838486,654.3305459518474
0.0,3.550109148106618,654.3305459518474,0.0,29.332049354848124,654.3305459518474,0.0,24.559771483622836,654.3305459518474,0.0,45.45303679788965,654.3305459518474,0.0,53.30983573222398,654.3305459518474,0.0,23.163007228630068,654.3305459518474
0.0,4.423086807477099,654.3305459518474,0.0,33.40594509857703,654.3305459518474,0.0,24.152381909249943,654.3305459518474,0.0,49.58513105224326,654.3305459518474,0.0,53.54262977472277,654.3305459518474,0.0,15.655399358043942,654.3305459518474
0.0,4.423086807477099,654.3305459518474,0.0,39.98237679916799,654.3305459518474,0.0,23.919587866751147,654.3305459518474,0.0,51.04009381786073,654.3305459518474,0.0,53.89182083847097,654.3305459518474,0.0,11.174114039942143,654.3305459518474
0.0,3.3755136162325226,654.3305459518474,0.0,42.717706798528816,654.3305459518474,0.0,23.453999781753563,654.3305459518474,0.0,52.0876670091053,654.3305459518474,0.0,54.124614880969766,654.3305459518474,0.0,8.380585529956607,654.3305459518474
0.0,3.084521063109029,654.3305459518474,0.0,33.75513616232522,654.3305459518474,0.0,22.17363254801019,654.3305459518474,0.0,51.15649083911013,654.3305459518474,0.0,54.76479849784145,654.3305459518474,0.0,7.449409359961429,654.3305459518474
0.0,2.61893297811144,654.3305459518474,0.0,24.152381909249943,654.3305459518474,0.0,20.485875739893928,654.3305459518474,0.0,49.643329562867955,654.3305459518474,0.0,55.28858509346373,654.3305459518474,0.0,8.555181061830703,654.3305459518474
0.0,8.289446698456164,654.3305459518474,0.0,21.137098706719218,654.3305459518474,0.0,24.685706974397487,654.3305459518474,0.0,54.12629349038316,654.3305459518474,0.0,55.172188072214325,654.3305459518474,0.0,15.765615128594892,654.3305459518474
0.0,45.97117532976868,654.3305459518474,0.0,29.362165643852236,654.3305459518474,0.0,61.07920851185477,654.3305459518474,0.0,91.12853920426473,654.3305459518474,0.0,59.791949111472725,654.3305459518474,0.0,53.000654884975255,654.3305459518474
0.0,106.15400433090247,654.3305459518474,0.0,62.3329944044059,654.3305459518474,0.0,125.15983684441504,654.3305459518474,0.0,155.6479965516453,654.3305459518474,0.0,73.29418130538787,654.3305459518474,0.0,109.00573135151271,654.3305459518474
0.0,174.76157626180728,654.3305459518474,0.0,99.5334152304971,654.3305459518474,0.0,186.98644298283577,654.3305459518474,0.0,216.4363902393616,654.3305459518474,0.0,96.7453570552698,654.3305459518474,0.0,162.97068045634393,654.3305459518474
0.0,227.64115375526308,654.3305459518474,0.0,77.03231486067583,631.3628608125232,0.0,238.8641055652897,654.3305459518474,0.0,268.9589168089574,654.3305459518474,0.0,120.36326847691396,654.3305459518474,0.0,208.9104163456652,654.3305459518474
0.0,261.7868143492792,654.3305459518474,0.0,128.3987310778894,654.0818456748348,0.0,272.33346273171674,654.3305459518474,0.0,298.7868482667922,654.3305459518474,0.0,123.21031512725412,654.3305459518474,0.0,236.55038398009708,654.3305459518474
0.0,286.3563020314124,654.3305459518474,0.0,195.73061614532094,654.3305459518474,0.0,289.1515091508113,654.3305459518474,0.0,324.16961421724284,654.3305459518474,0.0,126.84856134600447,654.3305459518474,0.0,235.9919784541856,654.3305459518474
0.0,297.64999258244563,654.3305459518474,0.0,173.146059075126,654.3305459518474,0.0,290.63323098660607,654.3305459518474,0.0,329.2392436212751,654.3305459518474,0.0,123.37705079901636,654.3305459518474,0.0,242.4316130430334,654.3305459518474
0.0,293.5145411092653,654.3305459518474,0.0,112.58878082049507,654.3305459518474,0.0,278.1518129137582,654.3305459518474,0.0,316.7106663877562,654.3305459518474,0.0,109.38247144992631,654.3305459518474,0.0,241.2470650110606,654.3305459518474
0.0,270.78364845780186,654.3305459518474,0.0,98.4321461699129,652.7626921217603,0.0,250.56686430010927,654.3305459518474,0.0,286.92521372032223,654.3305459518474,0.0,94.0225672862909,648.3531132381383,0.0,230.8669745714003,654.3305459518474
0.0,226.3224549144336,654.3305459518474,0.0,62.5012309565965,615.2639230783568,0.0,207.0054074862888,654.3305459518474,0.0,237.0358389686333,654.3305459518474,0.0,86.11375109203034,634.4668643301687,0.0,196.3294663942499,654.3305459518474
0.0,169.95396854435262,654.3305459518474,0.0,25.83263431522447,541.0965573935813,0.0,147.45958261218493,654.3305459518474,0.0,171.0299794151879,654.3305459518474,0.0,74.79162286140635,609.2584871915751,0.0,146.32201601189814,654.3305459518474
0.0,102.87377672948531,654.3305459518474,0.0,12.943826668003709,551.4516187279843,0.0,78.51535984791389,654.3305459518474,0.0,96.72363381333271,654.3305459518474,0.0,65.0094149772018,654.3305459518474,0.0,93.113647545188,654.3305459518474
0.0,49.583807900799975,654.3305459518474,0.0,8.764395523993949,558.4631351471794,0.0,34.456875508648416,654.3305459518474,0.0,47.01989394347148,654.3305459518474,0.0,57.616525518451674,654.3305459518474,0.0,50.738239643768694,654.3305459518474
0.0,24.443374462373438,654.3305459518474,0.0,8.089592976833115,564.9348095286459,0.0,19.26370701677526,654.3305459518474,0.0,27.76068956798126,654.3305459518474,0.0,57.67472402907638,654.3305459518474,0.0,37.53803935293064,654.3305459518474
0.0,13.443855954305391,654.3305459518474,0.0,4.3066897862277,568.3801613576281,0.0,17.983339783031887,654.3305459518474,0.0,23.686793824252355,654.3305459518474,0.0,57.616525518451674,654.3305459518474,0.0,40.273369352291475,654.3305459518474
0.0,4.946873403099386,654.3305459518474,0.0,1.5713597868668638,569.6372491871216,0.0,17.2267591449108,654.3305459518474,0.0,18.623523399903572,654.3305459518474,0.0,57.500128497202276,654.3305459518474,0.0,41.84472913915834,654.3305459518474
0.0,4.830476381849989,654.3305459518474,0.0,4.481285318101797,573.2222774416031,0.0,16.470178506789722,654.3305459518474,0.0,14.898818719922858,654.3305459518474,0.0,57.500128497202276,654.3305459518474,0.0,42.89230233040291,654.3305459518474
0.0,6.809225743089744,654.3305459518474,0.0,22.63922063300778,591.3336539480093,0.0,15.24800978367105,654.3305459518474,0.0,13.327458933055995,654.3305459518474,0.0,57.558327007826975,654.3305459518474,0.0,43.4160889260252,654.3305459518474
0.0,7.449409359961429,654.3305459518474,0.0,31.659989779836074,616.6616457718782,0.0,14.025841060552379,654.3305459518474,0.0,12.62907680555961,654.3305459518474,0.0,57.383731475952885,654.3305459518474,0.0,43.5906844578993,654.3305459518474
0.0,6.867424253714441,654.3305459518474,0.0,32.53296743920656,642.6880197232434,0.0,12.978267869307802,654.3305459518474,0.0,12.687275316184309,654.3305459518474,0.0,57.15093743345409,654.3305459518474,0.0,43.06689786227701,654.3305459518474
0.0,9.719151274324677,654.3305459518474,0.0,14.607826166799367,654.3305459518474,0.0,12.047091699312622,654.3305459518474,0.0,13.0364663799325,654.3305459518474,0.0,56.859944880330595,654.3305459518474,0.0,42.48491275603003,654.3305459518474
0.0,10.533930423070458,654.3305459518474,0.0,5.179667445598181,654.3305459518474,0.0,12.745473826809006,654.3305459518474,0.0,12.745473826809006,654.3305459518474,0.0,56.56895232720709,654.3305459518474,0.0,43.00869935165231,654.3305459518474
0.0,9.311761699951786,654.3305459518474,0.0,2.560734467486741,654.3305459518474,0.0,12.978267869307802,654.3305459518474,0.0,12.047091699312622,654.3305459518474,0.0,56.510753816582394,654.3305459518474,0.0,43.00869935165231,654.3305459518474
0.0,9.195364678702388,654.3305459518474,0.0,4.43730564727245,654.3305459518474,0.0,20.437215698794486,654.3305459518474,0.0,18.683400519941674,654.3305459518474,0.0,56.4525553059577,654.3305459518474,0.0,44.69177578949848,654.3305459518474
0.0,30.098346191479518,654.3305459518474,0.0,41.37967424111592,654.3305459518474,0.0,56.82285737613992,654.3305459518474,0.0,56.22515254966923,654.3305459518474,0.0,63.10458384681044,654.3305459518474,0.0,67.45560876183761,654.3305459518474
0.0,69.5574695819804,654.3305459518474,0.0,117.78363479936178,654.3305459518474,0.0,121.36121393358593,654.3305459518474,0.0,122.29239010358111,654.3305459518474,0.0,76.57537660027819,654.3305459518474,0.0,105.6925634292198,654.3305459518474
0.0,153.87095725042704,654.3305459518474,0.0,169.15172962598876,654.3305459518474,0.0,184.6899419982952,654.3305459518474,0.0,185.94672965170304,654.3305459518474,0.0,98.9868390190274,654.3305459518474,0.0,147.65740226642447,654.3305459518474
0.0,230.84975397074825,654.3305459518474,0.0,254.60560792659385,654.3305459518474,0.0,233.59312155920603,654.3305459518474,0.0,233.48458439806848,654.3305459518474,0.0,119.87410081158083,654.3305459518474,0.0,185.28561275738235,654.3305459518474
0.0,281.0458409957844,654.3305459518474,0.0,308.4210419603149,654.3305459518474,0.0,266.4537345492087,654.3305459518474,0.0,265.7789320020479,654.3305459518474,0.0,120.83989591186516,654.3305459518474,0.0,207.93772907874222,654.3305459518474
0.0,303.8347544288874,654.3305459518474,0.0,327.32637490178683,654.3305459518474,0.0,285.1341333082937,654.3305459518474,0.0,284.43575118079735,654.3305459518474,0.0,123.67908270209344,654.3305459518474,0.0,217.0608541360096,654.3305459518474
0.0,305.5507711876093,654.3305459518474,0.0,331.7054820384346,654.3305459518474,0.0,290.2666415932208,654.3305459518474,0.0,285.5918615331794,654.3305459518474,0.0,122.48049355931033,654.3305459518474,0.0,218.57401541225175,654.3305459518474
0.0,278.87023967377826,654.3305459518474,0.0,317.4781086468457,654.3305459518474,0.0,281.0207605350205,654.3305459518474,0.0,271.53590418362296,654.3305459518474,0.0,113.82295658704052,654.3305459518474,0.0,209.68050490764142,654.3305459518474
0.0,236.4759325622935,654.3305459518474,0.0,285.0437844412814,654.3305459518474,0.0,255.28244454113818,654.3305459518474,0.0,248.96238646338162,654.3305459518474,0.0,104.54095571812272,654.3305459518474,0.0,201.8534668043411,654.3305459518474
0.0,185.29833071674938,654.3305459518474,0.0,247.7144263635588,654.3305459518474,0.0,212.02770000066496,654.3305459518474,0.0,205.55980546121157,654.3305459518474,0.0,92.41190819886481,646.7424541507122,0.0,180.93158608149852,654.3305459518474
0.0,139.13065888418447,654.3305459518474,0.0,185.97595729578185,654.3305459518474,0.0,155.3714005673022,654.3305459518474,0.0,145.56729171217552,654.3305459518474,0.0,83.68831285585844,630.4307670065707,0.0,141.1200921374077,654.3305459518474
0.0,80.0002611735504,654.3305459518474,0.0,114.48989927408951,654.3305459518474,0.0,85.09965140861667,654.3305459518474,0.0,77.61880260820784,654.3305459518474,0.0,65.45778246154735,654.3305459518474,0.0,97.14656537894425,654.3305459518474
0.0,27.80970506705082,654.3305459518474,0.0,68.63044059530014,654.3305459518474,0.0,36.83515458414921,654.3305459518474,0.0,30.68501166799661,654.3305459518474,0.0,52.34722012178139,654.3305459518474,0.0,60.75942282117046,654.3305459518474
0.0,6.0526451049686605,654.3305459518474,0.0,48.53755786099868,654.3305459518474,0.0,18.623523399903572,654.3305459518474,0.0,10.766724465569252,654.3305459518474,0.0,49.87612360536675,654.3305459518474,0.0,45.27844126601556,654.3305459518474
0.0,3.259116594983125,654.3305459518474,0.0,44.40546360664508,654.3305459518474,0.0,18.623523399903572,654.3305459518474,0.0,9.486357231825883,654.3305459518474,0.0,49.23593998849507,654.3305459518474,0.0,45.336639776640254,654.3305459518474
0.0,0.87297765937048,654.3305459518474,0.0,37.712634884804736,654.3305459518474,0.0,18.216133825530683,654.3305459518474,0.0,10.068342338072869,654.3305459518474,0.0,48.362962329124585,654.3305459518474,0.0,47.02439658475652,654.3305459518474
0.0,0.2909925531234933,654.3305459518474,0.0,29.15745382297403,654.3305459518474,0.0,16.761171059913213,654.3305459518474,0.0,11.697900635564432,654.3305459518474,0.0,47.48998466975411,654.3305459518474,0.0,46.67520552100833,654.3305459518474
0.0,1.6295582974915626,654.3305459518474,0.0,20.136684676145737,654.3305459518474,0.0,14.78242169867346,654.3305459518474,0.0,13.152863401181898,654.3305459518474,0.0,45.685830840388455,654.3305459518474,0.0,46.15141892538605,654.3305459518474
0.0,5.761652551845168,654.3305459518474,0.0,15.073414251796954,654.3305459518474,0.0,12.62907680555961,654.3305459518474,0.0,14.084039571177078,654.3305459518474,0.0,43.00869935165231,654.3305459518474,0.0,43.7070814791487,654.3305459518474
0.0,8.26418850870721,654.3305459518474,0.0,9.719151274324677,654.3305459518474,0.0,8.6715780830801,654.3305459518474,0.0,12.803672337433706,654.3305459518474,0.0,40.62256041603966,654.3305459518474,0.0,42.60130977727942,654.3305459518474
0.0,9.253563189327087,654.3305459518474,0.0,4.888674892474688,654.3305459518474,0.0,5.470659998721674,654.3305459518474,0.0,12.920069358683104,654.3305459518474,0.0,39.05120062917281,654.3305459518474,0.0,42.89230233040291,654.3305459518474
0.0,10.533930423070458,654.3305459518474,0.0,3.3755136162325226,654.3305459518474,0.0,4.073895743728906,654.3305459518474,0.0,13.211061911806597,654.3305459518474,0.0,37.770833395429435,654.3305459518474,0.0,43.64888296852399,654.3305459518474
0.0,12.861870848058405,654.3305459518474,0.0,0.0,654.3305459518474,0.0,4.248491275603002,654.3305459518474,0.0,13.618451486179488,654.3305459518474,0.0,37.53803935293064,654.3305459518474,0.0,43.299691904775806,654.3305459518474
0.0,18.26179210577343,654.3305459518474,0.0,7.509286479999531,654.3305459518474,0.0,13.154542010595302,654.3305459518474,0.0,19.27324548630051,654.3305459518474,0.0,38.17036310969048,654.3305459518474,0.0,45.902905162663544,654.3305459518474
0.0,39.12229482814956,654.3305459518474,0.0,47.50323581607629,654.3305459518474,0.0,52.341572058038125,654.3305459518474,0.0,52.71116321228011,654.3305459518474,0.0,48.66199247134499,654.3305459518474,0.0,63.79678472360839,654.3305459518474
0.0,79.7122703812836,654.3305459518474,0.0,109.40058069550365,654.3305459518474,0.0,117.12844237820663,654.3305459518474,0.0,109.11258990323682,654.3305459518474,0.0,68.70303567470523,654.3305459518474,0.0,80.96552308687956,654.3305459518474
0.0,96.63717535210236,654.3305459518474,0.0,166.86061992765855,654.3305459518474,0.0,177.3269910995641,654.3305459518474,0.0,173.88374050318163,654.3305459518474,0.0,106.0748725428288,654.3305459518474,0.0,88.00604199203974,654.3305459518474
0.0,122.77802282110238,654.3305459518474,0.0,219.0339554335061,654.3305459518474,0.0,223.9304901860926,654.3305459518474,0.0,212.47306572415374,654.3305459518474,0.0,148.29926449270954,654.3305459518474,0.0,96.6132403137967,650.9437862656441
0.0,152.1104276339206,654.3305459518474,0.0,253.75692076349915,654.3305459518474,0.0,252.74546738297207,654.3305459518474,0.0,256.48121141290636,654.3305459518474,0.0,182.7501364796446,654.3305459518474,0.0,114.5952569453853,654.3305459518474
0.0,175.1510343195879,654.3305459518474,0.0,270.1376390482019,654.3305459518474,0.0,267.66654253178723,654.3305459518474,0.0,260.97671557080355,654.3305459518474,0.0,198.97833793238038,654.3305459518474,0.0,120.87133535231257,654.3305459518474
0.0,201.139364956621,654.3305459518474,0.0,276.85254646994935,654.3305459518474,0.0,255.3550396205433,654.3305459518474,0.0,255.4807973823329,654.3305459518474,0.0,206.4137061815315,654.3305459518474,0.0,119.114340683618,654.3305459518474
0.0,224.71479758786418,654.3305459518474,0.0,265.36836293783324,654.3305459518474,0.0,207.13452246690522,654.3305459518474,0.0,255.40369966164275,654.3305459518474,0.0,210.85101182880393,654.3305459518474,0.0,113.99437262907287,654.3305459518474
0.0,206.30181180156714,654.3305459518474,0.0,242.48495345440296,654.3305459518474,0.0,152.58122927614346,654.3305459518474,0.0,232.93085924242715,654.3305459518474,0.0,191.74432428528064,654.3305459518474,0.0,105.46109253816431,654.3305459518474
0.0,166.84586790090805,654.3305459518474,0.0,208.2369369499477,654.3305459518474,0.0,123.08509055241969,654.3305459518474,0.0,196.9793662096319,654.3305459518474,0.0,154.7138186207934,654.3305459518474,0.0,92.49050679998331,646.8210527518307
0.0,94.07476227520222,648.4053082270497,0.0,150.19959298181587,654.3305459518474,0.0,96.78836903262598,651.1189149844733,0.0,140.00063478269823,654.3305459518474,0.0,127.89966948506091,654.3305459518474,0.0,78.37953042964386,625.2005831814746
0.0,43.06707559126207,654.3305459518474,0.0,80.56802744000203,654.3305459518474,0.0,62.0543643526793,654.3305459518474,0.0,75.85712756924319,654.3305459518474,0.0,76.73778735974045,654.3305459518474,0.0,65.6181591536261,654.3305459518474
0.0,28.160219282242306,654.3305459518474,0.0,33.789932821599436,654.3305459518474,0.0,31.56735006790728,654.3305459518474,0.0,29.381064853917685,654.3305459518474,0.0,34.88784466335685,654.3305459518474,0.0,53.56152898478822,654.3305459518474
0.0,25.78194020674151,654.3305459518474,0.0,19.55469956989875,654.3305459518474,0.0,16.120987443041532,654.3305459518474,0.0,8.962570636203594,654.3305459518474,0.0,16.295582974915625,654.3305459518474,0.0,43.939875521647494,654.3305459518474
0.0,21.184257867390315,654.3305459518474,0.0,18.914515953027067,654.3305459518474,0.0,11.465106593065636,654.3305459518474,0.0,5.878049573094565,654.3305459518474,0.0,13.385657443680692,654.3305459518474,0.0,41.72833211790894,654.3305459518474
0.0,18.041538293656586,654.3305459518474,0.0,19.96208914427164,654.3305459518474,0.0,10.01014382744817,654.3305459518474,0.0,2.560734467486741,654.3305459518474,0.0,11.115915529317444,654.3305459518474,0.0,43.64888296852399,654.3305459518474
0.0,19.20550850615056,654.3305459518474,0.0,13.269260422431296,654.3305459518474,0.0,9.777349784949376,654.3305459518474,0.0,0.6401836168716852,654.3305459518474,0.0,9.020769146828293,654.3305459518474,0.0,43.18329488352641,654.3305459518474
0.0,23.453999781753563,654.3305459518474,0.0,13.0364663799325,654.3305459518474,0.0,9.719151274324677,654.3305459518474,0.0,0.174595531874096,654.3305459518474,0.0,7.740401913084923,654.3305459518474,0.0,34.4535182898216,654.3305459518474
0.0,27.29510148298367,654.3305459518474,0.0,21.358853399264408,654.3305459518474,0.0,9.311761699951786,654.3305459518474,0.0,0.05819851062469866,654.3305459518474,0.0,7.158416806837935,654.3305459518474,0.0,30.96160765233969,654.3305459518474
0.0,31.659989779836074,654.3305459518474,0.0,24.152381909249943,654.3305459518474,0.0,9.020769146828293,654.3305459518474,0.0,0.05819851062469866,654.3305459518474,0.0,7.682203402460224,654.3305459518474,0.0,30.5542180779668,654.3305459518474
0.0,36.19947360856257,654.3305459518474,0.0,27.41149850423307,654.3305459518474,0.0,9.486357231825883,654.3305459518474,0.0,0.11639702124939733,654.3305459518474,0.0,8.6133795724554,654.3305459518474,0.0,29.332049354848124,654.3305459518474
0.0,39.691384246044485,654.3305459518474,0.0,29.681240418596317,654.3305459518474,0.0,11.232312550566842,654.3305459518474,0.0,0.349191063748192,654.3305459518474,0.0,9.60275425307528,654.3305459518474,0.0,27.993483610480055,654.3305459518474
0.0,43.5324859472746,654.3305459518474,0.0,30.263225524843307,654.3305459518474,0.0,14.433230634925268,654.3305459518474,0.0,1.1057717018692748,654.3305459518474,0.0,10.824922976193951,654.3305459518474,0.0,26.713116376736686,654.3305459518474
0.0,51.34848470062133,654.3305459518474,0.0,34.9632637746336,654.3305459518474,0.0,25.236252640197073,654.3305459518474,0.0,9.445557050838287,654.3305459518474,0.0,14.711682957666813,654.3305459518474,0.0,33.13553036493239,654.3305459518474
0.0,87.11116336174713,654.3305459518474,0.0,66.82196185363449,654.3305459518474,0.0,61.722571618568196,654.3305459518474,0.0,46.10797244151186,654.3305459518474,0.0,28.706262306756855,654.3305459518474,0.0,71.38670387210993,654.3305459518474
0.0,111.80808741508326,654.3305459518474,0.0,101.9240568073948,654.3305459518474,0.0,120.8563265480291,654.3305459518474,0.0,96.54003299888855,654.3305459518474,0.0,41.777525345963554,654.3305459518474,0.0,99.74395284410365,654.3305459518474
0.0,140.55064726154268,654.3305459518474,0.0,137.391062545127,654.3305459518474,0.0,180.08439979883215,654.3305459518474,0.0,151.40939920353765,654.3305459518474,0.0,62.254218074302344,654.3305459518474,0.0,62.2667583046843,654.3305459518474
0.0,192.72080327754844,654.3305459518474,0.0,178.28775037160824,654.3305459518474,0.0,226.29940852105324,654.3305459518474,0.0,197.86188233852764,654.3305459518474,0.0,88.80095423724691,643.1315001890944,0.0,132.3592315612256,654.3305459518474
0.0,215.7960288935049,654.3305459518474,0.0,159.46251691168314,654.3305459518474,0.0,256.59610755372745,654.3305459518474,0.0,245.811807029536,654.3305459518474,0.0,117.99656193832195,654.3305459518474,0.0,246.6123673384865,654.3305459518474
0.0,257.5705524786117,654.3305459518474,0.0,136.91425738119077,654.3305459518474,0.0,274.21789377161423,654.3305459518474,0.0,269.4768776118513,654.3305459518474,0.0,147.54922056325702,654.3305459518474,0.0,283.91814583587353,654.3305459518474
0.0,279.0240796571885,654.3305459518474,0.0,174.44479233197967,654.3305459518474,0.0,279.6539348400468,654.3305459518474,0.0,282.4018050697896,654.3305459518474,0.0,169.49977526727872,654.3305459518474,0.0,283.2386629184425,654.3305459518474
0.0,278.51601278178987,654.3305459518474,0.0,144.9265749083487,654.3305459518474,0.0,267.32971396943594,654.3305459518474,0.0,279.12529014516934,654.3305459518474,0.0,178.0959342390821,654.3305459518474,0.0,266.7336877523786,654.3305459518474
0.0,272.03071991269934,654.3305459518474,0.0,108.00142691515724,654.3305459518474,0.0,239.70696693565606,654.3305459518474,0.0,254.2206525100983,654.3305459518474,0.0,161.01047484719953,654.3305459518474,0.0,237.29742614869295,654.3305459518474
0.0,220.09017844935062,654.3305459518474,0.0,113.77261793652767,654.3305459518474,0.0,186.2547650764935,654.3305459518474,0.0,215.71310538008643,654.3305459518474,0.0,132.90491912777006,654.3305459518474,0.0,172.92580526300915,654.3305459518474
0.0,176.00025466963777,654.3305459518474,0.0,113.50520496373973,654.3305459518474,0.0,119.62126213655836,654.3305459518474,0.0,156.9930990046819,654.3305459518474,0.0,95.3113275671013,649.6418735189487,0.0,115.55540398192635,654.3305459518474
0.0,118.77300947998165,654.3305459518474,0.0,92.10201643567585,654.3305459518474,0.0,52.75664376353781,654.3305459518474,0.0,89.14210771189818,654.3305459518474,0.0,54.788911265132164,654.3305459518474,0.0,56.45158761248452,654.3305459518474
0.0,76.10660902543887,654.3305459518474,0.0,67.42867196267525,654.3305459518474,0.0,13.019245779280453,654.3305459518474,0.0,42.631426066283524,654.3305459518474,0.0,23.866247455381608,654.3305459518474,0.0,30.117067672559912,654.3305459518474
0.0,57.500128497202276,654.3305459518474,0.0,52.49505658347819,654.3305459518474,0.0,1.4549627656174666,654.3305459518474,0.0,21.940838505511394,654.3305459518474,0.0,12.861870848058405,654.3305459518474,0.0,30.612416588591497,654.3305459518474
0.0,56.97634190157999,654.3305459518474,0.0,54.18281339159446,654.3305459518474,0.0,18.157935314905984,654.3305459518474,0.0,18.914515953027067,654.3305459518474,0.0,12.396282763060816,654.3305459518474,0.0,31.659989779836074,654.3305459518474
0.0,56.394356795333,654.3305459518474,0.0,55.87057019971072,654.3305459518474,0.0,32.00918084358427,654.3305459518474,0.0,17.052163613036708,654.3305459518474,0.0,12.047091699312622,654.3305459518474,0.0,18.856317442402368,654.3305459518474
0.0,56.0451657315848,654.3305459518474,0.0,56.6271508378318,654.3305459518474,0.0,47.839175733502294,654.3305459518474,0.0,14.78242169867346,654.3305459518474,0.0,11.639702124939733,654.3305459518474,0.0,8.380585529956607,654.3305459518474
0.0,55.81237168908602,654.3305459518474,0.0,57.034540412204684,654.3305459518474,0.0,52.49505658347819,654.3305459518474,0.0,14.433230634925268,654.3305459518474,0.0,11.406908082440939,654.3305459518474,0.0,3.4337121268572206,654.3305459518474
0.0,55.81237168908602,654.3305459518474,0.0,57.034540412204684,654.3305459518474,0.0,51.85487296660651,654.3305459518474,0.0,14.025841060552379,654.3305459518474,0.0,12.454481273685513,654.3305459518474,0.0,1.0475731912445758,654.3305459518474
0.0,56.16156275283421,654.3305459518474,0.0,56.16156275283421,654.3305459518474,0.0,49.468734030993865,654.3305459518474,0.0,14.258635103051171,654.3305459518474,0.0,13.152863401181898,654.3305459518474,0.0,0.5819851062469866,654.3305459518474
0.0,56.56895232720709,654.3305459518474,0.0,55.055791050964935,654.3305459518474,0.0,46.67520552100833,654.3305459518474,0.0,14.025841060552379,654.3305459518474,0.0,13.211061911806597,654.3305459518474,0.0,1.5713597868668638,654.3305459518474
0.0,56.80174636970589,654.3305459518474,0.0,54.06641637034505,654.3305459518474,0.0,43.00869935165231,654.3305459518474,0.0,13.443855954305391,654.3305459518474,0.0,12.512679784310212,654.3305459518474,0.0,2.793528509985536,654.3305459518474
0.0,56.6271508378318,654.3305459518474,0.0,53.01884317910048,654.3305459518474,0.0,38.469215522925815,654.3305459518474,0.0,11.75609914618913,654.3305459518474,0.0,12.454481273685513,654.3305459518474,0.0,3.9574987224795093,654.3305459518474
0.0,62.71291399266126,654.3305459518474,0.0,60.89621993291366,654.3305459518474,0.0,40.88379213812917,654.3305459518474,0.0,18.442746617331032,654.3305459518474,0.0,15.394345364939499,654.3305459518474,0.0,12.731432715998713,654.3305459518474
0.0,91.38473509811402,654.3305459518474,0.0,102.19729557291109,654.3305459518474,0.0,76.33039778536757,654.3305459518474,0.0,55.06118233717526,654.3305459518474,0.0,40.997365127506924,654.3305459518474,0.0,50.57203715896161,654.3305459518474
0.0,145.48966080453022,654.3305459518474,0.0,163.15242493238966,654.3305459518474,0.0,136.74451994857185,654.3305459518474,0.0,119.65773740524595,654.3305459518474,0.0,87.30987166091194,654.3305459518474,0.0,115.08363464623032,654.3305459518474
0.0,197.43806212799078,654.3305459518474,0.0,227.54762539840897,654.3305459518474,0.0,189.09095010586512,654.3305459518474,0.0,181.58970121496247,654.3305459518474,0.0,132.34669133084367,654.3305459518474,0.0,175.01794988464164,654.3305459518474
0.0,251.09311946963305,654.3305459518474,0.0,277.3080628984666,654.3305459518474,0.0,238.59819347293012,654.3305459518474,0.0,228.06426304985965,654.3305459518474,0.0,157.14747217504726,654.3305459518474,0.0,222.09807640612132,654.3305459518474
0.0,235.16694991997443,654.3305459518474,0.0,313.4073923929586,654.3305459518474,0.0,264.9106347129475,654.3305459518474,0.0,260.626023626627,654.3305459518474,0.0,161.01065257618458,654.3305459518474,0.0,254.6330779127114,654.3305459518474
0.0,205.47113520361262,654.3305459518474,0.0,333.1653029033072,654.3305459518474,0.0,273.7884254973342,654.3305459518474,0.0,277.8011209695817,654.3305459518474,0.0,164.67247837527052,654.3305459518474,0.0,271.6996380945285,654.3305459518474
0.0,169.29002761816034,654.3305459518474,0.0,335.39892500695294,654.3305459518474,0.0,281.33233090762286,654.3305459518474,0.0,280.14796060463505,654.3305459518474,0.0,169.424356156002,654.3305459518474,0.0,273.3056168116845,654.3305459518474
0.0,174.01046595844443,654.3305459518474,0.0,320.28285423576995,654.3305459518474,0.0,269.5021358016003,654.3305459518474,0.0,269.2221825984304,654.3305459518474,0.0,161.81439237497676,654.3305459518474,0.0,266.82650519329246,654.3305459518474
0.0,199.54424786043353,654.3305459518474,0.0,288.1002232827698,654.3305459518474,0.0,240.9624314376206,654.3305459518474,0.0,242.37809490267878,654.3305459518474,0.0,143.80561667321086,654.3305459518474,0.0,247.97451266319007,654.3305459518474
0.0,162.33128680396038,654.3305459518474,0.0,239.36695888346298,654.3305459518474,0.0,199.96806807097036,654.3305459518474,0.0,199.3168451041451,654.3305459518474,0.0,120.92538667962232,654.3305459518474,0.0,206.32892632971456,654.3305459518474
0.0,133.6012671878829,654.3305459518474,0.0,175.2313115301198,654.3305459518474,0.0,140.4332825468201,654.3305459518474,0.0,141.29522085623697,654.3305459518474,0.0,95.41518435796876,649.7457303098162,0.0,144.2569859184131,654.3305459518474
0.0,114.26178560186082,654.3305459518474,0.0,101.93792018922004,654.3305459518474,0.0,72.07422437863778,654.3305459518474,0.0,74.89919232907071,654.3305459518474,0.0,60.075614991439544,654.3305459518474,0.0,82.91486707505543,654.3305459518474
0.0,75.80775661220352,654.3305459518474,0.0,53.413870252076485,654.3305459518474,0.0,25.870255006370314,654.3305459518474,0.0,32.33814954582371,654.3305459518474,0.0,27.58627176509222,654.3305459518474,0.0,44.44661924560279,654.3305459518474
0.0,57.32553296532818,654.3305459518474,0.0,34.744510842945104,654.3305459518474,0.0,8.496982551206004,654.3305459518474,0.0,15.18981127304635,654.3305459518474,0.0,11.115915529317444,654.3305459518474,0.0,30.205027014218608,654.3305459518474
0.0,57.616525518451674,654.3305459518474,0.0,28.982858291099934,654.3305459518474,0.0,7.274813828087333,654.3305459518474,0.0,12.221687231186719,654.3305459518474,0.0,10.242937869946964,654.3305459518474,0.0,32.76576148170535,654.3305459518474
0.0,57.67472402907638,654.3305459518474,0.0,20.835066803642118,654.3305459518474,0.0,6.692828721840346,654.3305459518474,0.0,9.020769146828293,654.3305459518474,0.0,11.406908082440939,654.3305459518474,0.0,36.432267651061366,654.3305459518474
0.0,57.26733445470348,654.3305459518474,0.0,14.200436592426472,654.3305459518474,0.0,7.798600423709622,654.3305459518474,0.0,5.9944465943439615,654.3305459518474,0.0,13.793047018053581,654.3305459518474,0.0,37.94542892730353,654.3305459518474
0.0,56.33615828470831,654.3305459518474,0.0,8.147791487457813,654.3305459518474,0.0,10.592128933695157,654.3305459518474,0.0,3.1427195737337277,654.3305459518474,0.0,15.306208294295748,654.3305459518474,0.0,38.469215522925815,654.3305459518474
0.0,55.579577646587225,654.3305459518474,0.0,4.597682339351194,654.3305459518474,0.0,15.480803826169845,654.3305459518474,0.0,0.9311761699951786,654.3305459518474,0.0,15.539002336794544,654.3305459518474,0.0,35.908481055439076,654.3305459518474
0.0,54.29921041284385,654.3305459518474,0.0,2.0951463824891516,654.3305459518474,0.0,20.95146382489152,654.3305459518474,0.0,0.174595531874096,654.3305459518474,0.0,14.491429145549967,654.3305459518474,0.0,19.496501059274053,654.3305459518474
0.0,53.01884317910048,654.3305459518474,0.0,1.5131612762421651,654.3305459518474,0.0,24.559771483622836,654.3305459518474,0.0,0.11639702124939733,654.3305459518474,0.0,13.152863401181898,654.3305459518474,0.0,5.063270424348783,654.3305459518474
0.0,51.56388041348302,654.3305459518474,0.0,3.2009180843584266,654.3305459518474,0.0,28.982858291099934,654.3305459518474,0.0,0.05819851062469866,654.3305459518474,0.0,13.618451486179488,654.3305459518474,0.0,0.698382127496384,654.3305459518474
0.0,50.45810871161374,654.3305459518474,0.0,5.121468934973482,654.3305459518474,0.0,31.25260020546318,654.3305459518474,0.0,0.05819851062469866,654.3305459518474,0.0,15.946391911167435,654.3305459518474,0.0,0.9893746806198773,654.3305459518474
0.0,55.03857045031289,654.3305459518474,0.0,11.808116406115383,654.3305459518474,0.0,38.16418185899202,654.3305459518474,0.0,8.141610236759368,654.3305459518474,0.0,27.71520901672357,654.3305459518474,0.0,13.793047018053581,654.3305459518474
0.0,91.44461221815212,654.3305459518474,0.0,49.823316380952384,654.3305459518474,0.0,77.35121190643486,654.3305459518474,0.0,47.63535255754938,654.3305459518474,0.0,68.2597040185999,654.3305459518474,0.0,39.55776662414304,654.3305459518474
0.0,143.31591582092256,654.3305459518474,0.0,117.33297647009978,654.3305459518474,0.0,145.11406612857485,654.3305459518474,0.0,112.31368571658034,654.3305459518474,0.0,134.2844627821108,654.3305459518474,0.0,93.40146060846973,654.3305459518474
0.0,186.3126081291481,654.3305459518474,0.0,182.53509622475303,654.3305459518474,0.0,208.6913079560066,654.3305459518474,0.0,173.82722060197037,654.3305459518474,0.0,189.86174958378155,654.3305459518474,0.0,174.51403019255798,654.3305459518474
0.0,191.74714831715227,654.3305459518474,0.0,233.61837974895496,654.3305459518474,0.0,257.8398217897982,654.3305459518474,0.0,222.49442663054063,654.3305459518474,0.0,230.40474370522952,654.3305459518474,0.0,238.81173284739333,654.3305459518474
0.0,217.02923696657717,654.3305459518474,0.0,267.27805216747976,654.3305459518474,0.0,287.83916928966534,654.3305459518474,0.0,254.24608842883228,654.3305459518474,0.0,249.49889101837087,654.3305459518474,0.0,264.4557305199334,654.3305459518474
0.0,212.77438671129067,654.3305459518474,0.0,284.79448071407074,654.3305459518474,0.0,288.0845035625461,654.3305459518474,0.0,271.0373757777497,654.3305459518474,0.0,253.1985152375877,654.3305459518474,0.0,267.6096671726058,654.3305459518474
0.0,223.3053153735044,654.3305459518474,0.0,286.67573226412657,654.3305459518474,0.0,280.98728702718955,654.3305459518474,0.0,269.92842458603855,654.3305459518474,0.0,258.51983789418426,654.3305459518474,0.0,251.09533126600164,654.3305459518474
0.0,219.50033348299178,654.3305459518474,0.0,275.18368887189854,654.3305459518474,0.0,261.0201620546777,654.3305459518474,0.0,258.4206614735869,654.3305459518474,0.0,250.38608751753674,654.3305459518474,0.0,227.11568855022733,654.3305459518474
0.0,222.51411580509418,654.3305459518474,0.0,244.00765320017035,654.3305459518474,0.0,205.88020338739892,654.3305459518474,0.0,221.42159524954707,654.3305459518474,0.0,224.40243725077374,654.3305459518474,0.0,181.36626791300387,654.3305459518474
0.0,218.35994285083333,654.3305459518474,0.0,202.24566984544546,654.3305459518474,0.0,188.37163470091974,654.3305459518474,0.0,164.10939247908894,654.3305459518474,0.0,170.06153801201697,654.3305459518474,0.0,145.58433458384252,654.3305459518474
0.0,185.29329488850917,654.3305459518474,0.0,142.8383206924982,654.3305459518474,0.0,160.40923507291697,654.3305459518474,0.0,99.388580529657,653.7191264815044,0.0,108.8404965601788,654.3305459518474,0.0,88.90895821142928,643.2395041632767
0.0,119.79232272062058,654.3305459518474,0.0,68.4155780693936,654.3305459518474,0.0,109.36374996884592,654.3305459518474,0.0,50.81101245215885,654.3305459518474,0.0,75.2373440428653,654.3305459518474,0.0,77.93602104455347,654.3305459518474
0.0,72.38190434545815,654.3305459518474,0.0,20.399595007648642,654.3305459518474,0.0,59.96990186217363,654.3305459518474,0.0,26.755772896122743,654.3305459518474,0.0,48.303440667056606,654.3305459518474,0.0,64.09245764700198,654.3305459518474
0.0,52.553255094102894,654.3305459518474,0.0,2.61893297811144,654.3305459518474,0.0,34.97730488544389,654.3305459518474,0.0,25.083558079245122,654.3305459518474,0.0,38.469215522925815,654.3305459518474,0.0,50.167116158490245,654.3305459518474
0.0,49.52693254161856,654.3305459518474,0.0,1.920550850615056,654.3305459518474,0.0,28.575468716727045,654.3305459518474,0.0,32.940357013579444,654.3305459518474,0.0,42.310317224155924,654.3305459518474,0.0,52.7860491366017,654.3305459518474
0.0,43.998074032272186,654.3305459518474,0.0,1.74595531874096,654.3305459518474,0.0,18.972714463651766,654.3305459518474,0.0,32.940357013579444,654.3305459518474,0.0,43.76527998977339,654.3305459518474,0.0,52.727850625976984,654.3305459518474
0.0,39.74958275666919,654.3305459518474,0.0,2.15334489311385,654.3305459518474,0.0,9.428158721201184,654.3305459518474,0.0,35.67568701294028,654.3305459518474,0.0,39.74958275666919,654.3305459518474,0.0,49.468734030993865,654.3305459518474
0.0,36.37406914043667,654.3305459518474,0.0,2.8517270206102348,654.3305459518474,0.0,3.550109148106618,654.3305459518474,0.0,42.25211871353123,654.3305459518474,0.0,28.982858291099934,654.3305459518474,0.0,45.685830840388455,654.3305459518474
0.0,33.75513616232522,654.3305459518474,0.0,3.608307658731317,654.3305459518474,0.0,0.9311761699951786,654.3305459518474,0.0,46.20961743601074,654.3305459518474,0.0,17.692347229908396,654.3305459518474,0.0,41.32094254353605,654.3305459518474
0.0,30.321424035468006,654.3305459518474,0.0,2.9681240418596317,654.3305459518474,0.0,0.05819851062469866,654.3305459518474,0.0,44.69645615976857,654.3305459518474,0.0,16.702972549288514,654.3305459518474,0.0,38.469215522925815,654.3305459518474
0.0,26.596719355487288,654.3305459518474,0.0,0.9893746806198773,654.3305459518474,0.0,0.0,654.3305459518474,0.0,41.84472913915834,654.3305459518474,0.0,20.660471271768024,654.3305459518474,0.0,32.30017339670776,654.3305459518474
0.0,24.32697744112404,654.3305459518474,0.0,0.0,654.3305459518474,0.0,0.05819851062469866,654.3305459518474,0.0,41.08814850103725,654.3305459518474,0.0,24.443374462373438,654.3305459518474,0.0,23.62859531362766,654.3305459518474
0.0,26.247528291739094,654.3305459518474,0.0,0.0,654.3305459518474,0.0,0.5819851062469866,654.3305459518474,0.0,40.56436190541496,654.3305459518474,0.0,22.581022122383082,654.3305459518474,0.0,15.946391911167435,654.3305459518474
0.0,37.391881500647244,654.3305459518474,0.0,9.014587896129846,654.3305459518474,0.0,8.995688686064396,654.3305459518474,0.0,42.720886288370565,654.3305459518474,0.0,27.971582639557916,654.3305459518474,0.0,19.167887815004715,654.3305459518474
0.0,83.90088453684851,654.3305459518474,0.0,52.73324191218732,654.3305459518474,0.0,45.371791893884584,654.3305459518474,0.0,67.11427755820128,654.3305459518474,0.0,60.920332700204376,654.3305459518474,0.0,55.99553799701219,654.3305459518474
0.0,145.29634379157574,654.3305459518474,0.0,129.73711909327244,654.3305459518474,0.0,99.928086845503,654.3305459518474,0.0,95.53608402050318,654.3305459518474,0.0,123.09612990237328,654.3305459518474,0.0,121.11905915054693,654.3305459518474
0.0,208.56369385581854,654.3305459518474,0.0,202.8699560131084,654.3305459518474,0.0,167.94413520063557,654.3305459518474,0.0,156.93004239480206,654.3305459518474,0.0,188.8487953228261,654.3305459518474,0.0,183.9428998296994,654.3305459518474
0.0,250.77704645574568,654.3305459518474,0.0,258.19069146295976,654.3305459518474,0.0,238.0663692882109,654.3305459518474,0.0,262.24551026763817,654.3305459518474,0.0,236.02173928521967,654.3305459518474,0.0,233.47840314737002,654.3305459518474
0.0,295.25546059976597,654.3305459518474,0.0,294.8342076435679,654.3305459518474,0.0,283.2557057901095,654.3305459518474,0.0,299.0290030498312,654.3305459518474,0.0,266.69438845181935,654.3305459518474,0.0,267.7200606721418,654.3305459518474
0.0,311.3876651217462,654.3305459518474,0.0,314.8767517273564,654.3305459518474,0.0,299.7339218859962,654.3305459518474,0.0,317.1588561431166,654.3305459518474,0.0,280.6496685003502,654.3305459518474,0.0,285.06975354697056,654.3305459518474
0.0,317.2642138144124,654.3305459518474,0.0,319.5436719272859,654.3305459518474,0.0,298.6721298549562,654.3305459518474,0.0,318.37316500612343,654.3305459518474,0.0,279.2607641054692,654.3305459518474,0.0,287.1177407687886,654.3305459518474
0.0,301.6950951886138,654.3305459518474,0.0,308.75001066255436,654.3305459518474,0.0,283.2005090403415,654.3305459518474,0.0,298.0175496693041,654.3305459518474,0.0,253.08679858660844,654.3305459518474,0.0,273.12316141969865,654.3305459518474
0.0,279.7492208548622,654.3305459518474,0.0,282.3054526810638,654.3305459518474,0.0,254.8589797885715,654.3305459518474,0.0,258.931196922887,654.3305459518474,0.0,206.58547768153392,654.3305459518474,0.0,243.60194223521088,654.3305459518474
0.0,234.36003063134046,654.3305459518474,0.0,235.05391011755177,654.3305459518474,0.0,220.57484347339874,654.3305459518474,0.0,185.99803599568904,654.3305459518474,0.0,184.60012631823807,654.3305459518474,0.0,197.59614797515303,654.3305459518474
0.0,171.04702228685488,654.3305459518474,0.0,172.06183288620878,654.3305459518474,0.0,166.70271180948134,654.3305459518474,0.0,104.77074799976482,654.3305459518474,0.0,154.88055429255564,654.3305459518474,0.0,137.3944197639538,654.3305459518474
0.0,120.81313684168785,654.3305459518474,0.0,102.52308478530878,654.3305459518474,0.0,105.871839331364,654.3305459518474,0.0,55.310841522355986,654.3305459518474,0.0,98.80306047559816,654.3305459518474,0.0,67.0691524649137,654.3305459518474
0.0,75.23363136606838,654.3305459518474,0.0,51.33762307965278,654.3305459518474,0.0,60.43548994717122,654.3305459518474,0.0,47.24782988671511,654.3305459518474,0.0,59.89280414148349,654.3305459518474,0.0,21.54466601007716,654.3305459518474
0.0,56.33615828470831,654.3305459518474,0.0,28.750064248601138,654.3305459518474,0.0,39.3421931822963,654.3305459518474,0.0,43.88167701102279,654.3305459518474,0.0,45.74402935101315,654.3305459518474,0.0,8.205989998082512,654.3305459518474
0.0,55.695974667836616,654.3305459518474,0.0,17.92514127240719,654.3305459518474,0.0,41.20454552228665,654.3305459518474,0.0,43.4742874366499,654.3305459518474,0.0,44.92925020226737,654.3305459518474,0.0,8.846173614954198,654.3305459518474
0.0,55.34678360408843,654.3305459518474,0.0,6.98382127496384,654.3305459518474,0.0,42.95050084102761,654.3305459518474,0.0,42.07752318165713,654.3305459518474,0.0,42.95050084102761,654.3305459518474,0.0,9.13716616807769,654.3305459518474
0.0,55.40498211471312,654.3305459518474,0.0,0.9311761699951786,654.3305459518474,0.0,43.64888296852399,654.3305459518474,0.0,39.86597977791859,654.3305459518474,0.0,39.92417828854328,654.3305459518474,0.0,8.6133795724554,654.3305459518474
0.0,54.706599987216734,654.3305459518474,0.0,0.0,654.3305459518474,0.0,43.06689786227701,654.3305459518474,0.0,38.00362743792823,654.3305459518474,0.0,37.36344382105654,654.3305459518474,0.0,7.624004891835525,654.3305459518474
0.0,53.01884317910048,654.3305459518474,0.0,0.0,654.3305459518474,0.0,42.07752318165713,654.3305459518474,0.0,35.85028254481438,654.3305459518474,0.0,34.97730488544389,654.3305459518474,0.0,6.401836168716853,654.3305459518474
0.0,52.553255094102894,654.3305459518474,0.0,0.0,654.3305459518474,0.0,41.37914105416075,654.3305459518474,0.0,34.97730488544389,654.3305459518474,0.0,31.659989779836074,654.3305459518474,0.0,6.51823318996625,654.3305459518474
0.0,52.727850625976984,654.3305459518474,0.0,1.1639702124939733,654.3305459518474,0.0,39.3421931822963,654.3305459518474,0.0,34.8609078641945,654.3305459518474,0.0,28.982858291099934,654.3305459518474,0.0,7.798600423709622,654.3305459518474
0.0,52.2040640303547,654.3305459518474,0.0,6.867424253714441,654.3305459518474,0.0,33.05675403482884,654.3305459518474,0.0,32.06737935420897,654.3305459518474,0.0,26.1311312704897,654.3305459518474,0.0,9.253563189327087,654.3305459518474
0.0,50.80729977536193,654.3305459518474,0.0,10.592128933695157,654.3305459518474,0.0,24.26877893049934,654.3305459518474,0.0,30.787012120465597,654.3305459518474,0.0,22.29002956925959,654.3305459518474,0.0,9.544555742450582,654.3305459518474
0.0,52.839567276956295,654.3305459518474,0.0,20.611811230668582,654.3305459518474,0.0,24.286177260136444,654.3305459518474,0.0,32.6589029299812,654.3305459518474,0.0,25.41084817207117,654.3305459518474,0.0,16.397938885354726,654.3305459518474
0.0,85.2817513426325,654.3305459518474,0.0,59.572228486311054,654.3305459518474,0.0,48.6309084888677,654.3305459518474,0.0,65.06028681466984,654.3305459518474,0.0,60.75677651828387,654.3305459518474,0.0,52.17483638627588,654.3305459518474
0.0,155.41820427000317,654.3305459518474,0.0,78.45866221771753,654.3305459518474,0.0,94.79557856057592,654.3305459518474,0.0,119.17625187103961,654.3305459518474,0.0,124.14220221318952,654.3305459518474,0.0,115.39034691957751,654.3305459518474
0.0,221.16769020061423,654.3305459518474,0.0,103.98140476975306,654.3305459518474,0.0,148.4663556224419,654.3305459518474,0.0,174.66072123179654,654.3305459518474,0.0,184.08755680155443,654.3305459518474,0.0,175.59207513077675,654.3305459518474
0.0,264.1486627886161,654.3305459518474,0.0,130.77515381499177,654.3305459518474,0.0,199.98060830135233,654.3305459518474,0.0,218.91270031300155,654.3305459518474,0.0,229.20465368201806,654.3305459518474,0.0,223.18026852765507,654.3305459518474
0.0,253.58311519611314,654.3305459518474,0.0,135.25175876282344,654.3305459518474,0.0,237.20928907804918,654.3305459518474,0.0,257.0018185186869,654.3305459518474,0.0,265.6453143801465,654.3305459518474,0.0,255.99840272725675,654.3305459518474
0.0,309.4025567808229,654.3305459518474,0.0,146.42905229260734,654.3305459518474,0.0,246.47239073690153,654.3305459518474,0.0,279.50609837835,654.3305459518474,0.0,282.7040147018517,654.3305459518474,0.0,273.1813599303233,654.3305459518474
0.0,309.577152312697,654.3305459518474,0.0,153.31069538611715,654.3305459518474,0.0,233.25479211642636,654.3305459518474,0.0,275.9292301600661,654.3305459518474,0.0,284.01114100577234,654.3305459518474,0.0,275.71065495736264,654.3305459518474
0.0,294.8999105563343,654.3305459518474,0.0,127.68091655337244,654.3305459518474,0.0,182.88243095010273,654.3305459518474,0.0,259.19932081161517,654.3305459518474,0.0,269.90016463543293,654.3305459518474,0.0,266.29803822740007,654.3305459518474
0.0,278.1746815781535,654.3305459518474,0.0,107.45423846818446,654.3305459518474,0.0,120.90012848987337,654.3305459518474,0.0,226.05875461844258,654.3305459518474,0.0,238.89722361515047,654.3305459518474,0.0,242.7791254973682,654.3305459518474
0.0,235.50828112361074,654.3305459518474,0.0,83.2560205497067,637.5865665015541,0.0,103.73924998671407,654.3305459518474,0.0,187.9224772520861,654.3305459518474,0.0,172.07022593327576,654.3305459518474,0.0,204.4083754790995,654.3305459518474
0.0,174.35179716208077,654.3305459518474,0.0,66.83432435503138,604.4208908565855,0.0,95.56469942907894,649.8952453809263,0.0,130.40423950930648,654.3305459518474,0.0,114.3506335884448,654.3305459518474,0.0,147.4957024229024,654.3305459518474
0.0,117.34948615481159,654.3305459518474,0.0,72.08155105179445,654.3305459518474,0.0,58.233840470928044,654.3305459518474,0.0,64.7601112499912,654.3305459518474,0.0,63.325548574867526,654.3305459518474,0.0,76.69548629832451,654.3305459518474
0.0,72.69329698907544,654.3305459518474,0.0,56.728005867842555,654.3305459518474,0.0,17.494349846683807,654.3305459518474,0.0,18.455464576698038,654.3305459518474,0.0,19.67763329981671,654.3305459518474,0.0,25.462865431997425,654.3305459518474
0.0,57.558327007826975,654.3305459518474,0.0,29.44844637609752,654.3305459518474,0.0,4.015697233104208,654.3305459518474,0.0,0.4655880849975893,654.3305459518474,0.0,1.74595531874096,654.3305459518474,0.0,3.7829031906054134,654.3305459518474
0.0,57.32553296532818,654.3305459518474,0.0,51.09829232848543,654.3305459518474,0.0,6.867424253714441,654.3305459518474,0.0,0.05819851062469866,654.3305459518474,0.0,0.9893746806198773,654.3305459518474,0.0,2.9681240418596317,654.3305459518474
0.0,56.859944880330595,654.3305459518474,0.0,51.09829232848543,654.3305459518474,0.0,9.486357231825883,654.3305459518474,0.0,0.0,654.3305459518474,0.0,0.2909925531234933,654.3305459518474,0.0,4.830476381849989,654.3305459518474
0.0,56.16156275283421,654.3305459518474,0.0,47.839175733502294,654.3305459518474,0.0,11.057717018692745,654.3305459518474,0.0,0.0,654.3305459518474,0.0,0.05819851062469866,654.3305459518474,0.0,7.158416806837935,654.3305459518474
0.0,55.113989561589634,654.3305459518474,0.0,46.09322041476134,654.3305459518474,0.0,15.073414251796954,654.3305459518474,0.0,0.05819851062469866,654.3305459518474,0.0,0.11639702124939733,654.3305459518474,0.0,9.893746806198772,654.3305459518474
0.0,54.18281339159446,654.3305459518474,0.0,49.81792509474205,654.3305459518474,0.0,21.591647441763204,654.3305459518474,0.0,0.2909925531234933,654.3305459518474,0.0,0.23279404249879465,654.3305459518474,0.0,11.174114039942143,654.3305459518474
0.0,52.7860491366017,654.3305459518474,0.0,54.29921041284385,654.3305459518474,0.0,29.215652333598733,654.3305459518474,0.0,0.4655880849975893,654.3305459518474,0.0,0.5237865956222879,654.3305459518474,0.0,10.592128933695157,654.3305459518474
0.0,51.56388041348302,654.3305459518474,0.0,56.7435478590812,654.3305459518474,0.0,32.125577864833666,654.3305459518474,0.0,0.8147791487457813,654.3305459518474,0.0,0.698382127496384,654.3305459518474,0.0,10.359334891196362,654.3305459518474
0.0,51.389284881608916,654.3305459518474,0.0,57.32553296532818,654.3305459518474,0.0,30.03043148234451,654.3305459518474,0.0,1.222168723118672,654.3305459518474,0.0,1.4549627656174666,654.3305459518474,0.0,9.893746806198772,654.3305459518474
0.0,51.331086370984224,654.3305459518474,0.0,57.383731475952885,654.3305459518474,0.0,27.12050595110958,654.3305459518474,0.0,1.396764254992768,654.3305459518474,0.0,1.2803672337433705,654.3305459518474,0.0,9.95194531682347,654.3305459518474
0.0,57.32721157474158,654.3305459518474,0.0,67.90680027805479,654.3305459518474,0.0,33.23620766595809,654.3305459518474,0.0,10.213177038912969,654.3305459518474,0.0,7.982734425108972,654.3305459518474,0.0,17.5619090978487,654.3305459518474
0.0,92.51108461946214,654.3305459518474,0.0,109.54920712168855,654.3305459518474,0.0,68.7992103344459,654.3305459518474,0.0,48.76788332959595,654.3305459518474,0.0,43.81465094681307,654.3305459518474,0.0,54.68523220324977,654.3305459518474
0.0,150.18819817389215,654.3305459518474,0.0,168.99903506503682,654.3305459518474,0.0,127.57741522047507,654.3305459518474,0.0,111.22363373493475,654.3305459518474,0.0,106.89486524879986,654.3305459518474,0.0,120.81852812789819,654.3305459518474
0.0,212.76034560048035,654.3305459518474,0.0,223.27069644321526,654.3305459518474,0.0,175.933228605428,654.3305459518474,0.0,163.86255732577985,654.3305459518474,0.0,171.6895954290802,654.3305459518474,0.0,186.2895617357677,654.3305459518474
0.0,264.57663018246785,654.3305459518474,0.0,266.61975930503075,654.3305459518474,0.0,196.45557961400962,654.3305459518474,0.0,212.7704172569608,654.3305459518474,0.0,224.25460078907693,654.3305459518474,0.0,234.40622209853836,654.3305459518474
0.0,294.7223132636035,654.3305459518474,0.0,306.78044431286975,654.3305459518474,0.0,200.74654968001363,654.3305459518474,0.0,255.3990192913727,654.3305459518474,0.0,260.09437717089287,654.3305459518474,0.0,254.69427818419274,654.3305459518474
0.0,299.0668014699621,654.3305459518474,0.0,294.1433299182132,654.3305459518474,0.0,180.45999447478755,654.3305459518474,0.0,284.2469368091279,654.3305459518474,0.0,277.5022685563463,654.3305459518474,0.0,267.0420786351392,654.3305459518474
0.0,282.78826136671347,654.3305459518474,0.0,301.98608774173726,654.3305459518474,0.0,164.59652607703856,654.3305459518474,0.0,282.01481558591047,654.3305459518474,0.0,278.18493096361897,654.3305459518474,0.0,257.19063289035637,654.3305459518474
0.0,266.82747288676563,654.3305459518474,0.0,290.1480327756028,654.3305459518474,0.0,144.94079374814402,654.3305459518474,0.0,257.945357190079,654.3305459518474,0.0,264.190351614529,654.3305459518474,0.0,205.3301909085545,654.3305459518474
0.0,263.27100475897555,654.3305459518474,0.0,259.24576905634603,654.3305459518474,0.0,146.12366317070342,654.3305459518474,0.0,203.21428897760143,654.3305459518474,0.0,231.43827578566385,654.3305459518474,0.0,162.8209876562487,654.3305459518474
0.0,245.07977366522368,654.3305459518474,0.0,215.64819243180807,654.3305459518474,0.0,147.91059639941705,654.3305459518474,0.0,149.47259544574374,654.3305459518474,0.0,178.2031482487764,654.3305459518474,0.0,101.60312569425226,654.3305459518474
0.0,185.50568884051415,654.3305459518474,0.0,161.51968714505637,654.3305459518474,0.0,131.05643016960494,654.3305459518474,0.0,123.28909145735764,654.3305459518474,0.0,116.81069075490583,654.3305459518474,0.0,62.97300029229253,617.30354624414
0.0,115.50135265461658,654.3305459518474,0.0,108.51585277023933,654.3305459518474,0.0,87.81122409865691,654.3305459518474,0.0,101.11510345137734,654.3305459518474,0.0,67.23738901710429,654.3305459518474,0.0,29.749155127731328,641.1028703463251
0.0,66.10432505810255,654.3305459518474,0.0,66.2128622192401,654.3305459518474,0.0,48.59911359045019,654.3305459518474,0.0,70.3449564735937,654.3305459518474,0.0,31.425872585893984,654.3305459518474,0.0,8.193449767700562,647.6576301604855
0.0,45.336639776640254,654.3305459518474,0.0,42.193920202906526,654.3305459518474,0.0,30.96160765233969,654.3305459518474,0.0,52.90244615785109,654.3305459518474,0.0,14.666024677424062,654.3305459518474,0.0,1.6295582974915626,648.9612767984787
0.0,44.69645615976857,654.3305459518474,0.0,39.2257961610469,654.3305459518474,0.0,28.109880631729453,654.3305459518474,0.0,54.93939402971553,654.3305459518474,0.0,14.607826166799367,654.3305459518474,0.0,1.1639702124939733,649.8924529684739
0.0,45.91862488288725,654.3305459518474,0.0,41.96112616040774,654.3305459518474,0.0,23.279404249879466,654.3305459518474,0.0,57.09273892282938,654.3305459518474,0.0,15.71359786866864,654.3305459518474,0.0,5.528858509346373,654.315539775951
0.0,44.521860627894476,654.3305459518474,0.0,48.421160839749284,654.3305459518474,0.0,20.07848616552104,654.3305459518474,0.0,57.500128497202276,654.3305459518474,0.0,16.58657552803912,654.3305459518474,0.0,13.152863401181898,654.3305459518474
0.0,39.516788714170396,654.3305459518474,0.0,53.077041689725185,654.3305459518474,0.0,18.390729357404776,654.3305459518474,0.0,57.616525518451674,654.3305459518474,0.0,18.099736804281285,654.3305459518474,0.0,15.306208294295748,654.3305459518474
0.0,34.97730488544389,654.3305459518474,0.0,55.46318062533782,654.3305459518474,0.0,17.110362123661407,654.3305459518474,0.0,57.616525518451674,654.3305459518474,0.0,13.56025297555479,654.3305459518474,0.0,19.321905527399956,654.3305459518474
0.0,30.205027014218608,654.3305459518474,0.0,56.80174636970589,654.3305459518474,0.0,16.17918595366623,654.3305459518474,0.0,57.616525518451674,654.3305459518474,0.0,9.020769146828293,654.3305459518474,0.0,16.52837701741442,654.3305459518474
0.0,25.25815361111922,654.3305459518474,0.0,57.441929986577584,654.3305459518474,0.0,14.142238081801773,654.3305459518474,0.0,57.616525518451674,654.3305459518474,0.0,6.0526451049686605,654.3305459518474,0.0,21.591647441763204,654.3305459518474
0.0,22.11543403738549,654.3305459518474,0.0,57.616525518451674,654.3305459518474,0.0,12.920069358683104,654.3305459518474,0.0,57.616525518451674,654.3305459518474,0.0,7.85679893433432,654.3305459518474,0.0,17.80874425115779,654.3305459518474
0.0,15.71359786866864,654.3305459518474,0.0,57.32553296532818,654.3305459518474,0.0,11.290511061191541,654.3305459518474,0.0,57.616525518451674,654.3305459518474,0.0,11.872496167438527,654.3305459518474,0.0,6.98382127496384,654.3305459518474
0.0,19.05149079375532,654.3305459518474,0.0,64.41957001084296,654.3305459518474,0.0,15.82381363921959,654.3305459518474,0.0,67.57332893453031,654.3305459518474,0.0,26.829513397986084,654.3305459518474,0.0,1.222168723118672,654.3305459518474
0.0,53.48196269019654,654.3305459518474,0.0,100.8098920584585,654.3305459518474,0.0,47.764289809180724,654.3305459518474,0.0,107.16774855634601,654.3305459518474,0.0,50.65328206296669,654.3305459518474,0.0,33.12484647294891,654.3305459518474
0.0,109.49021864657574,654.3305459518474,0.0,167.28769867658502,654.3305459518474,0.0,91.88097265907088,654.3305459518474,0.0,168.2660340072513,654.3305459518474,0.0,77.38715398816728,654.3305459518474,0.0,93.24161710334616,654.3305459518474
0.0,172.26372067521532,654.3305459518474,0.0,231.04271552573266,654.3305459518474,0.0,137.25444316236886,654.3305459518474,0.0,226.6336698290658,654.3305459518474,0.0,117.50218071576356,654.3305459518474,0.0,154.0300107910625,654.3305459518474
0.0,222.88927597453159,654.3305459518474,0.0,276.0748548253943,654.3305459518474,0.0,182.46903785401645,654.3305459518474,0.0,275.0445022348017,654.3305459518474,0.0,172.6750797039181,654.3305459518474,0.0,227.4978199348513,654.3305459518474
0.0,262.4836955963473,654.3305459518474,0.0,301.8099913294348,654.3305459518474,0.0,213.4719788742989,654.3305459518474,0.0,310.7678815953683,654.3305459518474,0.0,236.9853225891354,654.3305459518474,0.0,274.33861570516365,654.3305459518474
0.0,280.5742493890734,654.3305459518474,0.0,314.69093911654375,654.3305459518474,0.0,229.12287559105783,654.3305459518474,0.0,329.990966160141,654.3305459518474,0.0,174.58626981399297,654.3305459518474,0.0,286.9865917207887,654.3305459518474
0.0,283.64623022180047,654.3305459518474,0.0,305.9673437735373,654.3305459518474,0.0,232.7186430194072,654.3305459518474,0.0,334.8781401721874,654.3305459518474,0.0,175.1824737600353,654.3305459518474,0.0,286.2472316833196,654.3305459518474
0.0,270.5089088118572,654.3305459518474,0.0,284.3046021327974,654.3305459518474,0.0,223.2934860590627,654.3305459518474,0.0,322.9818866954283,654.3305459518474,0.0,256.2761441340581,654.3305459518474,0.0,253.15064516097638,654.3305459518474
0.0,242.77612373651147,654.3305459518474,0.0,250.50177362284586,654.3305459518474,0.0,196.80176891690107,654.3305459518474,0.0,294.418602751113,654.3305459518474,0.0,252.87387144764827,654.3305459518474,0.0,242.15880878403516,654.3305459518474
0.0,199.02435167059323,654.3305459518474,0.0,206.96707587920275,654.3305459518474,0.0,157.6807972401948,654.3305459518474,0.0,249.58781805350276,654.3305459518474,0.0,223.09777952075456,654.3305459518474,0.0,230.16187800625033,654.3305459518474
0.0,138.14782091223316,654.3305459518474,0.0,157.61402795351802,654.3305459518474,0.0,101.89279509593246,654.3305459518474,0.0,188.9975994779961,654.3305459518474,0.0,167.00306510314502,654.3305459518474,0.0,176.7820934975078,654.3305459518474
0.0,72.17490167966348,654.3305459518474,0.0,108.69512867238353,654.3305459518474,0.0,52.46582893939937,654.3305459518474,0.0,120.66530037999107,654.3305459518474,0.0,74.91605747175264,654.3305459518474,0.0,112.82104167603869,654.3305459518474
0.0,32.449866196803015,654.3305459518474,0.0,72.1569701630712,654.3305459518474,0.0,23.309520538883575,654.3305459518474,0.0,73.37127902607801,654.3305459518474,0.0,47.74167792231836,654.3305459518474,0.0,69.29738328234912,654.3305459518474
0.0,17.75054574053309,654.3305459518474,0.0,53.193438710974576,654.3305459518474,0.0,9.95194531682347,654.3305459518474,0.0,53.36803424284868,654.3305459518474,0.0,55.579577646587225,654.3305459518474,0.0,52.2622625409794,654.3305459518474
0.0,22.057235526760792,654.3305459518474,0.0,51.796674455981815,654.3305459518474,0.0,15.71359786866864,654.3305459518474,0.0,50.690902754112535,654.3305459518474,0.0,54.532004455342644,654.3305459518474,0.0,53.717225306596866,654.3305459518474
0.0,25.19995510049452,654.3305459518474,0.0,49.93432211599145,654.3305459518474,0.0,22.11543403738549,654.3305459518474,0.0,47.839175733502294,654.3305459518474,0.0,51.50568190285831,654.3305459518474,0.0,54.88119551909084,654.3305459518474
0.0,27.29510148298367,654.3305459518474,0.0,49.11954296724567,654.3305459518474,0.0,27.877086589230657,654.3305459518474,0.0,46.26781594663544,654.3305459518474,0.0,43.4160889260252,654.3305459518474,0.0,55.40498211471312,654.3305459518474
0.0,25.72374169611681,654.3305459518474,0.0,49.70152807349266,654.3305459518474,0.0,32.53296743920656,654.3305459518474,0.0,45.336639776640254,654.3305459518474,0.0,23.337602760504165,654.3305459518474,0.0,55.52137913596252,654.3305459518474
0.0,23.395801271128864,654.3305459518474,0.0,51.15649083911013,654.3305459518474,0.0,39.633185735419794,654.3305459518474,0.0,45.103845734141466,654.3305459518474,0.0,5.761652551845168,654.3305459518474,0.0,56.0451657315848,654.3305459518474
0.0,20.893265314266817,654.3305459518474,0.0,52.553255094102894,654.3305459518474,0.0,46.55880849975893,654.3305459518474,0.0,42.019324671032436,654.3305459518474,0.0,3.841101701230112,654.3305459518474,0.0,56.219761263458906,654.3305459518474
0.0,19.845692123022243,654.3305459518474,0.0,52.14586551973,654.3305459518474,0.0,51.04009381786073,654.3305459518474,0.0,36.83965722543426,654.3305459518474,0.0,3.1427195737337277,654.3305459518474,0.0,55.695974667836616,654.3305459518474
0.0,22.11543403738549,654.3305459518474,0.0,51.15649083911013,654.3305459518474,0.0,53.077041689725185,654.3305459518474,0.0,31.36899722671258,654.3305459518474,0.0,12.978267869307802,654.3305459518474,0.0,54.59020296596734,654.3305459518474
0.0,24.38517595174874,654.3305459518474,0.0,50.39991020098904,654.3305459518474,0.0,53.251637221599275,654.3305459518474,0.0,28.750064248601138,654.3305459518474,0.0,16.411979996165023,654.3305459518474,0.0,53.193438710974576,654.3305459518474
0.0,32.9027363224336,654.3305459518474,0.0,58.31976574520321,654.3305459518474,0.0,55.69129429756652,654.3305459518474,0.0,35.63806632179444,654.3305459518474,0.0,9.245703329215237,654.3305459518474,0.0,60.95441844353835,654.3305459518474
0.0,65.48657559910818,654.3305459518474,0.0,96.18394976850166,654.3305459518474,0.0,74.95685765274024,654.3305459518474,0.0,67.09723468653429,654.3305459518474,0.0,15.671296807252697,654.3305459518474,0.0,99.5327043145569,654.3305459518474
0.0,127.22036429661505,654.3305459518474,0.0,152.08048907390156,654.3305459518474,0.0,96.66207808388121,654.3305459518474,0.0,127.55851601040963,654.3305459518474,0.0,36.30218497697179,654.3305459518474,0.0,160.24717977142484,654.3305459518474
0.0,186.96436428292856,654.3305459518474,0.0,206.07687761918024,654.3305459518474,0.0,118.14236433263522,654.3305459518474,0.0,184.7842603196374,654.3305459518474,0.0,60.29754741296979,654.3305459518474,0.0,224.8515946996074,654.3305459518474
0.0,230.85929244027352,654.3305459518474,0.0,230.63700456077316,654.3305459518474,0.0,146.13938289092715,654.3305459518474,0.0,229.08657805135527,654.3305459518474,0.0,80.17635758585284,634.5069035377003,0.0,277.2262848075063,654.3305459518474
0.0,250.52288462927993,654.3305459518474,0.0,263.0980878365148,654.3305459518474,0.0,180.94730580172222,654.3305459518474,0.0,270.4222726216418,654.3305459518474,0.0,91.69498231927307,626.2018858569734,0.0,315.3468424536391,654.3305459518474
0.0,257.92681343798364,654.3305459518474,0.0,288.8646637810027,654.3305459518474,0.0,183.78967208179228,654.3305459518474,0.0,295.4558475083442,654.3305459518474,0.0,104.87628340004568,630.1029125770099,0.0,334.4771095774979,654.3305459518474
0.0,223.44450201060127,654.3305459518474,0.0,310.45816756116443,654.3305459518474,0.0,160.53517056369162,654.3305459518474,0.0,301.6737274046468,654.3305459518474,0.0,116.09773432964397,642.9811000407251,0.0,336.2655436866399,654.3305459518474
0.0,123.44382008569313,654.3305459518474,0.0,294.22996610842864,654.3305459518474,0.0,149.04480578087703,654.3305459518474,0.0,289.4597223045868,654.3305459518474,0.0,135.432535545396,654.3305459518474,0.0,325.30046637987596,654.3305459518474
0.0,87.89503625700065,642.2255822088481,0.0,271.1012223521176,654.3305459518474,0.0,132.95039967902775,654.3305459518474,0.0,259.1315838314652,654.3305459518474,0.0,127.68577465262756,654.3305459518474,0.0,295.6628501741389,654.3305459518474
0.0,78.22772451361719,620.4533067224653,0.0,235.39356271177473,654.3305459518474,0.0,105.03365833126773,654.3305459518474,0.0,210.2897822710209,654.3305459518474,0.0,86.97454397898898,641.3050899308364,0.0,249.75773321510673,654.3305459518474
0.0,52.580725080220425,573.0340318026857,0.0,178.81436099910218,654.3305459518474,0.0,72.30366120230977,626.6342071541571,0.0,144.99802456529554,654.3305459518474,0.0,44.93896640077767,586.244056331614,0.0,188.21743925953947,654.3305459518474
0.0,46.53894159622031,610.2651850796619,0.0,113.97715202842082,654.3305459518474,0.0,46.73057999976139,654.3305459518474,0.0,69.79980209400443,654.3305459518474,0.0,24.789563765264937,606.075707343826,0.0,118.65193208846216,654.3305459518474
0.0,37.04754853615421,639.9032239085853,0.0,70.73662632774288,654.3305459518474,0.0,28.78318229846194,654.3305459518474,0.0,18.552962387881983,654.3305459518474,0.0,9.365279840306387,613.5679312160711,0.0,72.10663151255837,654.3305459518474
0.0,34.569915311071,654.3305459518474,0.0,50.51630722223844,654.3305459518474,0.0,23.62859531362766,654.3305459518474,0.0,1.0475731912445758,654.3305459518474,0.0,2.444337446237344,615.523401173061,0.0,53.251637221599275,654.3305459518474
0.0,22.057235526760792,654.3305459518474,0.0,48.886748924746875,654.3305459518474,0.0,25.49094765361801,654.3305459518474,0.0,0.23279404249879465,654.3305459518474,0.0,2.9681240418596317,617.8979004065486,0.0,50.749101264737234,654.3305459518474
0.0,11.988893188687923,654.3305459518474,0.0,46.26781594663544,654.3305459518474,0.0,26.014734249240302,654.3305459518474,0.0,0.05819851062469866,654.3305459518474,0.0,2.15334489311385,619.6205763210397,0.0,45.74402935101315,654.3305459518474
0.0,29.797637439845715,654.3305459518474,0.0,43.4160889260252,654.3305459518474,0.0,24.035984888000545,654.3305459518474,0.0,0.05819851062469866,654.3305459518474,0.0,1.5131612762421651,620.8311053420334,0.0,38.70200956542461,654.3305459518474
0.0,36.83965722543426,654.3305459518474,0.0,39.86597977791859,654.3305459518474,0.0,20.835066803642118,654.3305459518474,0.0,0.698382127496384,654.3305459518474,0.0,1.6295582974915626,622.1347519800266,0.0,32.241974886083064,654.3305459518474
0.0,40.56436190541496,654.3305459518474,0.0,35.966679566063775,654.3305459518474,0.0,19.030912974276465,654.3305459518474,0.0,1.5713597868668638,654.3305459518474,0.0,0.9893746806198773,622.9262517245226,0.0,28.168079142354156,654.3305459518474
0.0,50.749101264737234,654.3305459518474,0.0,32.183776375458365,654.3305459518474,0.0,18.041538293656586,654.3305459518474,0.0,1.5713597868668638,654.3305459518474,0.0,1.0475731912445758,623.7643102775182,0.0,23.453999781753563,654.3305459518474
0.0,48.421160839749284,654.3305459518474,0.0,28.750064248601138,654.3305459518474,0.0,18.157935314905984,654.3305459518474,0.0,1.4549627656174666,654.3305459518474,0.0,2.9099255312349332,626.0922507025061,0.0,18.565324889278873,654.3305459518474
0.0,41.08814850103725,654.3305459518474,0.0,26.887711908610783,654.3305459518474,0.0,19.96208914427164,654.3305459518474,0.0,2.0951463824891516,654.3305459518474,0.0,6.51823318996625,631.3068372544791,0.0,14.898818719922858,654.3305459518474
0.0,42.193920202906526,654.3305459518474,0.0,27.12050595110958,654.3305459518474,0.0,22.75561765425718,654.3305459518474,0.0,3.608307658731317,654.3305459518474,0.0,8.380585529956607,638.0113056784444,0.0,12.396282763060816,654.3305459518474
0.0,52.82234667630424,654.3305459518474,0.0,35.572007951057884,654.3305459518474,0.0,30.55271719753845,654.3305459518474,0.0,13.712947536506741,654.3305459518474,0.0,11.693220265294332,647.3658818906798,0.0,15.940210660468988,654.3305459518474
0.0,95.00425983578398,654.3305459518474,0.0,76.40431601621597,654.3305459518474,0.0,64.5804798898769,654.3305459518474,0.0,52.67504340156262,654.3305459518474,0.0,36.05985246494774,654.3305459518474,0.0,49.60306256883553,654.3305459518474
0.0,157.26183512891316,654.3305459518474,0.0,142.0877435760905,654.3305459518474,0.0,126.2528905869173,654.3305459518474,0.0,125.50752702773488,654.3305459518474,0.0,80.75216144140138,654.3305459518474,0.0,104.8829978376993,654.3305459518474
0.0,215.98184150431763,654.3305459518474,0.0,199.4802235570805,654.3305459518474,0.0,196.65993597691767,654.3305459518474,0.0,192.75445451436443,654.3305459518474,0.0,150.65264083643152,654.3305459518474,0.0,167.38908689355097,654.3305459518474
0.0,267.85950408677155,654.3305459518474,0.0,240.4573663230787,654.3305459518474,0.0,226.6924015266457,654.3305459518474,0.0,244.61003839691116,654.3305459518474,0.0,193.86490658650382,654.3305459518474,0.0,212.3787474028116,654.3305459518474
0.0,302.62494820716563,654.3305459518474,0.0,267.89447847503084,654.3305459518474,0.0,250.93009647466778,654.3305459518474,0.0,278.5103647180466,654.3305459518474,0.0,216.49344332752807,654.3305459518474,0.0,240.64317893389142,654.3305459518474
0.0,324.9828924855602,654.3305459518474,0.0,286.36098240168246,654.3305459518474,0.0,270.86260251689043,654.3305459518474,0.0,295.0956170946424,654.3305459518474,0.0,220.74979446324292,654.3305459518474,0.0,267.6004841610506,654.3305459518474
0.0,330.3906736033871,654.3305459518474,0.0,291.75304379928565,654.3305459518474,0.0,275.7497765289368,654.3305459518474,0.0,297.43459686958397,654.3305459518474,0.0,251.40036492993548,654.3305459518474,0.0,282.01031294462535,654.3305459518474
0.0,314.0303554091782,654.3305459518474,0.0,282.2900884188103,654.3305459518474,0.0,271.16145493012584,654.3305459518474,0.0,287.730987586498,654.3305459518474,0.0,225.7344662864732,654.3305459518474,0.0,275.3551049139309,654.3305459518474
0.0,281.3396575807795,654.3305459518474,0.0,257.932816959697,654.3305459518474,0.0,245.72835032916242,654.3305459518474,0.0,263.2148403157343,654.3305459518474,0.0,160.15321690805277,654.3305459518474,0.0,249.8999216130603,654.3305459518474
0.0,235.44875946154275,654.3305459518474,0.0,213.1381520728043,654.3305459518474,0.0,191.75872085406104,654.3305459518474,0.0,221.38361910043108,654.3305459518474,0.0,98.47444723132882,652.8049931831762,0.0,207.76984798452173,654.3305459518474
0.0,167.82438096055935,654.3305459518474,0.0,149.58131033586633,654.3305459518474,0.0,136.99003195043764,654.3305459518474,0.0,163.02852350899852,654.3305459518474,0.0,59.888301500198445,612.6932946833746,0.0,146.78009969475403,654.3305459518474
0.0,90.8440833598098,654.3305459518474,0.0,88.6497605567233,654.3305459518474,0.0,75.86030705908495,654.3305459518474,0.0,95.91521364427044,654.3305459518474,0.0,36.99403039579961,642.2885190000143,0.0,74.00581457920643,654.3305459518474
0.0,38.063682286951384,654.3305459518474,0.0,46.084037403206196,654.3305459518474,0.0,30.26508186324176,654.3305459518474,0.0,49.76626329278592,654.3305459518474,0.0,18.952314373157968,654.3305459518474,0.0,25.280410040011482,654.3305459518474
0.0,11.697900635564432,654.3305459518474,0.0,27.353299993608367,654.3305459518474,0.0,9.020769146828293,654.3305459518474,0.0,29.44844637609752,654.3305459518474,0.0,13.734848507428882,654.3305459518474,0.0,6.227240636842756,654.3305459518474
0.0,6.809225743089744,654.3305459518474,0.0,26.014734249240302,654.3305459518474,0.0,10.533930423070458,654.3305459518474,0.0,26.014734249240302,654.3305459518474,0.0,15.364406804920447,654.3305459518474,0.0,4.015697233104208,654.3305459518474
0.0,3.1427195737337277,654.3305459518474,0.0,26.072932759865,654.3305459518474,0.0,13.676649996804183,654.3305459518474,0.0,24.035984888000545,654.3305459518474,0.0,19.089111484901164,654.3305459518474,0.0,3.084521063109029,654.3305459518474
0.0,0.9893746806198773,654.3305459518474,0.0,28.459071695477647,654.3305459518474,0.0,16.702972549288514,654.3305459518474,0.0,23.395801271128864,654.3305459518474,0.0,17.983339783031887,654.3305459518474,0.0,2.2115434037385495,654.3305459518474
0.0,0.174595531874096,654.3305459518474,0.0,33.23134956670293,654.3305459518474,0.0,19.089111484901164,654.3305459518474,0.0,23.919587866751147,654.3305459518474,0.0,15.771796379293338,654.3305459518474,0.0,2.560734467486741,654.3305459518474
0.0,0.05819851062469866,654.3305459518474,0.0,35.67568701294028,654.3305459518474,0.0,22.63922063300778,654.3305459518474,0.0,24.559771483622836,654.3305459518474,0.0,14.142238081801773,654.3305459518474,0.0,4.597682339351194,654.3305459518474
0.0,0.0,654.3305459518474,0.0,37.188848289182445,654.3305459518474,0.0,27.236902972358976,654.3305459518474,0.0,24.152381909249943,654.3305459518474,0.0,14.200436592426472,654.3305459518474,0.0,6.92562276433914,654.3305459518474
0.0,0.0,654.3305459518474,0.0,39.633185735419794,654.3305459518474,0.0,29.681240418596317,654.3305459518474,0.0,22.75561765425718,654.3305459518474,0.0,14.433230634925268,654.3305459518474,0.0,10.184739359322265,654.3305459518474
0.0,0.0,654.3305459518474,0.0,41.26274403291135,654.3305459518474,0.0,32.183776375458365,654.3305459518474,0.0,20.77686829301742,654.3305459518474,0.0,11.988893188687923,654.3305459518474,0.0,12.978267869307802,654.3305459518474
0.0,0.0,654.3305459518474,0.0,41.78653062853363,654.3305459518474,0.0,31.834585311710175,654.3305459518474,0.0,20.77686829301742,654.3305459518474,0.0,9.544555742450582,654.3305459518474,0.0,15.829994889918037,654.3305459518474
0.0,7.850617683635874,654.3305459518474,0.0,50.253752348705646,654.3305459518474,0.0,35.98407789570088,654.3305459518474,0.0,28.336493423529802,654.3305459518474,0.0,12.177707560357373,654.3305459518474,0.0,26.035312068719158,654.3305459518474
0.0,39.59441962181571,654.3305459518474,0.0,89.80569318012036,654.3305459518474,0.0,65.651632661457,654.3305459518474,0.0,59.380412353784905,654.3305459518474,0.0,25.539963152687573,654.3305459518474,0.0,64.85425184234833,654.3305459518474
0.0,80.21283285454044,654.3305459518474,0.0,155.48126087988305,654.3305459518474,0.0,131.87456653717754,654.3305459518474,0.0,109.65209621908282,654.3305459518474,0.0,43.06107206954868,654.3305459518474,0.0,131.61669203391486,654.3305459518474
0.0,106.49533553453882,654.3305459518474,0.0,217.1096919060941,654.3305459518474,0.0,197.0798657816725,654.3305459518474,0.0,149.82382057687542,654.3305459518474,0.0,51.92314313371163,654.3305459518474,0.0,193.28910273095528,654.3305459518474
0.0,123.62009422698061,654.3305459518474,0.0,268.9055763975878,654.3305459518474,0.0,233.8964766137264,654.3305459518474,0.0,156.12197768370987,654.3305459518474,0.0,53.46156259970275,607.7921085515502,0.0,241.87453066856528,654.3305459518474
0.0,165.72022929550013,654.3305459518474,0.0,304.5125587369049,654.3305459518474,0.0,258.0995526314593,654.3305459518474,0.0,125.31253140536698,654.3305459518474,0.0,60.62165801595409,568.4137665675042,0.0,280.35999909866996,654.3305459518474
0.0,196.49823613339564,654.3305459518474,0.0,316.29409380182807,654.3305459518474,0.0,257.11803781095125,654.3305459518474,0.0,130.82098982421957,654.3305459518474,0.0,82.60833253069329,551.0220990981975,0.0,297.69079276343325,654.3305459518474
0.0,208.84435797492867,654.3305459518474,0.0,310.95404966415117,654.3305459518474,0.0,264.22779457668975,654.3305459518474,0.0,171.78223514100898,654.3305459518474,0.0,117.36741767140386,564.9160332353206,0.0,299.7277406352977,654.3305459518474
0.0,216.07051176191655,654.3305459518474,0.0,290.0810067113931,654.3305459518474,0.0,249.108544315665,654.3305459518474,0.0,219.17375430610596,654.3305459518474,0.0,123.83548993984233,583.9844251871945,0.0,281.85894153511674,654.3305459518474
0.0,212.66505958566498,654.3305459518474,0.0,259.10482476128794,654.3305459518474,0.0,235.42067723992216,654.3305459518474,0.0,237.66851818336326,654.3305459518474,0.0,86.1444005679896,570.128825755184,0.0,247.16423615572936,654.3305459518474
0.0,183.7336853675361,654.3305459518474,0.0,211.50409113402768,654.3305459518474,0.0,188.91467596457758,654.3305459518474,0.0,191.0257197962755,654.3305459518474,0.0,88.06495141860466,558.1937771737887,0.0,204.1611848678203,654.3305459518474
0.0,132.43332752105908,654.3305459518474,0.0,144.48995768989695,654.3305459518474,0.0,141.2022256863381,654.3305459518474,0.0,42.74967942593138,597.0802253777788,0.0,78.31100348500578,536.5047806587945,0.0,152.86082702134325,654.3305459518474
0.0,66.8898765627695,654.3305459518474,0.0,70.08293478701607,654.3305459518474,0.0,87.90421926855582,654.3305459518474,0.0,11.742058035378834,606.4738718060819,0.0,54.062269187030125,579.7545960084186,0.0,96.21088656766402,654.3305459518474
0.0,21.635982570562664,654.3305459518474,0.0,17.22225650362576,654.3305459518474,0.0,44.76437086890358,654.3305459518474,0.0,13.074264800063402,616.9332836461326,0.0,29.565021126331978,603.4066129094842,0.0,47.896051092683706,654.3305459518474
0.0,0.174595531874096,654.3305459518474,0.0,0.40738957437289064,654.3305459518474,0.0,24.035984888000545,654.3305459518474,0.0,10.650327444319855,625.4535456015885,0.0,19.438302548649354,618.9572549484037,0.0,25.14175658986982,654.3305459518474
0.0,0.0,654.3305459518474,0.0,0.2909925531234933,654.3305459518474,0.0,25.607344674867413,654.3305459518474,0.0,10.88312148681865,634.1600427910435,0.0,22.581022122383082,637.0220726463102,0.0,20.42767722926923,654.3305459518474
0.0,0.0,654.3305459518474,0.0,0.349191063748192,654.3305459518474,0.0,26.422123823613195,654.3305459518474,0.0,11.34870957181624,643.2390104484964,0.0,25.72374169611681,654.3305459518474,0.0,17.2267591449108,654.3305459518474
0.0,0.23279404249879465,654.3305459518474,0.0,0.8147791487457813,654.3305459518474,0.0,27.00410892986018,654.3305459518474,0.0,11.232312550566842,652.2248604889498,0.0,28.750064248601138,654.3305459518474,0.0,14.607826166799367,654.3305459518474
0.0,3.4337121268572206,654.3305459518474,0.0,2.15334489311385,654.3305459518474,0.0,26.713116376736686,654.3305459518474,0.0,9.078967657452992,654.3305459518474,0.0,29.85583595047041,654.3305459518474,0.0,13.0946648905572,654.3305459518474
0.0,8.555181061830703,654.3305459518474,0.0,4.3066897862277,654.3305459518474,0.0,28.575468716727045,654.3305459518474,0.0,11.639702124939733,654.3305459518474,0.0,30.612416588591497,654.3305459518474,0.0,12.105290209937321,654.3305459518474
0.0,13.385657443680692,654.3305459518474,0.0,6.809225743089744,654.3305459518474,0.0,28.575468716727045,654.3305459518474,0.0,11.406908082440939,654.3305459518474,0.0,32.88215850295474,654.3305459518474,0.0,12.978267869307802,654.3305459518474
0.0,17.92514127240719,654.3305459518474,0.0,6.692828721840346,654.3305459518474,0.0,27.818888078605962,654.3305459518474,0.0,18.623523399903572,654.3305459518474,0.0,33.638739141075824,654.3305459518474,0.0,13.96764254992768,654.3305459518474
0.0,20.136684676145737,654.3305459518474,0.0,5.296064466847579,654.3305459518474,0.0,26.771314887361385,654.3305459518474,0.0,22.17363254801019,654.3305459518474,0.0,33.23134956670293,654.3305459518474,0.0,14.491429145549967,654.3305459518474
0.0,23.279404249879466,654.3305459518474,0.0,4.539483828726496,654.3305459518474,0.0,25.72374169611681,654.3305459518474,0.0,20.602272761143325,654.3305459518474,0.0,32.59116594983125,654.3305459518474,0.0,15.829994889918037,654.3305459518474
0.0,32.592844559244654,654.3305459518474,0.0,14.22101441190533,654.3305459518474,0.0,34.9743031245872,654.3305459518474,0.0,20.893265314266817,654.3305459518474,0.0,38.41269562171452,654.3305459518474,0.0,25.270871570486225,654.3305459518474
0.0,72.16518548115316,654.3305459518474,0.0,53.33094673865801,654.3305459518474,0.0,73.26159644248224,654.3305459518474,0.0,41.01758748901567,654.3305459518474,0.0,72.81640844797846,654.3305459518474,0.0,63.67456190963067,654.3305459518474
0.0,128.08680524731696,654.3305459518474,0.0,123.87796873024331,654.3305459518474,0.0,142.73578705307403,654.3305459518474,0.0,93.41567944826508,654.3305459518474,0.0,130.0137150776155,654.3305459518474,0.0,130.09099052729073,654.3305459518474
0.0,151.33812727557583,654.3305459518474,0.0,188.60664053978712,654.3305459518474,0.0,203.7680141332428,654.3305459518474,0.0,134.03709444184653,654.3305459518474,0.0,186.91216929401725,654.3305459518474,0.0,193.26870264046144,654.3305459518474
0.0,153.60468970009734,654.3305459518474,0.0,238.7319888238166,654.3305459518474,0.0,248.11749102563175,654.3305459518474,0.0,197.91786905278371,654.3305459518474,0.0,236.96041985735656,654.3305459518474,0.0,243.19269632243953,654.3305459518474
0.0,193.65365805695703,654.3305459518474,0.0,275.2512481230635,654.3305459518474,0.0,281.4783110309212,654.3305459518474,0.0,232.91610721567662,654.3305459518474,0.0,274.66254857916283,654.3305459518474,0.0,278.4126891778776,654.3305459518474
0.0,284.1300066009233,654.3305459518474,0.0,297.08222631599403,654.3305459518474,0.0,289.3478279246225,654.3305459518474,0.0,247.99287868630034,654.3305459518474,0.0,290.0963709736467,654.3305459518474,0.0,301.50363451405775,654.3305459518474
0.0,324.35674997949883,654.3305459518474,0.0,304.17776424193715,654.3305459518474,0.0,285.3210913415647,654.3305459518474,0.0,240.45683313612352,654.3305459518474,0.0,295.30915646910563,654.3305459518474,0.0,304.02506968098515,654.3305459518474
0.0,312.002768277854,654.3305459518474,0.0,294.7069490013499,654.3305459518474,0.0,272.1680502113977,654.3305459518474,0.0,240.43007406594623,654.3305459518474,0.0,285.4608902141646,654.3305459518474,0.0,293.6891366411394,654.3305459518474
0.0,269.35994740364674,654.3305459518474,0.0,268.7783177553698,654.3305459518474,0.0,245.28466321508694,654.3305459518474,0.0,238.33960805372715,654.3305459518474,0.0,251.91761481688917,654.3305459518474,0.0,272.2921293637739,654.3305459518474
0.0,232.6361540125067,654.3305459518474,0.0,225.67458916643508,654.3305459518474,0.0,211.03196634036155,654.3305459518474,0.0,208.65165319747723,654.3305459518474,0.0,208.92560287893372,654.3305459518474,0.0,228.3090641357852,654.3305459518474
0.0,165.35928796585813,654.3305459518474,0.0,164.94121449950177,654.3305459518474,0.0,158.37096404960923,654.3305459518474,0.0,156.3194418799793,654.3305459518474,0.0,154.82067717251758,654.3305459518474,0.0,177.17226247122866,654.3305459518474
0.0,116.04871883057442,654.3305459518474,0.0,94.35171371751542,654.3305459518474,0.0,97.74294705397163,654.3305459518474,0.0,115.70102864725459,654.3305459518474,0.0,99.96703068809214,654.3305459518474,0.0,109.79003875328426,654.3305459518474
0.0,72.49362099643744,654.3305459518474,0.0,49.56490869073451,654.3305459518474,0.0,53.467388392431076,654.3305459518474,0.0,78.49592745089326,654.3305459518474,0.0,56.07060165031883,654.3305459518474,0.0,59.035546202336704,654.3305459518474
0.0,48.53755786099868,654.3305459518474,0.0,38.06182594855293,654.3305459518474,0.0,35.15190041731799,654.3305459518474,0.0,57.616525518451674,654.3305459518474,0.0,32.940357013579444,654.3305459518474,0.0,39.1093991397975,654.3305459518474
0.0,46.20961743601074,654.3305459518474,0.0,42.193920202906526,654.3305459518474,0.0,36.83965722543426,654.3305459518474,0.0,57.383731475952885,654.3305459518474,0.0,29.681240418596317,654.3305459518474,0.0,36.95605424668366,654.3305459518474
0.0,42.019324671032436,654.3305459518474,0.0,44.521860627894476,654.3305459518474,0.0,37.65443637418004,654.3305459518474,0.0,57.09273892282938,654.3305459518474,0.0,28.575468716727045,654.3305459518474,0.0,34.8609078641945,654.3305459518474
0.0,40.04057530979268,654.3305459518474,0.0,45.27844126601556,654.3305459518474,0.0,37.94542892730353,654.3305459518474,0.0,56.7435478590812,654.3305459518474,0.0,28.22627765297885,654.3305459518474,0.0,34.33712126857221,654.3305459518474
0.0,42.135721692281834,654.3305459518474,0.0,44.114471053521584,654.3305459518474,0.0,38.06182594855293,654.3305459518474,0.0,56.33615828470831,654.3305459518474,0.0,27.29510148298367,654.3305459518474,0.0,38.17822296980233,654.3305459518474
0.0,41.55373658603484,654.3305459518474,0.0,42.42671424540532,654.3305459518474,0.0,37.36344382105654,654.3305459518474,0.0,55.695974667836616,654.3305459518474,0.0,25.549146164242714,654.3305459518474,0.0,43.823478500398096,654.3305459518474
0.0,39.400391692921,654.3305459518474,0.0,42.48491275603003,654.3305459518474,0.0,34.802709353569796,654.3305459518474,0.0,54.76479849784145,654.3305459518474,0.0,26.48032233423789,654.3305459518474,0.0,43.76527998977339,654.3305459518474
0.0,35.50109148106618,654.3305459518474,0.0,45.220242755390856,654.3305459518474,0.0,33.40594509857703,654.3305459518474,0.0,53.54262977472277,654.3305459518474,0.0,27.12050595110958,654.3305459518474,0.0,41.72833211790894,654.3305459518474
0.0,31.25260020546318,654.3305459518474,0.0,47.25719062725532,654.3305459518474,0.0,34.162525736698115,654.3305459518474,0.0,52.14586551973,654.3305459518474,0.0,27.469697014857765,654.3305459518474,0.0,39.1675976504222,654.3305459518474
0.0,27.70249105735656,654.3305459518474,0.0,47.43178615912941,654.3305459518474,0.0,35.55928999169088,654.3305459518474,0.0,50.92369679661133,654.3305459518474,0.0,27.76068956798126,654.3305459518474,0.0,35.908481055439076,654.3305459518474
0.0,32.616424139580204,654.3305459518474,0.0,55.092088590667494,654.3305459518474,0.0,43.661600927891,654.3305459518474,0.0,59.63475190923573,654.3305459518474,0.0,31.034025002759737,654.3305459518474,0.0,41.566454545401854,654.3305459518474
0.0,60.81947767019362,654.3305459518474,0.0,94.65974914230591,654.3305459518474,0.0,79.45421814903585,654.3305459518474,0.0,95.69478210316854,654.3305459518474,0.0,50.22884961692681,654.3305459518474,0.0,77.71612269040675,654.3305459518474
0.0,92.03163315263933,654.3305459518474,0.0,162.9684686599754,654.3305459518474,0.0,147.56158306465395,654.3305459518474,0.0,156.79306755407382,654.3305459518474,0.0,90.09704119121396,654.3305459518474,0.0,140.21903225641665,654.3305459518474
0.0,172.411201678942,654.3305459518474,0.0,223.8796183486246,654.3305459518474,0.0,207.67367332478108,654.3305459518474,0.0,214.776893381851,654.3305459518474,0.0,149.64286606531783,654.3305459518474,0.0,200.4757794883988,654.3305459518474
0.0,234.24248818763283,654.3305459518474,0.0,271.77770350869184,654.3305459518474,0.0,251.46324381083025,654.3305459518474,0.0,263.3544614593492,654.3305459518474,0.0,219.1501747257704,654.3305459518474,0.0,244.48392517715146,654.3305459518474
0.0,265.6795778524655,654.3305459518474,0.0,304.92930905181805,654.3305459518474,0.0,277.88740170182695,654.3305459518474,0.0,294.1088887169091,654.3305459518474,0.0,243.96199491992763,654.3305459518474,0.0,276.57223780880935,654.3305459518474
0.0,253.2752575003078,654.3305459518474,0.0,323.0859212152807,654.3305459518474,0.0,290.6394122373045,654.3305459518474,0.0,310.2521325888429,654.3305459518474,0.0,253.2975139292,654.3305459518474,0.0,294.6077725807526,654.3305459518474
0.0,248.63341776114214,654.3305459518474,0.0,326.12328311771864,654.3305459518474,0.0,289.7082360673093,654.3305459518474,0.0,306.0743800542466,654.3305459518474,0.0,234.09332857449274,654.3305459518474,0.0,298.0981823378061,654.3305459518474
0.0,270.0381071696344,654.3305459518474,0.0,313.75040220600835,654.3305459518474,0.0,275.03567468121673,654.3305459518474,0.0,268.69786281585294,654.3305459518474,0.0,230.75393476897773,654.3305459518474,0.0,287.4398173043894,654.3305459518474
0.0,238.7110555463676,654.3305459518474,0.0,286.2582710332732,654.3305459518474,0.0,242.02872610994558,654.3305459518474,0.0,210.88863251994977,654.3305459518474,0.0,223.01335512690775,654.3305459518474,0.0,263.272861097374,654.3305459518474
0.0,186.24036850771307,654.3305459518474,0.0,242.38224208599374,654.3305459518474,0.0,191.11367913793418,654.3305459518474,0.0,139.48735435007438,654.3305459518474,0.0,172.65203331053772,654.3305459518474,0.0,219.42359122027176,654.3305459518474
0.0,135.68087157913345,654.3305459518474,0.0,182.32366996622116,654.3305459518474,0.0,129.54344662234783,654.3305459518474,0.0,119.52490974783264,654.3305459518474,0.0,120.15308632127754,654.3305459518474,0.0,157.73078043273753,654.3305459518474
0.0,68.38360544199104,654.3305459518474,0.0,112.6842445642955,654.3305459518474,0.0,77.20337544473804,654.3305459518474,0.0,109.21891526800582,654.3305459518474,0.0,53.39382561955281,654.3305459518474,0.0,89.63763435691483,654.3305459518474
0.0,47.6819785312653,654.3305459518474,0.0,63.97455974532424,654.3305459518474,0.0,44.59763519714134,654.3305459518474,0.0,75.73701787119688,654.3305459518474,0.0,10.554508242549312,654.3305459518474,0.0,37.272482718541156,654.3305459518474
0.0,41.08814850103725,654.3305459518474,0.0,46.907999563507126,654.3305459518474,0.0,18.856317442402368,654.3305459518474,0.0,51.68027743473242,654.3305459518474,0.0,3.9574987224795093,654.3305459518474,0.0,8.787975104329497,654.3305459518474
0.0,41.32094254353605,654.3305459518474,0.0,48.24656530787519,654.3305459518474,0.0,14.607826166799367,654.3305459518474,0.0,50.63270424348784,654.3305459518474,0.0,9.835548295574075,654.3305459518474,0.0,1.6295582974915626,654.3305459518474
0.0,42.019324671032436,654.3305459518474,0.0,49.11954296724567,654.3305459518474,0.0,11.174114039942143,654.3305459518474,0.0,49.58513105224326,654.3305459518474,0.0,19.787493612397544,654.3305459518474,0.0,0.11639702124939733,654.3305459518474
0.0,43.64888296852399,654.3305459518474,0.0,50.45810871161374,654.3305459518474,0.0,6.227240636842756,654.3305459518474,0.0,47.7227787122529,654.3305459518474,0.0,28.575468716727045,654.3305459518474,0.0,0.0,654.3305459518474
0.0,45.220242755390856,654.3305459518474,0.0,50.34171169036434,654.3305459518474,0.0,0.9311761699951786,654.3305459518474,0.0,45.45303679788965,654.3305459518474,0.0,34.4535182898216,654.3305459518474,0.0,0.0,654.3305459518474
0.0,45.39483828726496,654.3305459518474,0.0,48.24656530787519,654.3305459518474,0.0,0.349191063748192,654.3305459518474,0.0,44.58005913851918,654.3305459518474,0.0,40.38976637354087,654.3305459518474,0.0,0.0,654.3305459518474
0.0,44.98744871289207,654.3305459518474,0.0,45.45303679788965,654.3305459518474,0.0,0.40738957437289064,654.3305459518474,0.0,44.81285318101797,654.3305459518474,0.0,46.67520552100833,654.3305459518474,0.0,0.05819851062469866,654.3305459518474
0.0,43.76527998977339,654.3305459518474,0.0,43.12509637290171,654.3305459518474,0.0,1.5131612762421651,654.3305459518474,0.0,45.39483828726496,654.3305459518474,0.0,46.03502190413665,654.3305459518474,0.0,0.8147791487457813,654.3305459518474
0.0,42.95050084102761,654.3305459518474,0.0,40.447964884165565,654.3305459518474,0.0,1.74595531874096,654.3305459518474,0.0,45.336639776640254,654.3305459518474,0.0,34.744510842945104,654.3305459518474,0.0,2.793528509985536,654.3305459518474
0.0,40.85535445853846,654.3305459518474,0.0,38.469215522925815,654.3305459518474,0.0,1.3385657443680692,654.3305459518474,0.0,44.114471053521584,654.3305459518474,0.0,20.136684676145737,654.3305459518474,0.0,5.9362480837192635,654.3305459518474
0.0,47.49166327916752,654.3305459518474,0.0,44.127189012888586,654.3305459518474,0.0,9.530514631640285,654.3305459518474,0.0,43.47746692649165,654.3305459518474,0.0,24.514290932365142,654.3305459518474,0.0,12.775412386828059,654.3305459518474
0.0,79.24014558761743,654.3305459518474,0.0,73.95679908013688,654.3305459518474,0.0,43.338023511861884,654.3305459518474,0.0,56.6950655469668,654.3305459518474,0.0,66.91795878439008,654.3305459518474,0.0,53.379606779757445,654.3305459518474
0.0,145.75407201646146,654.3305459518474,0.0,132.70674401556042,654.3305459518474,0.0,90.76734109708975,654.3305459518474,0.0,76.24844196542227,654.3305459518474,0.0,144.2064695389152,654.3305459518474,0.0,115.16205551836374,654.3305459518474
0.0,207.7992533575856,654.3305459518474,0.0,195.51486497448917,654.3305459518474,0.0,152.93209894930507,654.3305459518474,0.0,107.47145906883651,654.3305459518474,0.0,214.1477491149329,654.3305459518474,0.0,173.80646505350643,654.3305459518474
0.0,232.3404810891131,654.3305459518474,0.0,246.57924928862568,654.3305459518474,0.0,204.9151192030548,654.3305459518474,0.0,141.79639556499689,654.3305459518474,0.0,262.00485636502754,654.3305459518474,0.0,222.160599829046,654.3305459518474
0.0,225.64597375785937,654.3305459518474,0.0,281.19367745748116,654.3305459518474,0.0,233.12921208362184,654.3305459518474,0.0,172.37304780084102,654.3305459518474,0.0,287.3294238048534,654.3305459518474,0.0,251.93501314652627,654.3305459518474
0.0,221.84885172745857,654.3305459518474,0.0,300.9719880583236,654.3305459518474,0.0,254.97440911634772,654.3305459518474,0.0,211.45940054725816,654.3305459518474,0.0,287.5464981271284,654.3305459518474,0.0,277.6480709506596,654.3305459518474
0.0,249.97798702722358,654.3305459518474,0.0,306.08877662302694,654.3305459518474,0.0,266.97919975424446,654.3305459518474,0.0,256.69757481924125,654.3305459518474,0.0,293.8603749541866,654.3305459518474,0.0,300.87113302831284,654.3305459518474
0.0,260.56711420006206,654.3305459518474,0.0,294.4724763494378,654.3305459518474,0.0,259.49349285458044,654.3305459518474,0.0,281.33947985179447,654.3305459518474,0.0,277.212243696696,654.3305459518474,0.0,296.0893166875623,654.3305459518474
0.0,158.24485082984953,654.3305459518474,0.0,267.6126689334625,654.3305459518474,0.0,232.93253785184055,654.3305459518474,0.0,278.10076334730513,654.3305459518474,0.0,247.05084089533665,654.3305459518474,0.0,273.3254837152232,654.3305459518474
0.0,124.70475492241587,654.3305459518474,0.0,225.35047856345082,654.3305459518474,0.0,186.14022439364257,654.3305459518474,0.0,239.58067598691133,654.3305459518474,0.0,211.50991692675603,654.3305459518474,0.0,232.74636978305767,654.3305459518474
0.0,165.93977219167675,654.3305459518474,0.0,166.19950303333792,654.3305459518474,0.0,123.47208003629878,654.3305459518474,0.0,182.38804972754434,654.3305459518474,0.0,164.68616402811068,654.3305459518474,0.0,174.64614693403107,654.3305459518474
0.0,115.44951312367539,654.3305459518474,0.0,96.52077833085298,654.3305459518474,0.0,75.01090898005002,654.3305459518474,0.0,118.05422726199147,654.3305459518474,0.0,112.37435280110655,654.3305459518474,0.0,102.89903491923428,654.3305459518474
0.0,59.03872569217845,654.3305459518474,0.0,47.406883427350564,654.3305459518474,0.0,29.376384483647584,654.3305459518474,0.0,69.31628249241456,654.3305459518474,0.0,69.33200221263826,654.3305459518474,0.0,45.443853786334515,654.3305459518474
0.0,31.659989779836074,654.3305459518474,0.0,26.1311312704897,654.3305459518474,0.0,5.23786595622288,654.3305459518474,0.0,43.00869935165231,654.3305459518474,0.0,48.47935935037398,654.3305459518474,0.0,18.216133825530683,654.3305459518474
0.0,28.691865737976443,654.3305459518474,0.0,24.734367015496932,654.3305459518474,0.0,3.084521063109029,654.3305459518474,0.0,32.940357013579444,654.3305459518474,0.0,48.24656530787519,654.3305459518474,0.0,11.34870957181624,654.3305459518474
0.0,21.358853399264408,654.3305459518474,0.0,21.882639994886695,654.3305459518474,0.0,1.74595531874096,654.3305459518474,0.0,25.898337227990908,654.3305459518474,0.0,47.839175733502294,654.3305459518474,0.0,8.031394466208416,654.3305459518474
0.0,14.025841060552379,654.3305459518474,0.0,17.75054574053309,654.3305459518474,0.0,1.1057717018692748,654.3305459518474,0.0,21.358853399264408,654.3305459518474,0.0,46.09322041476134,654.3305459518474,0.0,4.946873403099386,654.3305459518474
0.0,9.893746806198772,654.3305459518474,0.0,12.803672337433706,654.3305459518474,0.0,0.9311761699951786,654.3305459518474,0.0,18.79811893177767,654.3305459518474,0.0,42.48491275603003,654.3305459518474,0.0,2.793528509985536,654.3305459518474
0.0,6.867424253714441,654.3305459518474,0.0,9.60275425307528,654.3305459518474,0.0,1.1057717018692748,654.3305459518474,0.0,26.422123823613195,654.3305459518474,0.0,38.76020807604931,654.3305459518474,0.0,1.9787493612397546,654.3305459518474
0.0,4.888674892474688,654.3305459518474,0.0,8.32238701933191,654.3305459518474,0.0,1.6295582974915626,654.3305459518474,0.0,35.67568701294028,654.3305459518474,0.0,35.326495949192086,654.3305459518474,0.0,1.8623523399903572,654.3305459518474
0.0,2.6771314887361384,654.3305459518474,0.0,9.253563189327087,654.3305459518474,0.0,2.9681240418596317,654.3305459518474,0.0,40.09877382041737,654.3305459518474,0.0,32.47476892858185,654.3305459518474,0.0,2.560734467486741,654.3305459518474
0.0,2.0951463824891516,654.3305459518474,0.0,12.279885741811418,654.3305459518474,0.0,3.6665061693560155,654.3305459518474,0.0,41.26274403291135,654.3305459518474,0.0,28.750064248601138,654.3305459518474,0.0,2.3861389356126455,654.3305459518474
0.0,2.3279404249879465,654.3305459518474,0.0,15.24800978367105,654.3305459518474,0.0,1.9787493612397546,654.3305459518474,0.0,40.73895743728906,654.3305459518474,0.0,24.152381909249943,654.3305459518474,0.0,1.396764254992768,654.3305459518474
0.0,4.182432904866454,654.3305459518474,0.0,25.736459655483817,654.3305459518474,0.0,10.395632430898917,654.3305459518474,0.0,49.68280659241226,654.3305459518474,0.0,27.75768780712457,654.3305459518474,0.0,10.422391501076216,654.3305459518474
0.0,14.988634399980013,654.3305459518474,0.0,56.140194968867235,654.3305459518474,0.0,41.66598642396931,654.3305459518474,0.0,86.67401295634025,654.3305459518474,0.0,63.61636339900596,654.3305459518474,0.0,47.56143432670099,654.3305459518474
0.0,34.21957882486458,654.3305459518474,0.0,118.97507499797328,654.3305459518474,0.0,74.52659941397204,654.3305459518474,0.0,153.2225583154734,654.3305459518474,0.0,126.24988882606063,654.3305459518474,0.0,112.29796599635664,654.3305459518474
0.0,60.73169605751999,654.3305459518474,0.0,181.68719902614643,654.3305459518474,0.0,108.54332275635687,654.3305459518474,0.0,213.26541071502226,654.3305459518474,0.0,178.7205758647151,654.3305459518474,0.0,171.34826422544387,654.3305459518474
0.0,96.03028751407653,650.360833465924,0.0,228.4684731343908,654.3305459518474,0.0,100.10754047663224,654.3305459518474,0.0,259.2822443250337,654.3305459518474,0.0,221.70790743240048,654.3305459518474,0.0,217.42797671635006,654.3305459518474
0.0,98.61928193216893,648.980115398093,0.0,259.37391634348927,654.3305459518474,0.0,83.10067968586819,637.4312256377156,0.0,288.7484444887384,654.3305459518474,0.0,256.0030830975269,654.3305459518474,0.0,245.07580421089378,654.3305459518474
0.0,117.69135054540308,654.3305459518474,0.0,277.9536378015486,654.3305459518474,0.0,114.77524376346972,649.2514206484914,0.0,303.5956014067051,654.3305459518474,0.0,271.7310775349759,654.3305459518474,0.0,224.25460078907693,654.3305459518474
0.0,190.13216431742617,654.3305459518474,0.0,285.8136162257246,654.3305459518474,0.0,136.02105736031154,654.3305459518474,0.0,301.53507395450515,654.3305459518474,0.0,272.0959883189478,654.3305459518474,0.0,190.46281162907903,654.3305459518474
0.0,179.2346462618271,654.3305459518474,0.0,279.4273220482464,654.3305459518474,0.0,120.47852007570513,654.3305459518474,0.0,278.843658332586,654.3305459518474,0.0,260.68572301768006,654.3305459518474,0.0,177.73287979350866,654.3305459518474
0.0,177.2731175012394,654.3305459518474,0.0,256.67602930628925,654.3305459518474,0.0,122.93221826248268,654.3305459518474,0.0,249.81478630327325,654.3305459518474,0.0,219.88635527339773,654.3305459518474,0.0,133.4462817820145,654.3305459518474
0.0,179.53650043591915,654.3305459518474,0.0,214.56485488781615,654.3305459518474,0.0,175.54120329330874,654.3305459518474,0.0,205.99227549634833,654.3305459518474,0.0,196.24636515184633,654.3305459518474,0.0,96.23800109581143,650.5685470476589
0.0,104.66221083862727,654.3305459518474,0.0,155.8480280022534,654.3305459518474,0.0,161.942974168638,654.3305459518474,0.0,152.93024261090662,654.3305459518474,0.0,143.28968993770042,654.3305459518474,0.0,59.28927352228447,609.8578205699433
0.0,86.579516906013,654.3305459518474,0.0,85.12173010852388,654.3305459518474,0.0,109.27729150761559,654.3305459518474,0.0,83.95307952575982,654.3305459518474,0.0,76.55082932646948,654.3305459518474,0.0,46.86137358979119,647.3469194417763
0.0,64.85071689453648,654.3305459518474,0.0,30.98386408123195,654.3305459518474,0.0,65.20308744812641,654.3305459518474,0.0,33.05075051311545,654.3305459518474,0.0,28.685862216263054,654.3305459518474,0.0,27.630429164906626,654.3305459518474
0.0,44.98744871289207,654.3305459518474,0.0,7.624004891835525,654.3305459518474,0.0,44.92925020226737,654.3305459518474,0.0,9.020769146828293,654.3305459518474,0.0,5.878049573094565,654.3305459518474,0.0,5.9362480837192635,654.3305459518474
0.0,43.12509637290171,654.3305459518474,0.0,5.063270424348783,654.3305459518474,0.0,48.421160839749284,654.3305459518474,0.0,9.428158721201184,654.3305459518474,0.0,4.132094254353605,654.3305459518474,0.0,3.6665061693560155,654.3305459518474
0.0,43.5324859472746,654.3305459518474,0.0,3.899300211854811,654.3305459518474,0.0,50.10891764786555,654.3305459518474,0.0,11.75609914618913,654.3305459518474,0.0,2.61893297811144,654.3305459518474,0.0,1.9787493612397546,654.3305459518474
0.0,43.64888296852399,654.3305459518474,0.0,3.3755136162325226,654.3305459518474,0.0,49.58513105224326,654.3305459518474,0.0,13.85124552867828,654.3305459518474,0.0,0.9893746806198773,654.3305459518474,0.0,0.6401836168716852,654.3305459518474
0.0,41.72833211790894,654.3305459518474,0.0,3.4337121268572206,654.3305459518474,0.0,48.886748924746875,654.3305459518474,0.0,14.666024677424062,654.3305459518474,0.0,0.23279404249879465,654.3305459518474,0.0,0.11639702124939733,654.3305459518474
0.0,38.41101701230112,654.3305459518474,0.0,3.899300211854811,654.3305459518474,0.0,47.25719062725532,654.3305459518474,0.0,14.607826166799367,654.3305459518474,0.0,0.174595531874096,654.3305459518474,0.0,0.05819851062469866,654.3305459518474
0.0,34.8609078641945,654.3305459518474,0.0,4.772277871225291,654.3305459518474,0.0,44.638257649143874,654.3305459518474,0.0,15.71359786866864,654.3305459518474,0.0,0.4655880849975893,654.3305459518474,0.0,0.05819851062469866,654.3305459518474
0.0,30.263225524843307,654.3305459518474,0.0,4.830476381849989,654.3305459518474,0.0,42.193920202906526,654.3305459518474,0.0,18.565324889278873,654.3305459518474,0.0,1.5131612762421651,654.3305459518474,0.0,0.0,654.3305459518474
0.0,24.734367015496932,654.3305459518474,0.0,5.412461488096976,654.3305459518474,0.0,39.633185735419794,654.3305459518474,0.0,21.358853399264408,654.3305459518474,0.0,3.899300211854811,654.3305459518474,0.0,0.0,654.3305459518474
0.0,22.75561765425718,654.3305459518474,0.0,6.98382127496384,654.3305459518474,0.0,36.19947360856257,654.3305459518474,0.0,22.406426590508985,654.3305459518474,0.0,7.85679893433432,654.3305459518474,0.0,0.0,654.3305459518474
0.0,28.96413681001954,654.3305459518474,0.0,19.8662699425011,654.3305459518474,0.0,43.73869864858115,654.3305459518474,0.0,29.201611222788436,654.3305459518474,0.0,14.90985806987646,654.3305459518474,0.0,10.922598516362955,654.3305459518474
0.0,65.15628374542543,654.3305459518474,0.0,56.91249532721203,654.3305459518474,0.0,83.17424245874646,654.3305459518474,0.0,59.05162138053052,654.3305459518474,0.0,54.52617866261431,654.3305459518474,0.0,49.83435573090598,654.3305459518474
0.0,114.93094008527835,654.3305459518474,0.0,121.40051323414517,654.3305459518474,0.0,148.3496031432224,654.3305459518474,0.0,102.06721289882151,654.3305459518474,0.0,133.83909705862192,654.3305459518474,0.0,115.42814533970842,654.3305459518474
0.0,144.80770931319776,654.3305459518474,0.0,179.30574046080386,654.3305459518474,0.0,206.05665525767145,654.3305459518474,0.0,148.2476026907534,654.3305459518474,0.0,214.43406129778634,654.3305459518474,0.0,177.72501993339685,654.3305459518474
0.0,192.87253014502724,654.3305459518474,0.0,221.87782259400447,654.3305459518474,0.0,247.79823852190262,654.3305459518474,0.0,148.37503906195641,654.3305459518474,0.0,268.58614616487364,654.3305459518474,0.0,226.25224936038214,654.3305459518474
0.0,224.01076739662454,654.3305459518474,0.0,253.28029332854797,654.3305459518474,0.0,279.05923177443276,654.3305459518474,0.0,177.63988462360973,654.3305459518474,0.0,283.7871745168586,654.3305459518474,0.0,259.52811178486957,654.3305459518474
0.0,263.0892602829298,654.3305459518474,0.0,276.21704322334784,654.3305459518474,0.0,294.5072730087119,654.3305459518474,0.0,184.05125926185187,654.3305459518474,0.0,182.48572526771335,654.3305459518474,0.0,276.7110689879361,654.3305459518474
0.0,276.80856679912006,654.3305459518474,0.0,287.9102634886421,654.3305459518474,0.0,295.0106595138404,654.3305459518474,0.0,200.3769585257716,654.3305459518474,0.0,201.9809031755441,654.3305459518474,0.0,280.27221748599635,654.3305459518474
0.0,252.25629971763897,654.3305459518474,0.0,282.4976242715601,654.3305459518474,0.0,281.20957490668997,654.3305459518474,0.0,209.88389357707632,654.3305459518474,0.0,279.74303960416376,654.3305459518474,0.0,271.38338735165604,654.3305459518474
0.0,232.69974380934175,654.3305459518474,0.0,257.24379557274085,654.3305459518474,0.0,252.06430585612773,654.3305459518474,0.0,193.70921026469517,654.3305459518474,0.0,266.10551117893374,654.3305459518474,0.0,247.71663815992736,654.3305459518474
0.0,196.40223920264003,654.3305459518474,0.0,210.66705555638967,654.3305459518474,0.0,206.8843300947693,654.3305459518474,0.0,172.5734347094192,654.3305459518474,0.0,226.56143020763085,654.3305459518474,0.0,208.4147119716635,654.3305459518474
0.0,136.93669153906808,654.3305459518474,0.0,147.1229317788187,654.3305459518474,0.0,144.91306698449358,654.3305459518474,0.0,124.87202378113331,654.3305459518474,0.0,175.02041845854313,654.3305459518474,0.0,154.83507374129798,654.3305459518474
0.0,68.65473109157591,654.3305459518474,0.0,74.03257364938374,654.3305459518474,0.0,73.54340598405061,654.3305459518474,0.0,70.85991551563095,654.3305459518474,0.0,98.41121289246391,654.3305459518474,0.0,91.32539116503109,654.3305459518474
0.0,19.54551655834361,654.3305459518474,0.0,21.558884849872516,654.3305459518474,0.0,20.86518309264623,654.3305459518474,0.0,29.376384483647584,654.3305459518474,0.0,61.22969127643815,654.3305459518474,0.0,45.401374995933516,654.3305459518474
0.0,1.1057717018692748,654.3305459518474,0.0,0.2909925531234933,654.3305459518474,0.0,2.036947871864453,654.3305459518474,0.0,8.205989998082512,654.3305459518474,0.0,50.749101264737234,654.3305459518474,0.0,25.432749142993313,654.3305459518474
0.0,0.87297765937048,654.3305459518474,0.0,0.0,654.3305459518474,0.0,0.4655880849975893,654.3305459518474,0.0,9.428158721201184,654.3305459518474,0.0,47.54818318037881,654.3305459518474,0.0,22.63922063300778,654.3305459518474
0.0,0.5819851062469866,654.3305459518474,0.0,0.0,654.3305459518474,0.0,0.0,654.3305459518474,0.0,11.290511061191541,654.3305459518474,0.0,42.60130977727942,654.3305459518474,0.0,21.591647441763204,654.3305459518474
0.0,0.698382127496384,654.3305459518474,0.0,0.05819851062469866,654.3305459518474,0.0,0.0,654.3305459518474,0.0,12.978267869307802,654.3305459518474,0.0,36.665061693560155,654.3305459518474,0.0,22.98841169675597,654.3305459518474
0.0,1.0475731912445758,654.3305459518474,0.0,0.23279404249879465,654.3305459518474,0.0,0.0,654.3305459518474,0.0,14.491429145549967,654.3305459518474,0.0,30.437821056717404,654.3305459518474,0.0,24.035984888000545,654.3305459518474
0.0,1.4549627656174666,654.3305459518474,0.0,1.3385657443680692,654.3305459518474,0.0,0.05819851062469866,654.3305459518474,0.0,15.539002336794544,654.3305459518474,0.0,23.221205739254767,654.3305459518474,0.0,24.26877893049934,654.3305459518474
0.0,1.920550850615056,654.3305459518474,0.0,4.423086807477099,654.3305459518474,0.0,0.23279404249879465,654.3305459518474,0.0,15.364406804920447,654.3305459518474,0.0,18.623523399903572,654.3305459518474,0.0,25.374550632368617,654.3305459518474
0.0,1.8623523399903572,654.3305459518474,0.0,8.147791487457813,654.3305459518474,0.0,0.8147791487457813,654.3305459518474,0.0,14.433230634925268,654.3305459518474,0.0,15.131612762421653,654.3305459518474,0.0,26.771314887361385,654.3305459518474
0.0,1.6295582974915626,654.3305459518474,0.0,8.904372125578895,654.3305459518474,0.0,1.8041538293656585,654.3305459518474,0.0,15.422605315545146,654.3305459518474,0.0,11.232312550566842,654.3305459518474,0.0,28.400873184852944,654.3305459518474
0.0,1.920550850615056,654.3305459518474,0.0,6.51823318996625,654.3305459518474,0.0,2.61893297811144,654.3305459518474,0.0,17.75054574053309,654.3305459518474,0.0,7.85679893433432,654.3305459518474,0.0,30.5542180779668,654.3305459518474
0.0,11.935552777318382,654.3305459518474,0.0,13.623309585434642,654.3305459518474,0.0,13.639029305658344,654.3305459518474,0.0,24.868162366383434,654.3305459518474,0.0,15.985868940711738,654.3305459518474,0.0,39.00572007791511,654.3305459518474
0.0,47.62749269743754,654.3305459518474,0.0,48.17485887339537,654.3305459518474,0.0,51.084784404630305,654.3305459518474,0.0,48.857343551683,654.3305459518474,0.0,51.59603076987063,654.3305459518474,0.0,69.30877809027284,654.3305459518474
0.0,112.29796599635664,654.3305459518474,0.0,93.52157030651607,654.3305459518474,0.0,120.44893697365622,654.3305459518474,0.0,93.5481516477083,654.3305459518474,0.0,115.91731300504155,654.3305459518474,0.0,131.31783962067948,654.3305459518474
0.0,174.76157626180728,654.3305459518474,0.0,126.11159083388907,654.3305459518474,0.0,183.74622559791806,654.3305459518474,0.0,143.08365496537894,654.3305459518474,0.0,177.79107830413338,654.3305459518474,0.0,191.39213146067573,654.3305459518474
0.0,225.27859439998596,654.3305459518474,0.0,158.42315903852057,654.3305459518474,0.0,231.8928245207078,654.3305459518474,0.0,206.6986952129416,654.3305459518474,0.0,227.10164743941706,654.3305459518474,0.0,235.95868267533982,654.3305459518474
0.0,253.9504155054387,654.3305459518474,0.0,163.80568196659846,654.3305459518474,0.0,263.7215840396896,654.3305459518474,0.0,225.5647288538543,654.3305459518474,0.0,261.8010331890746,654.3305459518474,0.0,257.7095613867235,654.3305459518474
0.0,269.99298207634683,654.3305459518474,0.0,182.2751876541068,654.3305459518474,0.0,276.67645005764695,654.3305459518474,0.0,243.42248860408165,654.3305459518474,0.0,279.8915869818007,654.3305459518474,0.0,270.7304857754174,654.3305459518474
0.0,270.6756444836195,654.3305459518474,0.0,185.69000057089858,654.3305459518474,0.0,278.78263579008967,654.3305459518474,0.0,235.52153226993292,654.3305459518474,0.0,281.93957420361875,654.3305459518474,0.0,265.7158753921681,654.3305459518474
0.0,258.5701765446971,654.3305459518474,0.0,171.69224173196682,654.3305459518474,0.0,272.1085285493298,654.3305459518474,0.0,213.009392550158,654.3305459518474,0.0,268.74405428305084,654.3305459518474,0.0,238.1734055689201,654.3305459518474
0.0,227.13308687986446,654.3305459518474,0.0,143.21859573872368,654.3305459518474,0.0,247.11107347334482,654.3305459518474,0.0,212.17571419134677,654.3305459518474,0.0,242.93182005832014,654.3305459518474,0.0,204.93048346530838,654.3305459518474
0.0,178.09779057748057,654.3305459518474,0.0,111.02492543576994,654.3305459518474,0.0,182.95334742009442,654.3305459518474,0.0,181.99541217992194,654.3305459518474,0.0,198.86547585894283,654.3305459518474,0.0,170.99703909431216,654.3305459518474
0.0,121.65388509612282,654.3305459518474,0.0,79.3660810783921,633.6966270302395,0.0,105.12983299100839,654.3305459518474,0.0,133.95735041826978,654.3305459518474,0.0,141.7011095501815,654.3305459518474,0.0,137.97119131297552,654.3305459518474
0.0,63.78645628959502,654.3305459518474,0.0,51.71357321357827,654.3305459518474,0.0,74.27940880269283,654.3305459518474,0.0,82.45563796974135,654.3305459518474,0.0,75.25792186234415,654.3305459518474,0.0,101.62484893618935,654.3305459518474
0.0,19.863268181644404,654.3305459518474,0.0,32.80355990183625,654.3305459518474,0.0,35.13167805580925,654.3305459518474,0.0,39.611462493482705,654.3305459518474,0.0,25.566722222864875,654.3305459518474,0.0,66.3717380308905,654.3305459518474
0.0,2.2115434037385495,654.3305459518474,0.0,28.051682121104758,654.3305459518474,0.0,14.607826166799367,654.3305459518474,0.0,20.835066803642118,654.3305459518474,0.0,4.655880849975893,654.3305459518474,0.0,48.77035190349748,654.3305459518474
0.0,6.692828721840346,654.3305459518474,0.0,28.400873184852944,654.3305459518474,0.0,7.507607870586128,654.3305459518474,0.0,23.395801271128864,654.3305459518474,0.0,5.9362480837192635,654.3305459518474,0.0,54.124614880969766,654.3305459518474
0.0,7.274813828087333,654.3305459518474,0.0,28.400873184852944,654.3305459518474,0.0,2.3279404249879465,654.3305459518474,0.0,25.083558079245122,654.3305459518474,0.0,7.449409359961429,654.3305459518474,0.0,52.96064466847578,654.3305459518474
0.0,4.015697233104208,654.3305459518474,0.0,29.15745382297403,654.3305459518474,0.0,2.8517270206102348,654.3305459518474,0.0,26.713116376736686,654.3305459518474,0.0,6.576431700590949,654.3305459518474,0.0,47.54818318037881,654.3305459518474
0.0,2.2115434037385495,654.3305459518474,0.0,30.03043148234451,654.3305459518474,0.0,6.343637658092154,654.3305459518474,0.0,25.956535738615603,654.3305459518474,0.0,5.878049573094565,654.3305459518474,0.0,54.706599987216734,654.3305459518474
0.0,2.5025359568620424,654.3305459518474,0.0,25.25815361111922,654.3305459518474,0.0,8.555181061830703,654.3305459518474,0.0,23.51219829237826,654.3305459518474,0.0,4.3066897862277,654.3305459518474,0.0,52.4368580728535,654.3305459518474
0.0,2.6771314887361384,654.3305459518474,0.0,18.216133825530683,654.3305459518474,0.0,11.406908082440939,654.3305459518474,0.0,20.31128020801983,654.3305459518474,0.0,4.772277871225291,654.3305459518474,0.0,43.4742874366499,654.3305459518474
0.0,3.608307658731317,654.3305459518474,0.0,8.962570636203594,654.3305459518474,0.0,17.2267591449108,654.3305459518474,0.0,17.983339783031887,654.3305459518474,0.0,8.496982551206004,654.3305459518474,0.0,35.79208403418968,654.3305459518474
0.0,5.7034540412204695,654.3305459518474,0.0,3.3755136162325226,654.3305459518474,0.0,26.072932759865,654.3305459518474,0.0,16.52837701741442,654.3305459518474,0.0,11.290511061191541,654.3305459518474,0.0,39.2257961610469,654.3305459518474
0.0,8.32238701933191,654.3305459518474,0.0,1.6295582974915626,654.3305459518474,0.0,30.5542180779668,654.3305459518474,0.0,16.237384464290926,654.3305459518474,0.0,8.496982551206004,654.3305459518474,0.0,45.45303679788965,654.3305459518474
0.0,18.244571505121385,654.3305459518474,0.0,11.411766181696093,654.3305459518474,0.0,33.14171161563084,654.3305459518474,0.0,21.341632798612366,654.3305459518474,0.0,12.33976286184952,654.3305459518474,0.0,59.007108522746,654.3305459518474
0.0,51.682489231100995,654.3305459518474,0.0,53.535480830551144,654.3305459518474,0.0,53.598004253475835,654.3305459518474,0.0,42.83763876759008,654.3305459518474,0.0,36.86845036299508,654.3305459518474,0.0,79.80155287438558,654.3305459518474
0.0,104.36707110218886,654.3305459518474,0.0,117.83468436581487,654.3305459518474,0.0,108.35733241655905,654.3305459518474,0.0,70.35802989093082,654.3305459518474,0.0,61.36251893385147,654.3305459518474,0.0,89.41234471655775,654.3305459518474
0.0,162.42481516081443,654.3305459518474,0.0,176.3391172993726,654.3305459518474,0.0,177.50441066330984,654.3305459518474,0.0,112.84197495348765,654.3305459518474,0.0,111.8291984215173,654.3305459518474,0.0,97.5430933323486,654.3305459518474
0.0,204.21037809587492,654.3305459518474,0.0,221.8415250543019,654.3305459518474,0.0,207.5069376530188,654.3305459518474,0.0,145.90076305570003,654.3305459518474,0.0,191.61574249161941,654.3305459518474,0.0,148.79161164788445,654.3305459518474
0.0,228.74692545713233,654.3305459518474,0.0,255.74185137543734,654.3305459518474,0.0,274.8197457813999,654.3305459518474,0.0,215.25705576461402,654.3305459518474,0.0,231.8660654505305,654.3305459518474,0.0,257.7312846286606,654.3305459518474
0.0,244.37424259355566,654.3305459518474,0.0,278.529263928112,654.3305459518474,0.0,311.2037088493319,654.3305459518474,0.0,264.5330059696086,654.3305459518474,0.0,225.37291272132813,654.3305459518474,0.0,317.64820153743483,654.3305459518474
0.0,256.2280172799138,654.3305459518474,0.0,277.87336059101665,654.3305459518474,0.0,303.47116679635883,654.3305459518474,0.0,296.2925276280122,654.3305459518474,0.0,220.17116657582278,654.3305459518474,0.0,327.49010881269237,654.3305459518474
0.0,247.9086320214386,654.3305459518474,0.0,259.57677182596905,654.3305459518474,0.0,272.87411447002086,654.3305459518474,0.0,288.38053194390983,654.3305459518474,0.0,188.929072533358,654.3305459518474,0.0,321.2894495170418,654.3305459518474
0.0,208.3535117001821,654.3305459518474,0.0,224.2954009700645,654.3305459518474,0.0,261.0405621451715,654.3305459518474,0.0,263.8597043028761,654.3305459518474,0.0,128.6298465109748,654.3305459518474,0.0,294.03011238680557,654.3305459518474
0.0,142.0927794043307,654.3305459518474,0.0,166.69220564648293,654.3305459518474,0.0,222.0863261402275,654.3305459518474,0.0,221.15868491804417,654.3305459518474,0.0,75.07078610008811,629.4013320519355,0.0,249.6067172635682,654.3305459518474
0.0,96.1562230048512,650.4867689566986,0.0,99.96588526563391,654.2964312174813,0.0,176.76955326712584,654.3305459518474,0.0,162.35690045167945,654.3305459518474,0.0,108.67994213911501,636.3452857632275,0.0,189.9901536484577,654.3305459518474
0.0,63.404147175986026,654.3305459518474,0.0,31.276535243768844,654.3305459518474,0.0,106.4916228577419,654.3305459518474,0.0,93.466195827763,654.3305459518474,0.0,93.25062238591624,654.3305459518474,0.0,122.01490547431274,654.3305459518474
0.0,34.796705831856414,654.3305459518474,0.0,12.146268119909974,654.3305459518474,0.0,45.28029760441402,654.3305459518474,0.0,41.61061194521625,654.3305459518474,0.0,60.12091781371218,654.3305459518474,0.0,72.16483002318306,654.3305459518474
0.0,20.02028765489634,654.3305459518474,0.0,4.015697233104208,654.3305459518474,0.0,11.465106593065636,654.3305459518474,0.0,21.184257867390315,654.3305459518474,0.0,44.521860627894476,654.3305459518474,0.0,53.89182083847097,654.3305459518474
0.0,19.089111484901164,654.3305459518474,0.0,1.396764254992768,654.3305459518474,0.0,3.550109148106618,654.3305459518474,0.0,18.507126378654174,654.3305459518474,0.0,40.85535445853846,654.3305459518474,0.0,53.36803424284868,654.3305459518474
0.0,13.85124552867828,654.3305459518474,0.0,0.40738957437289064,654.3305459518474,0.0,0.4655880849975893,654.3305459518474,0.0,16.17918595366623,654.3305459518474,0.0,28.866461269850536,654.3305459518474,0.0,52.3204610516041,654.3305459518474
0.0,12.745473826809006,654.3305459518474,0.0,2.444337446237344,654.3305459518474,0.0,0.0,654.3305459518474,0.0,14.142238081801773,654.3305459518474,0.0,14.258635103051171,654.3305459518474,0.0,50.80729977536193,654.3305459518474
0.0,27.353299993608367,654.3305459518474,0.0,22.17363254801019,654.3305459518474,0.0,0.0,654.3305459518474,0.0,12.803672337433706,654.3305459518474,0.0,10.417533401821059,654.3305459518474,0.0,49.41053552036916,654.3305459518474
0.0,43.76527998977339,654.3305459518474,0.0,40.15697233104208,654.3305459518474,0.0,0.05819851062469866,654.3305459518474,0.0,11.34870957181624,654.3305459518474,0.0,28.691865737976443,654.3305459518474,0.0,47.664580201628205,654.3305459518474
0.0,42.310317224155924,654.3305459518474,0.0,44.69645615976857,654.3305459518474,0.0,0.0,654.3305459518474,0.0,10.47573191244576,654.3305459518474,0.0,26.1893297811144,654.3305459518474,0.0,45.162044244766165,654.3305459518474
0.0,38.58561254417521,654.3305459518474,0.0,44.521860627894476,654.3305459518474,0.0,0.0,654.3305459518474,0.0,10.47573191244576,654.3305459518474,0.0,14.898818719922858,654.3305459518474,0.0,40.447964884165565,654.3305459518474
0.0,33.40594509857703,654.3305459518474,0.0,44.521860627894476,654.3305459518474,0.0,0.0,654.3305459518474,0.0,10.417533401821059,654.3305459518474,0.0,6.285439147467455,654.3305459518474,0.0,36.432267651061366,654.3305459518474
0.0,35.50109148106618,654.3305459518474,0.0,43.299691904775806,654.3305459518474,0.0,0.0,654.3305459518474,0.0,9.95194531682347,654.3305459518474,0.0,5.412461488096976,654.3305459518474,0.0,33.17315105607824,654.3305459518474
0.0,49.15584050694822,654.3305459518474,0.0,52.14286375887331,654.3305459518474,0.0,10.581267312726613,654.3305459518474,0.0,19.726293340916154,654.3305459518474,0.0,7.5925654513881256,654.3305459518474,0.0,38.23341971957033,654.3305459518474
0.0,74.19091627407896,654.3305459518474,0.0,90.1470243837567,654.3305459518474,0.0,46.42104369454256,654.3305459518474,0.0,55.6085485131331,654.3305459518474,0.0,38.62376642227623,654.3305459518474,0.0,68.13694801766701,654.3305459518474
0.0,118.15658317243057,654.3305459518474,0.0,157.64246563310874,654.3305459518474,0.0,88.06345053817633,654.3305459518474,0.0,118.46382863273296,654.3305459518474,0.0,96.27712266738563,654.3305459518474,0.0,122.062597821939,654.3305459518474
0.0,170.98114164510338,654.3305459518474,0.0,220.5102859830905,654.3305459518474,0.0,138.580468676355,654.3305459518474,0.0,181.1869920108597,654.3305459518474,0.0,149.3767762439732,654.3305459518474,0.0,161.03891252679023,654.3305459518474
0.0,232.86594629414884,654.3305459518474,0.0,267.57151329450477,654.3305459518474,0.0,211.30759463123144,654.3305459518474,0.0,235.1598009758028,654.3305459518474,0.0,176.86722880729488,654.3305459518474,0.0,204.81426417304408,654.3305459518474
0.0,283.26506653064973,654.3305459518474,0.0,293.0046178954682,654.3305459518474,0.0,152.1912380314077,654.3305459518474,0.0,275.3204859836418,654.3305459518474,0.0,161.81403691700663,654.3305459518474,0.0,267.15361755713343,654.3305459518474
0.0,303.1928922026023,654.3305459518474,0.0,309.6370294327351,654.3305459518474,0.0,81.16908948529954,635.4996354371469,0.0,296.8322116728432,654.3305459518474,0.0,167.61348788898272,654.3305459518474,0.0,293.4204005169081,654.3305459518474
0.0,305.24087942442037,654.3305459518474,0.0,311.9649698577231,654.3305459518474,0.0,75.67935254752734,611.1789879846742,0.0,300.03630924704333,654.3305459518474,0.0,205.05606349811293,654.3305459518474,0.0,295.84433787265164,654.3305459518474
0.0,291.77476704122273,654.3305459518474,0.0,317.13995693305117,654.3305459518474,0.0,73.53386751452534,584.7128554991996,0.0,288.644943155841,654.3305459518474,0.0,198.75322602100835,654.3305459518474,0.0,281.55090611032625,654.3305459518474
0.0,270.06486623981164,654.3305459518474,0.0,297.8822534379893,654.3305459518474,0.0,73.10139747938857,557.8142529785881,0.0,261.63411978832727,654.3305459518474,0.0,225.98580408106736,654.3305459518474,0.0,252.57237273152631,654.3305459518474
0.0,223.64700203511086,654.3305459518474,0.0,254.9987786611714,654.3305459518474,0.0,110.21200262542263,565.9838550789262,0.0,218.18120013564433,654.3305459518474,0.0,224.6786777771467,654.3305459518474,0.0,206.11202973642452,654.3305459518474
0.0,162.03596933853692,654.3305459518474,0.0,194.86628831055046,654.3305459518474,0.0,112.12751764779745,575.6858691971642,0.0,158.56931689080392,654.3305459518474,0.0,172.69565752339696,654.3305459518474,0.0,143.25992910666645,654.3305459518474
0.0,87.98449647908772,654.3305459518474,0.0,123.62874405158058,654.3305459518474,0.0,77.52227249049707,637.7036871895618,0.0,88.93457185914835,654.3305459518474,0.0,114.15342616970833,654.3305459518474,0.0,71.31614286008835,654.3305459518474
0.0,27.425895073013482,654.3305459518474,0.0,71.65676314778446,654.3305459518474,0.0,76.55647739021276,654.3305459518474,0.0,37.80880954454539,654.3305459518474,0.0,63.748124682508944,654.3305459518474,0.0,19.709072740264105,654.3305459518474
0.0,2.9681240418596317,654.3305459518474,0.0,51.50568190285831,654.3305459518474,0.0,56.6853493484565,654.3305459518474,0.0,20.893265314266817,654.3305459518474,0.0,39.2839946716716,654.3305459518474,0.0,4.248491275603002,654.3305459518474
0.0,0.5237865956222879,654.3305459518474,0.0,46.09322041476134,654.3305459518474,0.0,55.172188072214325,654.3305459518474,0.0,19.96208914427164,654.3305459518474,0.0,38.469215522925815,654.3305459518474,0.0,5.878049573094565,654.3305459518474
0.0,0.05819851062469866,654.3305459518474,0.0,38.76020807604931,654.3305459518474,0.0,53.54262977472277,654.3305459518474,0.0,19.321905527399956,654.3305459518474,0.0,38.934803607923406,654.3305459518474,0.0,7.507607870586128,654.3305459518474
0.0,0.11639702124939733,654.3305459518474,0.0,30.728813609840895,654.3305459518474,0.0,51.331086370984224,654.3305459518474,0.0,18.68172191052827,654.3305459518474,0.0,37.53803935293064,654.3305459518474,0.0,9.020769146828293,654.3305459518474
0.0,0.40738957437289064,654.3305459518474,0.0,24.035984888000545,654.3305459518474,0.0,49.41053552036916,654.3305459518474,0.0,16.93576659178731,654.3305459518474,0.0,30.3796225460927,654.3305459518474,0.0,10.301136380571663,654.3305459518474
0.0,0.9893746806198773,654.3305459518474,0.0,19.089111484901164,654.3305459518474,0.0,48.59575637162338,654.3305459518474,0.0,14.840620209298159,654.3305459518474,0.0,29.623041907971622,654.3305459518474,0.0,11.057717018692745,654.3305459518474
0.0,1.5131612762421651,654.3305459518474,0.0,16.295582974915625,654.3305459518474,0.0,47.7227787122529,654.3305459518474,0.0,13.211061911806597,654.3305459518474,0.0,25.49094765361801,654.3305459518474,0.0,11.174114039942143,654.3305459518474
0.0,2.269741914363248,654.3305459518474,0.0,15.015215741172256,654.3305459518474,0.0,47.897374244127,654.3305459518474,0.0,12.687275316184309,654.3305459518474,0.0,12.221687231186719,654.3305459518474,0.0,12.279885741811418,654.3305459518474
0.0,3.7247046799807144,654.3305459518474,0.0,13.56025297555479,654.3305459518474,0.0,47.95557275475169,654.3305459518474,0.0,11.697900635564432,654.3305459518474,0.0,8.380585529956607,654.3305459518474,0.0,14.142238081801773,654.3305459518474
0.0,5.9362480837192635,654.3305459518474,0.0,11.174114039942143,654.3305459518474,0.0,47.839175733502294,654.3305459518474,0.0,10.359334891196362,654.3305459518474,0.0,7.740401913084923,654.3305459518474,0.0,15.655399358043942,654.3305459518474
0.0,18.97757256290692,654.3305459518474,0.0,18.911514192170372,654.3305459518474,0.0,60.01070204316122,654.3305459518474,0.0,18.236711645009535,654.3305459518474,0.0,12.79749108673526,654.3305459518474,0.0,24.405753771227594,654.3305459518474
0.0,58.66631050606483,654.3305459518474,0.0,53.69585752262989,654.3305459518474,0.0,100.02037109946167,654.3305459518474,0.0,54.06862816671364,654.3305459518474,0.0,41.41429317140507,654.3305459518474,0.0,60.303728663668245,654.3305459518474
0.0,133.6064807451082,654.3305459518474,0.0,119.34784564205702,654.3305459518474,0.0,167.4686531881426,654.3305459518474,0.0,126.18700994516584,654.3305459518474,0.0,84.23956943759826,654.3305459518474,0.0,132.41107109216682,654.3305459518474
0.0,201.79712463211484,654.3305459518474,0.0,180.3989719322912,654.3305459518474,0.0,229.3927571377473,654.3305459518474,0.0,191.49766686095663,654.3305459518474,0.0,129.1285526458332,654.3305459518474,0.0,193.16334496916568,654.3305459518474
0.0,252.32668300067547,654.3305459518474,0.0,226.99779064854962,654.3305459518474,0.0,276.7324367719031,654.3305459518474,0.0,240.19163195970415,654.3305459518474,0.0,174.06469501473921,654.3305459518474,0.0,238.00048864645942,654.3305459518474
0.0,282.0035985069718,654.3305459518474,0.0,256.60396741383926,654.3305459518474,0.0,306.88915920299235,654.3305459518474,0.0,266.09032464566513,654.3305459518474,0.0,215.0023607511931,654.3305459518474,0.0,268.8823522752224,654.3305459518474
0.0,300.7579154969052,654.3305459518474,0.0,270.41609137094343,654.3305459518474,0.0,322.85780754305205,654.3305459518474,0.0,278.06049635327275,654.3305459518474,0.0,252.91838430543274,654.3305459518474,0.0,286.4066406819252,654.3305459518474
0.0,304.7343134294502,654.3305459518474,0.0,264.2799895656011,654.3305459518474,0.0,324.40558774958333,654.3305459518474,0.0,286.6409356048524,654.3305459518474,0.0,258.91601038961846,654.3305459518474,0.0,292.1132742129874,654.3305459518474
0.0,290.1309899039358,654.3305459518474,0.0,264.62600113950754,654.3305459518474,0.0,312.51401464309436,654.3305459518474,0.0,279.2763060967079,654.3305459518474,0.0,255.53095830386067,654.3305459518474,0.0,286.11864988965846,654.3305459518474
0.0,259.79499157070234,654.3305459518474,0.0,231.2698615044882,654.3305459518474,0.0,285.59600871649434,654.3305459518474,0.0,256.2183010814035,654.3305459518474,0.0,239.66766763509682,654.3305459518474,0.0,264.3724515485448,654.3305459518474
0.0,214.49861878809452,654.3305459518474,0.0,183.56209159651874,654.3305459518474,0.0,241.64606153836644,654.3305459518474,0.0,216.07015630394645,654.3305459518474,0.0,196.74171406787795,654.3305459518474,0.0,224.88806996829499,654.3305459518474
0.0,165.07165263156142,654.3305459518474,0.0,131.95184198685274,654.3305459518474,0.0,183.11169004478967,654.3305459518474,0.0,161.50432288280277,654.3305459518474,0.0,148.6800727258902,654.3305459518474,0.0,168.58096159868043,654.3305459518474
0.0,105.28517385484693,654.3305459518474,0.0,74.99986963009641,654.3305459518474,0.0,115.86158306831837,654.3305459518474,0.0,97.88928263524011,654.3305459518474,0.0,88.3226481928823,654.3305459518474,0.0,102.1110148406658,654.3305459518474
0.0,63.43823291932,654.3305459518474,0.0,31.188398173125094,654.3305459518474,0.0,65.53805967207926,654.3305459518474,0.0,49.642006411424674,654.3305459518474,0.0,43.64287944681061,654.3305459518474,0.0,52.04386506726101,654.3305459518474
0.0,49.23593998849507,654.3305459518474,0.0,7.449409359961429,654.3305459518474,0.0,44.92925020226737,654.3305459518474,0.0,31.310798716087884,654.3305459518474,0.0,22.057235526760792,654.3305459518474,0.0,32.59116594983125,654.3305459518474
0.0,53.36803424284868,654.3305459518474,0.0,5.587057019971072,654.3305459518474,0.0,38.993002118548105,654.3305459518474,0.0,30.787012120465597,654.3305459518474,0.0,27.469697014857765,654.3305459518474,0.0,30.437821056717404,654.3305459518474
0.0,54.47380594471795,654.3305459518474,0.0,4.3066897862277,654.3305459518474,0.0,32.125577864833666,654.3305459518474,0.0,30.6706150992162,654.3305459518474,0.0,32.35837190733246,654.3305459518474,0.0,28.34267467422825,654.3305459518474
0.0,54.93939402971553,654.3305459518474,0.0,3.084521063109029,654.3305459518474,0.0,25.31635212174392,654.3305459518474,0.0,32.940357013579444,654.3305459518474,0.0,34.27892275794751,654.3305459518474,0.0,26.829513397986084,654.3305459518474
0.0,51.04009381786073,654.3305459518474,0.0,1.920550850615056,654.3305459518474,0.0,21.358853399264408,654.3305459518474,0.0,36.024878076688466,654.3305459518474,0.0,37.188848289182445,654.3305459518474,0.0,25.025359568620424,654.3305459518474
0.0,46.326014457260136,654.3305459518474,0.0,1.2803672337433705,654.3305459518474,0.0,19.438302548649354,654.3305459518474,0.0,36.83965722543426,654.3305459518474,0.0,39.2257961610469,654.3305459518474,0.0,23.86138935612645,654.3305459518474
0.0,47.95557275475169,654.3305459518474,0.0,1.0475731912445758,654.3305459518474,0.0,18.79811893177767,654.3305459518474,0.0,32.00918084358427,654.3305459518474,0.0,39.2257961610469,654.3305459518474,0.0,22.98841169675597,654.3305459518474
0.0,49.643329562867955,654.3305459518474,0.0,1.1057717018692748,654.3305459518474,0.0,19.089111484901164,654.3305459518474,0.0,27.527895525482467,654.3305459518474,0.0,38.76020807604931,654.3305459518474,0.0,22.29002956925959,654.3305459518474
0.0,55.055791050964935,654.3305459518474,0.0,0.87297765937048,654.3305459518474,0.0,19.845692123022243,654.3305459518474,0.0,27.12050595110958,654.3305459518474,0.0,38.76020807604931,654.3305459518474,0.0,21.999037016136093,654.3305459518474
0.0,54.76479849784145,654.3305459518474,0.0,0.4655880849975893,654.3305459518474,0.0,21.067860846140917,654.3305459518474,0.0,28.866461269850536,654.3305459518474,0.0,38.58561254417521,654.3305459518474,0.0,21.882639994886695,654.3305459518474
0.0,58.67045768937976,654.3305459518474,0.0,8.42474292977101,654.3305459518474,0.0,31.43205383659243,654.3305459518474,0.0,38.349816740819726,654.3305459518474,0.0,47.37058588764802,654.3305459518474,0.0,31.781244900340624,654.3305459518474
0.0,76.17116651574706,654.3305459518474,0.0,39.311286928804066,654.3305459518474,0.0,67.74527816351782,654.3305459518474,0.0,75.29536482450496,654.3305459518474,0.0,81.2158931880005,654.3305459518474,0.0,68.3854617803895,654.3305459518474
0.0,121.58711580944603,654.3305459518474,0.0,78.84750803999508,654.3305459518474,0.0,134.55337663532708,654.3305459518474,0.0,135.0990642018715,654.3305459518474,0.0,142.4620151006026,654.3305459518474,0.0,135.56165052601241,654.3305459518474
0.0,198.1774221654598,654.3305459518474,0.0,123.22056451271958,654.3305459518474,0.0,197.08304527151427,654.3305459518474,0.0,187.21738068693608,654.3305459518474,0.0,198.10686115343822,654.3305459518474,0.0,194.49087136358014,654.3305459518474
0.0,242.6165370089209,654.3305459518474,0.0,173.0549202436256,654.3305459518474,0.0,247.375129227306,654.3305459518474,0.0,237.2091113490641,654.3305459518474,0.0,240.3422924532726,654.3305459518474,0.0,233.77389834177856,654.3305459518474
0.0,280.8802507464804,654.3305459518474,0.0,192.16946764726075,654.3305459518474,0.0,279.6458972509499,654.3305459518474,0.0,282.31048850930404,654.3305459518474,0.0,276.6508364099278,654.3305459518474,0.0,264.06591700418267,654.3305459518474
0.0,314.11363438056685,654.3305459518474,0.0,212.70753837606597,654.3305459518474,0.0,295.77342140265995,654.3305459518474,0.0,292.7564595907158,654.3305459518474,0.0,286.2112896015872,654.3305459518474,0.0,284.19977764845675,654.3305459518474
0.0,323.427074689932,654.3305459518474,0.0,224.15392348805122,654.3305459518474,0.0,297.65467295271577,654.3305459518474,0.0,287.5169150250795,654.3305459518474,0.0,290.70997324932614,654.3305459518474,0.0,284.97525749664334,654.3305459518474
0.0,305.3176216871404,654.3305459518474,0.0,229.15431503150523,654.3305459518474,0.0,287.1284246607721,654.3305459518474,0.0,269.1211498394345,654.3305459518474,0.0,284.9812610183567,654.3305459518474,0.0,271.1285146092501,654.3305459518474
0.0,260.1030269954928,654.3305459518474,0.0,220.12550829558,654.3305459518474,0.0,262.6468963202976,654.3305459518474,0.0,247.48666814930027,654.3305459518474,0.0,264.7152836326095,654.3305459518474,0.0,243.71030166736338,654.3305459518474
0.0,242.91220993231445,654.3305459518474,0.0,179.93488472772196,654.3305459518474,0.0,222.5144712630643,654.3305459518474,0.0,201.43053523872956,654.3305459518474,0.0,222.13852112913884,654.3305459518474,0.0,202.45638518803707,654.3305459518474
0.0,193.17067164232233,654.3305459518474,0.0,132.46776872236316,654.3305459518474,0.0,166.85858586027507,654.3305459518474,0.0,161.07953497879276,654.3305459518474,0.0,165.1597897022052,654.3305459518474,0.0,148.5385952438769,654.3305459518474
0.0,122.96498085437338,654.3305459518474,0.0,83.87130143479956,654.3305459518474,0.0,100.23294278045174,654.3305459518474,0.0,101.8200222875423,654.3305459518474,0.0,103.80981099873566,654.3305459518474,0.0,87.39465151272888,654.3305459518474
0.0,72.06415272215735,654.3305459518474,0.0,39.18049333877427,654.3305459518474,0.0,50.607801511709,654.3305459518474,0.0,53.882637826915825,654.3305459518474,0.0,56.49689043475716,654.3305459518474,0.0,40.64013647466183,654.3305459518474
0.0,54.24101190221916,654.3305459518474,0.0,17.2267591449108,654.3305459518474,0.0,31.019806162964386,654.3305459518474,0.0,34.104327226073416,654.3305459518474,0.0,35.67568701294028,654.3305459518474,0.0,16.237384464290926,654.3305459518474
0.0,52.553255094102894,654.3305459518474,0.0,17.110362123661407,654.3305459518474,0.0,30.787012120465597,654.3305459518474,0.0,31.89278382233487,654.3305459518474,0.0,35.79208403418968,654.3305459518474,0.0,8.496982551206004,654.3305459518474
0.0,51.214689349734826,654.3305459518474,0.0,15.131612762421653,654.3305459518474,0.0,28.575468716727045,654.3305459518474,0.0,29.85583595047041,654.3305459518474,0.0,34.33712126857221,654.3305459518474,0.0,1.6877568081162613,654.3305459518474
0.0,49.75972658411735,654.3305459518474,0.0,10.766724465569252,654.3305459518474,0.0,25.549146164242714,654.3305459518474,0.0,29.041056801724633,654.3305459518474,0.0,31.543592758586676,654.3305459518474,0.0,0.11639702124939733,654.3305459518474
0.0,47.48998466975411,654.3305459518474,0.0,7.333012338712031,654.3305459518474,0.0,25.14175658986982,654.3305459518474,0.0,28.168079142354156,654.3305459518474,0.0,27.644292546731865,654.3305459518474,0.0,0.174595531874096,654.3305459518474
0.0,44.114471053521584,654.3305459518474,0.0,5.9944465943439615,654.3305459518474,0.0,26.422123823613195,654.3305459518474,0.0,25.72374169611681,654.3305459518474,0.0,23.744992334877054,654.3305459518474,0.0,3.2009180843584266,654.3305459518474
0.0,39.80778126729388,654.3305459518474,0.0,4.772277871225291,654.3305459518474,0.0,27.527895525482467,654.3305459518474,0.0,24.617969994247535,654.3305459518474,0.0,20.42767722926923,654.3305459518474,0.0,13.211061911806597,654.3305459518474
0.0,35.03550339606859,654.3305459518474,0.0,3.899300211854811,654.3305459518474,0.0,28.34267467422825,654.3305459518474,0.0,22.057235526760792,654.3305459518474,0.0,19.72929510177285,654.3305459518474,0.0,27.993483610480055,654.3305459518474
0.0,30.321424035468006,654.3305459518474,0.0,4.481285318101797,654.3305459518474,0.0,27.469697014857765,654.3305459518474,0.0,16.52837701741442,654.3305459518474,0.0,19.55469956989875,654.3305459518474,0.0,41.43733956478545,654.3305459518474
0.0,25.19995510049452,654.3305459518474,0.0,5.412461488096976,654.3305459518474,0.0,25.84013871736621,654.3305459518474,0.0,12.978267869307802,654.3305459518474,0.0,19.845692123022243,654.3305459518474,0.0,44.34726509602038,654.3305459518474
0.0,29.04591490097979,654.3305459518474,0.0,16.69679129859007,654.3305459518474,0.0,33.46114184834504,654.3305459518474,0.0,14.85483904909351,654.3305459518474,0.0,23.526417132173613,654.3305459518474,0.0,51.54197944256087,654.3305459518474
0.0,59.63996546646101,654.3305459518474,0.0,41.60610930393121,654.3305459518474,0.0,68.08342987731241,654.3305459518474,0.0,33.82472948087364,654.3305459518474,0.0,43.051533600023426,654.3305459518474,0.0,87.89768255988724,654.3305459518474
0.0,117.08278409796388,654.3305459518474,0.0,80.5146870286325,654.3305459518474,0.0,114.50765306169671,654.3305459518474,0.0,66.7891992617438,654.3305459518474,0.0,75.84608821928958,654.3305459518474,0.0,148.78993303847102,654.3305459518474
0.0,179.59205264365727,654.3305459518474,0.0,110.03272672327842,654.3305459518474,0.0,148.34042013166726,654.3305459518474,0.0,88.64543564442332,654.3305459518474,0.0,98.96229174521868,654.3305459518474,0.0,217.61457929165095,654.3305459518474
0.0,235.24793804644654,654.3305459518474,0.0,136.78399697811614,654.3305459518474,0.0,178.08189312827182,654.3305459518474,0.0,90.16963627061908,644.5001822224665,0.0,139.5021063768249,654.3305459518474,0.0,273.0155919520342,654.3305459518474
0.0,271.9292526471856,654.3305459518474,0.0,170.86995818107926,654.3305459518474,0.0,193.5267548727092,654.3305459518474,0.0,102.74069229453904,646.6927360580977,0.0,196.11592701978668,654.3305459518474,0.0,309.01892451577066,654.3305459518474
0.0,290.8849242391703,654.3305459518474,0.0,183.68166810760988,654.3305459518474,0.0,224.52969589299164,654.3305459518474,0.0,164.18030894908065,654.3305459518474,0.0,250.32153002722853,654.3305459518474,0.0,327.4083307217321,654.3305459518474
0.0,294.1472203239952,654.3305459518474,0.0,222.2599539786284,654.3305459518474,0.0,269.82606867559946,654.3305459518474,0.0,250.19577226543893,654.3305459518474,0.0,266.7132876618848,654.3305459518474,0.0,328.9168116277042,654.3305459518474
0.0,281.94107508404716,654.3305459518474,0.0,212.65702199656806,654.3305459518474,0.0,272.8948700184848,654.3305459518474,0.0,189.5552150394194,654.3305459518474,0.0,263.04828237295715,654.3305459518474,0.0,313.5600869539105,654.3305459518474
0.0,253.3353123493309,654.3305459518474,0.0,170.03460121285462,654.3305459518474,0.0,252.44325775090994,654.3305459518474,0.0,109.17246702327496,654.3305459518474,0.0,245.69541000828661,654.3305459518474,0.0,281.37745600091034,654.3305459518474
0.0,206.84035042393995,654.3305459518474,0.0,138.5471728975091,654.3305459518474,0.0,212.52004715583982,654.3305459518474,0.0,76.81674141882907,631.1472873706765,0.0,205.58974402123056,654.3305459518474,0.0,235.95682633694133,654.3305459518474
0.0,145.06726242587382,654.3305459518474,0.0,91.56304330678503,645.8935892586325,0.0,157.58930295072423,654.3305459518474,0.0,43.80043210701772,574.9477194776942,0.0,149.19299770054394,654.3305459518474,0.0,175.37764711138826,654.3305459518474
0.0,75.05188689002267,654.3305459518474,0.0,45.769642998732216,654.3305459518474,0.0,90.94794015067725,654.3305459518474,0.0,21.05081797447393,591.7883738572734,0.0,82.46667731969495,654.3305459518474,0.0,104.3996559650945,654.3305459518474
0.0,23.23560230803518,654.3305459518474,0.0,19.7073941308507,654.3305459518474,0.0,37.5131366211518,654.3305459518474,0.0,7.133336346074039,597.4950429341327,0.0,32.55840335794056,654.3305459518474,0.0,47.92281016286101,654.3305459518474
0.0,5.878049573094565,654.3305459518474,0.0,4.539483828726496,654.3305459518474,0.0,13.96764254992768,654.3305459518474,0.0,0.11639702124939733,597.5881605511322,0.0,13.327458933055995,654.3305459518474,0.0,20.07848616552104,654.3305459518474
0.0,5.354262977472277,654.3305459518474,0.0,0.87297765937048,654.3305459518474,0.0,8.962570636203594,654.3305459518474,0.0,0.0,597.5881605511322,0.0,14.258635103051171,654.3305459518474,0.0,14.200436592426472,654.3305459518474
0.0,4.830476381849989,654.3305459518474,0.0,0.40738957437289064,654.3305459518474,0.0,4.597682339351194,654.3305459518474,0.0,0.0,597.5881605511322,0.0,14.72422318804876,654.3305459518474,0.0,10.824922976193951,654.3305459518474
0.0,5.528858509346373,654.3305459518474,0.0,1.6295582974915626,654.3305459518474,0.0,2.61893297811144,654.3305459518474,0.0,0.0,597.5881605511322,0.0,12.279885741811418,654.3305459518474,0.0,8.089592976833115,654.3305459518474
0.0,6.634630211215648,654.3305459518474,0.0,5.645255530595771,654.3305459518474,0.0,2.444337446237344,654.3305459518474,0.0,0.0,597.5881605511322,0.0,9.835548295574075,654.3305459518474,0.0,5.878049573094565,654.3305459518474
0.0,5.9362480837192635,654.3305459518474,0.0,10.126540848697566,654.3305459518474,0.0,2.8517270206102348,654.3305459518474,0.0,0.05819851062469866,597.634719359632,0.0,8.904372125578895,654.3305459518474,0.0,4.655880849975893,654.3305459518474
0.0,3.899300211854811,654.3305459518474,0.0,11.290511061191541,654.3305459518474,0.0,3.6665061693560155,654.3305459518474,0.0,0.11639702124939733,597.7278369766315,0.0,8.380585529956607,654.3305459518474,0.0,4.364888296852399,654.3305459518474
0.0,2.793528509985536,654.3305459518474,0.0,10.592128933695157,654.3305459518474,0.0,4.888674892474688,654.3305459518474,0.0,0.174595531874096,597.8675134021307,0.0,8.32238701933191,654.3305459518474,0.0,4.073895743728906,654.3305459518474
0.0,2.735329999360837,654.3305459518474,0.0,8.205989998082512,654.3305459518474,0.0,5.645255530595771,654.3305459518474,0.0,0.174595531874096,598.00718982763,0.0,9.078967657452992,654.3305459518474,0.0,3.4337121268572206,654.3305459518474
0.0,1.222168723118672,654.3305459518474,0.0,5.761652551845168,654.3305459518474,0.0,5.412461488096976,654.3305459518474,0.0,0.174595531874096,598.1468662531292,0.0,10.47573191244576,654.3305459518474,0.0,2.61893297811144,654.3305459518474
0.0,10.538788522325612,654.3305459518474,0.0,13.025604758963958,654.3305459518474,0.0,14.65516305645552,654.3305459518474,0.0,12.06298914852138,607.7972575719464,0.0,21.53830703039366,654.3305459518474,0.0,8.01417386555637,654.3305459518474
0.0,46.270027743004015,654.3305459518474,0.0,47.73602985857509,654.3305459518474,0.0,48.87324100089175,654.3305459518474,0.0,50.233885445167026,647.98436592808,0.0,56.43904738210258,654.3305459518474,0.0,36.95340794379707,654.3305459518474
0.0,107.58538751618437,654.3305459518474,0.0,95.2896043251642,654.3305459518474,0.0,103.30377819072058,654.3305459518474,0.0,111.9566347927203,654.3305459518474,0.0,119.41072452295182,654.3305459518474,0.0,93.66472639794276,654.3305459518474
0.0,162.70644697339773,654.3305459518474,0.0,144.72443034180915,654.3305459518474,0.0,161.38042145941165,654.3305459518474,0.0,172.03092663271653,654.3305459518474,0.0,180.34545379193662,654.3305459518474,0.0,156.6946020494167,654.3305459518474
0.0,194.8497786258386,654.3305459518474,0.0,184.66018116726121,654.3305459518474,0.0,212.64616037559952,654.3305459518474,0.0,220.49995754907715,654.3305459518474,0.0,226.31980861154702,654.3305459518474,0.0,206.06336969532506,654.3305459518474
0.0,223.77797335412575,654.3305459518474,0.0,204.51558948879378,654.3305459518474,0.0,248.87760661156466,654.3305459518474,0.0,252.58509069089334,654.3305459518474,0.0,257.79937706678066,654.3305459518474,0.0,234.727330940666,654.3305459518474
0.0,261.1780701728549,654.3305459518474,0.0,212.38192689265333,654.3305459518474,0.0,270.7810021549153,654.3305459518474,0.0,269.31031966907415,654.3305459518474,0.0,270.1376390482019,654.3305459518474,0.0,254.12501103731282,654.3305459518474
0.0,268.44034377056033,654.3305459518474,0.0,207.49943325087708,654.3305459518474,0.0,281.8278575526395,654.3305459518474,0.0,268.62765726180146,654.3305459518474,0.0,273.6830678260383,654.3305459518474,0.0,266.0716031645848,654.3305459518474
0.0,273.54759386573846,654.3305459518474,0.0,191.52442593113392,654.3305459518474,0.0,271.0798545681506,654.3305459518474,0.0,252.7093475722546,654.3305459518474,0.0,269.75064956432277,654.3305459518474,0.0,261.76641425878546,654.3305459518474
0.0,252.1694857984385,654.3305459518474,0.0,167.19073405235625,654.3305459518474,0.0,242.81542303707073,654.3305459518474,0.0,221.41223450900688,654.3305459518474,0.0,247.9683314124916,654.3305459518474,0.0,246.17521693307955,654.3305459518474
0.0,206.7756152046467,654.3305459518474,0.0,142.24043813704245,654.3305459518474,0.0,198.56662344570748,654.3305459518474,0.0,178.34312485036128,654.3305459518474,0.0,206.12456996680646,654.3305459518474,0.0,206.93934911555223,654.3305459518474
0.0,145.0199255362177,654.3305459518474,0.0,118.23703811194753,654.3305459518474,0.0,139.6987806086062,654.3305459518474,0.0,127.95822345365572,654.3305459518474,0.0,145.58469004181262,654.3305459518474,0.0,152.31999755405397,654.3305459518474
0.0,77.98539200159315,654.3305459518474,0.0,88.87301612969684,654.3305459518474,0.0,70.56742208207912,654.3305459518474,0.0,70.47460464116527,654.3305459518474,0.0,77.6283410777331,654.3305459518474,0.0,83.81310292417486,654.3305459518474
0.0,27.122362289508036,654.3305459518474,0.0,60.09415874353488,654.3305459518474,0.0,22.016613074758254,654.3305459518474,0.0,22.881730874016885,654.3305459518474,0.0,27.14594186984359,654.3305459518474,0.0,30.7967283189759,654.3305459518474
0.0,6.809225743089744,654.3305459518474,0.0,45.162044244766165,654.3305459518474,0.0,1.5713597868668638,654.3305459518474,0.0,1.222168723118672,654.3305459518474,0.0,7.682203402460224,654.3305459518474,0.0,6.0526451049686605,654.3305459518474
0.0,6.285439147467455,654.3305459518474,0.0,47.25719062725532,654.3305459518474,0.0,0.6401836168716852,654.3305459518474,0.0,0.2909925531234933,654.3305459518474,0.0,7.914997444959019,654.3305459518474,0.0,2.9681240418596317,654.3305459518474
0.0,7.274813828087333,654.3305459518474,0.0,46.09322041476134,654.3305459518474,0.0,0.05819851062469866,654.3305459518474,0.0,0.05819851062469866,654.3305459518474,0.0,8.729776593704798,654.3305459518474,0.0,1.8623523399903572,654.3305459518474
0.0,6.169042126218058,654.3305459518474,0.0,42.48491275603003,654.3305459518474,0.0,0.0,654.3305459518474,0.0,0.0,654.3305459518474,0.0,9.195364678702388,654.3305459518474,0.0,4.015697233104208,654.3305459518474
0.0,3.4337121268572206,654.3305459518474,0.0,33.580540630451125,654.3305459518474,0.0,0.0,654.3305459518474,0.0,0.0,654.3305459518474,0.0,9.60275425307528,654.3305459518474,0.0,16.17918595366623,654.3305459518474
0.0,2.6771314887361384,654.3305459518474,0.0,23.279404249879466,654.3305459518474,0.0,0.0,654.3305459518474,0.0,0.0,654.3305459518474,0.0,9.13716616807769,654.3305459518474,0.0,38.58561254417521,654.3305459518474
0.0,2.61893297811144,654.3305459518474,0.0,19.845692123022243,654.3305459518474,0.0,0.0,654.3305459518474,0.0,0.0,654.3305459518474,0.0,8.147791487457813,654.3305459518474,0.0,46.55880849975893,654.3305459518474
0.0,3.084521063109029,654.3305459518474,0.0,20.835066803642118,654.3305459518474,0.0,0.0,654.3305459518474,0.0,3.0263225524843302,654.3305459518474,0.0,7.158416806837935,654.3305459518474,0.0,46.907999563507126,654.3305459518474
0.0,4.190292764978303,654.3305459518474,0.0,20.42767722926923,654.3305459518474,0.0,0.0,654.3305459518474,0.0,10.01014382744817,654.3305459518474,0.0,7.100218296213236,654.3305459518474,0.0,47.43178615912941,654.3305459518474
0.0,4.830476381849989,654.3305459518474,0.0,19.496501059274053,654.3305459518474,0.0,0.0,654.3305459518474,0.0,12.861870848058405,654.3305459518474,0.0,7.449409359961429,654.3305459518474,0.0,48.59575637162338,654.3305459518474
0.0,13.763286187019588,654.3305459518474,0.0,32.03761852317497,654.3305459518474,0.0,10.239936109090271,654.3305459518474,0.0,22.79977505407158,654.3305459518474,0.0,17.863941000925795,654.3305459518474,0.0,59.817207301221686,654.3305459518474
0.0,44.94082273917614,654.3305459518474,0.0,76.01732653233688,654.3305459518474,0.0,45.73838128726988,654.3305459518474,0.0,52.28319581842837,654.3305459518474,0.0,50.10009009428052,654.3305459518474,0.0,96.63849850354566,654.3305459518474
0.0,93.74800536933134,654.3305459518474,0.0,139.79106486256487,654.3305459518474,0.0,112.29796599635664,654.3305459518474,0.0,95.709356400934,654.3305459518474,0.0,90.40393119354623,654.3305459518474,0.0,162.86143237926618,654.3305459518474
0.0,135.45011160401813,654.3305459518474,0.0,207.17478946093763,654.3305459518474,0.0,176.92596050487472,654.3305459518474,0.0,166.41843369401147,654.3305459518474,0.0,134.00468730792593,654.3305459518474,0.0,221.667897215901,654.3305459518474
0.0,175.15138977755802,654.3305459518474,0.0,226.08012240240956,654.3305459518474,0.0,228.13350091043796,654.3305459518474,0.0,216.83009416089433,654.3305459518474,0.0,166.08196058963026,654.3305459518474,0.0,251.77896136674747,654.3305459518474
0.0,200.0668890335976,654.3305459518474,0.0,279.1485142675348,654.3305459518474,0.0,263.6901445992423,654.3305459518474,0.0,258.87521020863085,654.3305459518474,0.0,188.2920684063281,654.3305459518474,0.0,269.8270363690727,654.3305459518474
0.0,224.29504551209442,654.3305459518474,0.0,315.58449459539304,654.3305459518474,0.0,281.2647716564579,654.3305459518474,0.0,281.8372182931797,654.3305459518474,0.0,209.33502652069015,654.3305459518474,0.0,285.9356613107173,654.3305459518474
0.0,218.67169095242082,654.3305459518474,0.0,319.16772179336044,654.3305459518474,0.0,279.62417400901273,654.3305459518474,0.0,287.80340493691796,654.3305459518474,0.0,227.22890608163502,654.3305459518474,0.0,302.443815966623,654.3305459518474
0.0,221.16636704917096,654.3305459518474,0.0,307.38786533785077,654.3305459518474,0.0,252.57405134093972,654.3305459518474,0.0,281.08681890575707,654.3305459518474,0.0,231.80768921092076,654.3305459518474,0.0,302.6844698692336,654.3305459518474
0.0,201.3848769584868,654.3305459518474,0.0,279.99641146614135,654.3305459518474,0.0,221.93602110462916,654.3305459518474,0.0,259.73229041879256,654.3305459518474,0.0,212.62540482713564,654.3305459518474,0.0,282.2124575111649,654.3305459518474
0.0,168.87663452207406,654.3305459518474,0.0,235.99612563750057,654.3305459518474,0.0,191.98065327559132,654.3305459518474,0.0,220.93843110592732,654.3305459518474,0.0,181.12375767199478,654.3305459518474,0.0,239.26292436361052,654.3305459518474
0.0,126.94641461515855,654.3305459518474,0.0,178.2261946421567,654.3305459518474,0.0,140.9791478423496,654.3305459518474,0.0,162.81930904683526,654.3305459518474,0.0,133.7730386878854,654.3305459518474,0.0,181.1784212348076,654.3305459518474
0.0,83.77512677505891,654.3305459518474,0.0,112.3728519206782,654.3305459518474,0.0,74.50134122422307,654.3305459518474,0.0,92.19368845413146,654.3305459518474,0.0,89.23006705355687,654.3305459518474,0.0,123.8929775345268,654.3305459518474
0.0,47.62077825978392,654.3305459518474,0.0,62.530636329660375,654.3305459518474,0.0,27.53761172399278,654.3305459518474,0.0,35.90715790399578,654.3305459518474,0.0,54.32932670184796,654.3305459518474,0.0,79.5199210618023,654.3305459518474
0.0,28.575468716727045,654.3305459518474,0.0,42.36851573478063,654.3305459518474,0.0,6.867424253714441,654.3305459518474,0.0,11.930694678063224,654.3305459518474,0.0,37.65443637418004,654.3305459518474,0.0,57.67472402907638,654.3305459518474
0.0,26.48032233423789,654.3305459518474,0.0,42.019324671032436,654.3305459518474,0.0,4.888674892474688,654.3305459518474,0.0,5.7034540412204695,654.3305459518474,0.0,38.23642148042702,654.3305459518474,0.0,57.441929986577584,654.3305459518474
0.0,25.374550632368617,654.3305459518474,0.0,40.15697233104208,654.3305459518474,0.0,3.317315105607824,654.3305459518474,0.0,0.9311761699951786,654.3305459518474,0.0,42.135721692281834,654.3305459518474,0.0,57.034540412204684,654.3305459518474
0.0,24.501572972998137,654.3305459518474,0.0,36.25767211918726,654.3305459518474,0.0,1.920550850615056,654.3305459518474,0.0,0.0,654.3305459518474,0.0,45.45303679788965,654.3305459518474,0.0,56.6271508378318,654.3305459518474
0.0,22.057235526760792,654.3305459518474,0.0,33.05675403482884,654.3305459518474,0.0,0.698382127496384,654.3305459518474,0.0,0.0,654.3305459518474,0.0,44.81285318101797,654.3305459518474,0.0,56.16156275283421,654.3305459518474
0.0,18.972714463651766,654.3305459518474,0.0,30.088629992969206,654.3305459518474,0.0,0.05819851062469866,654.3305459518474,0.0,0.05819851062469866,654.3305459518474,0.0,43.12509637290171,654.3305459518474,0.0,55.754173178461315,654.3305459518474
0.0,18.099736804281285,654.3305459518474,0.0,27.353299993608367,654.3305459518474,0.0,0.0,654.3305459518474,0.0,0.6401836168716852,654.3305459518474,0.0,44.17266956414628,654.3305459518474,0.0,55.579577646587225,654.3305459518474
0.0,18.79811893177767,654.3305459518474,0.0,24.443374462373438,654.3305459518474,0.0,0.174595531874096,654.3305459518474,0.0,1.74595531874096,654.3305459518474,0.0,45.336639776640254,654.3305459518474,0.0,56.0451657315848,654.3305459518474
0.0,17.110362123661407,654.3305459518474,0.0,21.417051909889107,654.3305459518474,0.0,4.597682339351194,654.3305459518474,0.0,2.9681240418596317,654.3305459518474,0.0,48.07196977600109,654.3305459518474,0.0,56.33615828470831,654.3305459518474
0.0,14.957017230547557,654.3305459518474,0.0,19.67109659114815,654.3305459518474,0.0,10.47573191244576,654.3305459518474,0.0,3.317315105607824,654.3305459518474,0.0,50.749101264737234,654.3305459518474,0.0,56.2779597740836,654.3305459518474
0.0,21.03810001510692,654.3305459518474,0.0,27.540613484849473,654.3305459518474,0.0,23.34246085975932,654.3305459518474,0.0,12.35080221180312,654.3305459518474,0.0,62.95206701484356,654.3305459518474,0.0,61.607142290791984,654.3305459518474
0.0,41.013084847730624,654.3305459518474,0.0,64.6607571004088,654.3305459518474,0.0,60.245530153043546,654.3305459518474,0.0,45.88621774896668,654.3305459518474,0.0,100.18074779154043,654.3305459518474,0.0,85.68596142716365,654.3305459518474
0.0,72.86542394704801,654.3305459518474,0.0,129.2981123494671,654.3305459518474,0.0,122.58488353713295,654.3305459518474,0.0,112.37974408731688,654.3305459518474,0.0,160.56961176499573,654.3305459518474,0.0,127.56434180313796,654.3305459518474
0.0,166.16841905086065,654.3305459518474,0.0,167.86535887053202,654.3305459518474,0.0,184.47754804629022,654.3305459518474,0.0,175.64241378128963,654.3305459518474,0.0,215.56323485100611,654.3305459518474,0.0,166.94486659252033,654.3305459518474
0.0,218.74446376081093,654.3305459518474,0.0,199.6752191794484,654.3305459518474,0.0,230.69573625835304,654.3305459518474,0.0,225.0269011474217,654.3305459518474,0.0,248.8044783452044,654.3305459518474,0.0,201.98876303565595,654.3305459518474
0.0,250.739958951555,654.3305459518474,0.0,237.15559320870955,654.3305459518474,0.0,260.6464237171208,654.3305459518474,0.0,258.6519546356573,654.3305459518474,0.0,267.12782618042934,654.3305459518474,0.0,257.34579602520984,654.3305459518474
0.0,265.44395977809506,654.3305459518474,0.0,258.26778918364994,654.3305459518474,0.0,277.5572875771293,654.3305459518474,0.0,276.5254341061084,654.3305459518474,0.0,275.83570180321203,654.3305459518474,0.0,274.08206435334426,654.3305459518474
0.0,271.1805318691763,654.3305459518474,0.0,284.14758265954544,654.3305459518474,0.0,280.7535252912176,654.3305459518474,0.0,278.8722737411618,654.3305459518474,0.0,267.0774875299165,654.3305459518474,0.0,299.97607666903514,654.3305459518474
0.0,262.38769866559164,654.3305459518474,0.0,295.4554920503741,654.3305459518474,0.0,271.4415858622807,654.3305459518474,0.0,266.02594488434204,654.3305459518474,0.0,255.98815334179127,654.3305459518474,0.0,292.79240167244825,654.3305459518474
0.0,236.71862053228773,654.3305459518474,0.0,268.15835650000696,654.3305459518474,0.0,248.53927716878502,654.3305459518474,0.0,237.87791037451157,654.3305459518474,0.0,224.92701381088412,654.3305459518474,0.0,263.09658695608647,654.3305459518474
0.0,194.59958625370274,654.3305459518474,0.0,238.22338876146281,654.3305459518474,0.0,208.37223318126252,654.3305459518474,0.0,195.1265523391668,654.3305459518474,0.0,161.09807873088812,654.3305459518474,0.0,224.04167365011676,654.3305459518474
0.0,137.6633336171701,654.3305459518474,0.0,183.89820924292982,654.3305459518474,0.0,151.61843593671585,654.3305459518474,0.0,139.65312232836348,654.3305459518474,0.0,112.5126507932781,654.3305459518474,0.0,171.79124042357907,654.3305459518474
0.0,73.71014165581285,654.3305459518474,0.0,118.33585907457476,654.3305459518474,0.0,85.77613256519092,654.3305459518474,0.0,78.24962548453935,654.3305459518474,0.0,82.13417366964362,654.3305459518474,0.0,109.14517476614247,654.3305459518474
0.0,24.13533903758296,654.3305459518474,0.0,67.94309781775735,654.3305459518474,0.0,36.814754493655414,654.3305459518474,0.0,34.510393649003014,654.3305459518474,0.0,67.79826311691724,654.3305459518474,0.0,58.04935101155858,654.3305459518474
0.0,3.3755136162325226,654.3305459518474,0.0,48.59575637162338,654.3305459518474,0.0,22.057235526760792,654.3305459518474,0.0,17.75054574053309,654.3305459518474,0.0,57.500128497202276,654.3305459518474,0.0,33.23134956670293,654.3305459518474
0.0,1.2803672337433705,654.3305459518474,0.0,48.421160839749284,654.3305459518474,0.0,29.681240418596317,654.3305459518474,0.0,13.618451486179488,654.3305459518474,0.0,57.383731475952885,654.3305459518474,0.0,31.136203184213784,654.3305459518474
0.0,0.174595531874096,654.3305459518474,0.0,47.664580201628205,654.3305459518474,0.0,37.47984084230594,654.3305459518474,0.0,9.020769146828293,654.3305459518474,0.0,57.383731475952885,654.3305459518474,0.0,29.85583595047041,654.3305459518474
0.0,0.0,654.3305459518474,0.0,45.220242755390856,654.3305459518474,0.0,44.114471053521584,654.3305459518474,0.0,5.412461488096976,654.3305459518474,0.0,57.32553296532818,654.3305459518474,0.0,28.982858291099934,654.3305459518474
0.0,0.0,654.3305459518474,0.0,40.971751479787855,654.3305459518474,0.0,46.03502190413665,654.3305459518474,0.0,2.793528509985536,654.3305459518474,0.0,57.383731475952885,654.3305459518474,0.0,24.210580419874642,654.3305459518474
0.0,0.05819851062469866,654.3305459518474,0.0,34.97730488544389,654.3305459518474,0.0,44.17266956414628,654.3305459518474,0.0,1.74595531874096,654.3305459518474,0.0,57.500128497202276,654.3305459518474,0.0,20.660471271768024,654.3305459518474
0.0,1.2803672337433705,654.3305459518474,0.0,29.27385084422343,654.3305459518474,0.0,41.20454552228665,654.3305459518474,0.0,1.8623523399903572,654.3305459518474,0.0,57.26733445470348,654.3305459518474,0.0,18.623523399903572,654.3305459518474
0.0,3.1427195737337277,654.3305459518474,0.0,22.23183105863489,654.3305459518474,0.0,38.06182594855293,654.3305459518474,0.0,2.3861389356126455,654.3305459518474,0.0,56.859944880330595,654.3305459518474,0.0,15.829994889918037,654.3305459518474
0.0,4.248491275603002,654.3305459518474,0.0,16.761171059913213,654.3305459518474,0.0,34.628113821695706,654.3305459518474,0.0,2.6771314887361384,654.3305459518474,0.0,56.219761263458906,654.3305459518474,0.0,12.803672337433706,654.3305459518474
0.0,6.169042126218058,654.3305459518474,0.0,12.047091699312622,654.3305459518474,0.0,34.6863123323204,654.3305459518474,0.0,2.3279404249879465,654.3305459518474,0.0,55.637776157211924,654.3305459518474,0.0,10.068342338072869,654.3305459518474
0.0,18.04639639291174,654.3305459518474,0.0,18.20527220456214,654.3305459518474,0.0,43.7622782289167,654.3305459518474,0.0,11.411766181696093,654.3305459518474,0.0,55.46318062533782,654.3305459518474,0.0,17.398352915928207,654.3305459518474
0.0,54.20074490818673,654.3305459518474,0.0,47.60541399753033,654.3305459518474,0.0,77.2095566954365,654.3305459518474,0.0,44.55551186471045,654.3305459518474,0.0,65.30358702016704,654.3305459518474,0.0,49.362408666224894,654.3305459518474
0.0,122.15709387226626,654.3305459518474,0.0,91.42324443418516,654.3305459518474,0.0,135.0187869913396,654.3305459518474,0.0,104.56374533397015,654.3305459518474,0.0,87.37371823527991,654.3305459518474,0.0,112.69431622077592,654.3305459518474
0.0,186.64193228935767,654.3305459518474,0.0,136.0479941594739,654.3305459518474,0.0,187.74902714267023,654.3305459518474,0.0,162.81498413453528,654.3305459518474,0.0,130.16437557118394,654.3305459518474,0.0,173.41983102759747,654.3305459518474
0.0,238.22224333900462,654.3305459518474,0.0,175.85162824345286,654.3305459518474,0.0,220.26362855876647,654.3305459518474,0.0,211.62534625453225,654.3305459518474,0.0,183.2720667368684,654.3305459518474,0.0,222.2144734273707,654.3305459518474
0.0,270.14064080905854,654.3305459518474,0.0,214.58878992612176,654.3305459518474,0.0,261.73929973063804,654.3305459518474,0.0,243.7104793963484,654.3305459518474,0.0,220.2789928210201,654.3305459518474,0.0,256.4561309521425,654.3305459518474
0.0,287.8741436779246,654.3305459518474,0.0,248.3302404356068,654.3305459518474,0.0,278.85301907312623,654.3305459518474,0.0,256.68106513452943,654.3305459518474,0.0,227.0741774532995,654.3305459518474,0.0,274.5466847448686,654.3305459518474
0.0,292.86667536126674,654.3305459518474,0.0,279.4731580574742,654.3305459518474,0.0,276.7122144103943,654.3305459518474,0.0,245.93306215004057,654.3305459518474,0.0,210.50782428676916,654.3305459518474,0.0,277.16879721282186,654.3305459518474
0.0,283.9699853668147,654.3305459518474,0.0,266.565451200188,654.3305459518474,0.0,293.717396591745,654.3305459518474,0.0,222.00525896520747,654.3305459518474,0.0,198.1538425851243,654.3305459518474,0.0,266.22729948639346,654.3305459518474
0.0,258.23484886277413,654.3305459518474,0.0,185.52362035710647,654.3305459518474,0.0,269.08803178957373,654.3305459518474,0.0,196.32046111167978,654.3305459518474,0.0,187.94852540632314,654.3305459518474,0.0,240.28294852018962,654.3305459518474
0.0,213.2562277034671,654.3305459518474,0.0,114.04692307595428,654.3305459518474,0.0,234.28010887877866,654.3305459518474,0.0,148.483753952079,654.3305459518474,0.0,159.81939010655813,654.3305459518474,0.0,198.687700837227,654.3305459518474
0.0,151.5634169159329,654.3305459518474,0.0,97.0243425649665,651.3548885168138,0.0,173.4995750511742,654.3305459518474,0.0,103.43589493219368,654.3305459518474,0.0,116.4199885942298,654.3305459518474,0.0,143.33066784767308,654.3305459518474
0.0,78.74197263971425,654.3305459518474,0.0,88.9581514394839,654.3305459518474,0.0,104.07722397152358,654.3305459518474,0.0,59.66054328593986,654.3305459518474,0.0,81.27859433991024,654.3305459518474,0.0,80.4879279584552,654.3305459518474
0.0,22.944609754911685,654.3305459518474,0.0,48.3569588074112,654.3305459518474,0.0,49.75840343267407,654.3305459518474,0.0,23.95288364559701,654.3305459518474,0.0,57.47036766616828,654.3305459518474,0.0,35.2669742871241,654.3305459518474
0.0,2.735329999360837,654.3305459518474,0.0,33.69693765170052,654.3305459518474,0.0,29.681240418596317,654.3305459518474,0.0,3.9574987224795093,654.3305459518474,0.0,47.19899211663062,654.3305459518474,0.0,19.321905527399956,654.3305459518474
0.0,0.9311761699951786,654.3305459518474,0.0,37.88723041667883,654.3305459518474,0.0,28.284476163603546,654.3305459518474,0.0,2.444337446237344,654.3305459518474,0.0,47.48998466975411,654.3305459518474,0.0,18.332530846780077,654.3305459518474
0.0,0.2909925531234933,654.3305459518474,0.0,40.21517084166677,654.3305459518474,0.0,25.72374169611681,654.3305459518474,0.0,1.74595531874096,654.3305459518474,0.0,46.50060998913423,654.3305459518474,0.0,18.332530846780077,654.3305459518474
0.0,0.23279404249879465,654.3305459518474,0.0,41.78653062853363,654.3305459518474,0.0,21.882639994886695,654.3305459518474,0.0,1.5131612762421651,654.3305459518474,0.0,41.670133607284235,654.3305459518474,0.0,18.099736804281285,654.3305459518474
0.0,0.40738957437289064,654.3305459518474,0.0,43.7070814791487,654.3305459518474,0.0,15.888193400542736,654.3305459518474,0.0,1.1639702124939733,654.3305459518474,0.0,38.76020807604931,654.3305459518474,0.0,16.87756808116261,654.3305459518474
0.0,0.8147791487457813,654.3305459518474,0.0,46.03502190413665,654.3305459518474,0.0,11.697900635564432,654.3305459518474,0.0,0.698382127496384,654.3305459518474,0.0,35.15190041731799,654.3305459518474,0.0,15.18981127304635,654.3305459518474
0.0,1.74595531874096,654.3305459518474,0.0,47.95557275475169,654.3305459518474,0.0,9.078967657452992,654.3305459518474,0.0,0.5237865956222879,654.3305459518474,0.0,27.236902972358976,654.3305459518474,0.0,16.93576659178731,654.3305459518474
0.0,2.735329999360837,654.3305459518474,0.0,49.23593998849507,654.3305459518474,0.0,6.285439147467455,654.3305459518474,0.0,0.4655880849975893,654.3305459518474,0.0,21.067860846140917,654.3305459518474,0.0,22.464625101133684,654.3305459518474
0.0,3.2009180843584266,654.3305459518474,0.0,49.58513105224326,654.3305459518474,0.0,3.9574987224795093,654.3305459518474,0.0,0.5819851062469866,654.3305459518474,0.0,10.533930423070458,654.3305459518474,0.0,28.22627765297885,654.3305459518474
0.0,2.560734467486741,654.3305459518474,0.0,48.47935935037398,654.3305459518474,0.0,1.3385657443680692,654.3305459518474,0.0,0.8147791487457813,654.3305459518474,0.0,2.9681240418596317,654.3305459518474,0.0,30.612416588591497,654.3305459518474
0.0,11.1207736285726,654.3305459518474,0.0,56.26709815311507,654.3305459518474,0.0,10.29813461971497,654.3305459518474,0.0,10.880119725961956,654.3305459518474,0.0,3.9370986319857115,654.3305459518474,0.0,40.33642596217133,654.3305459518474
0.0,44.48945349397391,654.3305459518474,0.0,86.12028780069889,654.3305459518474,0.0,45.17211590124659,654.3305459518474,0.0,45.17211590124659,654.3305459518474,0.0,25.03357488670239,654.3305459518474,0.0,71.72635646633287,654.3305459518474
0.0,109.22598516362956,654.3305459518474,0.0,142.92610230517184,654.3305459518474,0.0,107.47367086520508,654.3305459518474,0.0,107.91885885970888,654.3305459518474,0.0,57.46003923215492,654.3305459518474,0.0,129.41918974098658,654.3305459518474
0.0,171.6895954290802,654.3305459518474,0.0,192.90379185648956,654.3305459518474,0.0,173.53454943943345,654.3305459518474,0.0,167.71001800669347,654.3305459518474,0.0,107.35259347368557,654.3305459518474,0.0,176.08556770840988,654.3305459518474
0.0,220.95768577396288,654.3305459518474,0.0,233.95017248306607,654.3305459518474,0.0,202.9141134129228,654.3305459518474,0.0,215.38784935464386,654.3305459518474,0.0,166.62782588515975,654.3305459518474,0.0,202.1257378763842,654.3305459518474
0.0,258.95080704889267,654.3305459518474,0.0,264.30824951620673,654.3305459518474,0.0,200.0842873632347,654.3305459518474,0.0,249.59488794912653,654.3305459518474,0.0,215.03865829089568,654.3305459518474,0.0,242.3115033449871,654.3305459518474
0.0,280.32405701693756,654.3305459518474,0.0,280.2611781360427,654.3305459518474,0.0,221.21688342866887,654.3305459518474,0.0,269.09792571706913,654.3305459518474,0.0,246.09979782180284,654.3305459518474,0.0,265.4716865417455,654.3305459518474
0.0,285.488004742312,654.3305459518474,0.0,282.3752237285973,654.3305459518474,0.0,228.524815306617,654.3305459518474,0.0,276.6008532173852,654.3305459518474,0.0,257.70505874543846,654.3305459518474,0.0,264.99355822636596,654.3305459518474
0.0,278.84533694199945,654.3305459518474,0.0,272.4388204030125,654.3305459518474,0.0,231.88778869246758,654.3305459518474,0.0,271.99513328893704,654.3305459518474,0.0,250.66136035043652,654.3305459518474,0.0,249.14766588723919,654.3305459518474
0.0,254.75229896583244,654.3305459518474,0.0,251.21640865752116,654.3305459518474,0.0,188.1627756967266,654.3305459518474,0.0,252.3708404004899,654.3305459518474,0.0,228.2624381620693,654.3305459518474,0.0,224.53101904443494,654.3305459518474
0.0,212.97927626115393,654.3305459518474,0.0,213.1256118424224,654.3305459518474,0.0,165.12684938132944,654.3305459518474,0.0,214.1857252640489,654.3305459518474,0.0,186.341578995694,654.3305459518474,0.0,145.66946989362955,654.3305459518474
0.0,157.32339085836466,654.3305459518474,0.0,156.79492389247227,654.3305459518474,0.0,136.75706017895376,654.3305459518474,0.0,158.92936957552067,654.3305459518474,0.0,130.08012890632216,654.3305459518474,0.0,67.99697141608206,622.3275173679294
0.0,93.68795052030819,654.3305459518474,0.0,91.67776171862103,654.3305459518474,0.0,87.69032443612247,654.3305459518474,0.0,96.43114037978089,654.3305459518474,0.0,71.44825960156145,654.3305459518474,0.0,44.158806182321044,654.3305459518474
0.0,41.4391959031839,654.3305459518474,0.0,42.16901747112769,654.3305459518474,0.0,43.992070510558804,654.3305459518474,0.0,48.52837484944355,654.3305459518474,0.0,22.59073832089339,654.3305459518474,0.0,25.089917058928624,654.3305459518474
0.0,12.221687231186719,654.3305459518474,0.0,19.20550850615056,654.3305459518474,0.0,22.581022122383082,654.3305459518474,0.0,31.25260020546318,654.3305459518474,0.0,0.9893746806198773,654.3305459518474,0.0,11.639702124939733,654.3305459518474
0.0,9.544555742450582,654.3305459518474,0.0,17.517751698034296,654.3305459518474,0.0,21.7662429736373,654.3305459518474,0.0,34.51171680044631,654.3305459518474,0.0,0.6401836168716852,654.3305459518474,0.0,5.121468934973482,654.3305459518474
0.0,11.115915529317444,654.3305459518474,0.0,16.237384464290926,654.3305459518474,0.0,21.184257867390315,654.3305459518474,0.0,36.37406914043667,654.3305459518474,0.0,1.8041538293656585,654.3305459518474,0.0,2.560734467486741,654.3305459518474
0.0,14.200436592426472,654.3305459518474,0.0,14.142238081801773,654.3305459518474,0.0,19.321905527399956,654.3305459518474,0.0,38.35281850167642,654.3305459518474,0.0,5.412461488096976,654.3305459518474,0.0,2.735329999360837,654.3305459518474
0.0,18.332530846780077,654.3305459518474,0.0,10.941319997443347,654.3305459518474,0.0,16.93576659178731,654.3305459518474,0.0,39.92417828854328,654.3305459518474,0.0,9.253563189327087,654.3305459518474,0.0,18.448927868029475,654.3305459518474
0.0,16.761171059913213,654.3305459518474,0.0,8.32238701933191,654.3305459518474,0.0,14.549627656174666,654.3305459518474,0.0,42.48491275603003,654.3305459518474,0.0,11.232312550566842,654.3305459518474,0.0,54.00821785972036,654.3305459518474
0.0,11.174114039942143,654.3305459518474,0.0,7.9731959555837175,654.3305459518474,0.0,10.88312148681865,654.3305459518474,0.0,44.98744871289207,654.3305459518474,0.0,13.734848507428882,654.3305459518474,0.0,57.500128497202276,654.3305459518474
0.0,7.449409359961429,654.3305459518474,0.0,9.777349784949376,654.3305459518474,0.0,8.496982551206004,654.3305459518474,0.0,47.664580201628205,654.3305459518474,0.0,16.17918595366623,654.3305459518474,0.0,56.6271508378318,654.3305459518474
0.0,7.100218296213236,654.3305459518474,0.0,13.0946648905572,654.3305459518474,0.0,8.438784040581305,654.3305459518474,0.0,49.643329562867955,654.3305459518474,0.0,18.390729357404776,654.3305459518474,0.0,54.00821785972036,654.3305459518474
0.0,10.068342338072869,654.3305459518474,0.0,15.364406804920447,654.3305459518474,0.0,8.6133795724554,654.3305459518474,0.0,50.98189530723602,654.3305459518474,0.0,23.163007228630068,654.3305459518474,0.0,51.389284881608916,654.3305459518474
0.0,22.749436403558732,654.3305459518474,0.0,23.998364196854702,654.3305459518474,0.0,18.43020638694908,654.3305459518474,0.0,61.00475709405121,654.3305459518474,0.0,34.873625823561504,654.3305459518474,0.0,57.86203752031747,654.3305459518474
0.0,50.751135332120754,654.3305459518474,0.0,52.57268749112351,654.3305459518474,0.0,50.90232901264436,654.3305459518474,0.0,93.41550171928003,654.3305459518474,0.0,70.14713681935416,654.3305459518474,0.0,93.20478637668845,654.3305459518474
0.0,65.44091731886543,654.3305459518474,0.0,107.25959830378669,654.3305459518474,0.0,116.81387024474758,654.3305459518474,0.0,157.7996628353457,654.3305459518474,0.0,141.29336451783854,654.3305459518474,0.0,163.4733560455322,654.3305459518474
0.0,119.63680412779698,654.3305459518474,0.0,188.77787885283442,654.3305459518474,0.0,179.82802617599782,654.3305459518474,0.0,215.0740671856729,654.3305459518474,0.0,208.82024520763795,654.3305459518474,0.0,226.67782722888023,654.3305459518474
0.0,194.37879925463074,654.3305459518474,0.0,252.57987713366805,654.3305459518474,0.0,229.71272055741665,654.3305459518474,0.0,229.04506695442745,654.3305459518474,0.0,260.91330350295357,654.3305459518474,0.0,269.82553548864433,654.3305459518474
0.0,234.40736752099664,654.3305459518474,0.0,290.1513899944296,654.3305459518474,0.0,264.1871721246872,654.3305459518474,0.0,177.44585669471502,654.3305459518474,0.0,294.63585480237316,654.3305459518474,0.0,255.82309627944244,654.3305459518474
0.0,252.56883778371446,654.3305459518474,0.0,306.9394978535052,654.3305459518474,0.0,281.89391592337597,654.3305459518474,0.0,137.2033935959158,654.3305459518474,0.0,310.6627016530576,654.3305459518474,0.0,220.53386556342605,654.3305459518474
0.0,265.2282086072632,654.3305459518474,0.0,300.34566782327715,654.3305459518474,0.0,286.82824909609343,654.3305459518474,0.0,135.3820191658981,654.3305459518474,0.0,310.2663514286383,654.3305459518474,0.0,254.55844876592275,654.3305459518474
0.0,233.18255249499137,654.3305459518474,0.0,267.1704826998154,654.3305459518474,0.0,276.81006767954835,654.3305459518474,0.0,138.844168972346,654.3305459518474,0.0,299.14239831022394,654.3305459518474,0.0,227.24409261490354,654.3305459518474
0.0,194.40609151176324,654.3305459518474,0.0,220.2917107803871,654.3305459518474,0.0,251.42412223925606,654.3305459518474,0.0,132.9455415797726,654.3305459518474,0.0,267.6675102252604,654.3305459518474,0.0,173.32162230047328,654.3305459518474
0.0,154.44190300672042,654.3305459518474,0.0,169.91466924379336,654.3305459518474,0.0,203.89412735300246,654.3305459518474,0.0,132.03626638069957,654.3305459518474,0.0,217.8645939348018,654.3305459518474,0.0,157.57004828268867,654.3305459518474
0.0,122.4258299964975,654.3305459518474,0.0,103.7514347591259,654.3305459518474,0.0,135.86854052834462,654.3305459518474,0.0,120.61028135920812,654.3305459518474,0.0,174.13172107894897,654.3305459518474,0.0,128.4562186725739,654.3305459518474
0.0,85.48814177292412,654.3305459518474,0.0,68.37556785289414,654.3305459518474,0.0,73.97905550902914,654.3305459518474,0.0,97.64827327465932,654.3305459518474,0.0,116.76917965797799,654.3305459518474,0.0,93.40764185916817,654.3305459518474
0.0,40.39162271193933,654.3305459518474,0.0,57.460829196643026,654.3305459518474,0.0,30.45539711533956,654.3305459518474,0.0,66.67995118466604,654.3305459518474,0.0,69.63871448598545,654.3305459518474,0.0,58.753914389753405,654.3305459518474
0.0,12.396282763060816,654.3305459518474,0.0,53.42623275347337,654.3305459518474,0.0,9.719151274324677,654.3305459518474,0.0,51.09829232848543,654.3305459518474,0.0,51.331086370984224,654.3305459518474,0.0,41.20454552228665,654.3305459518474
0.0,5.645255530595771,654.3305459518474,0.0,53.193438710974576,654.3305459518474,0.0,8.438784040581305,654.3305459518474,0.0,46.09322041476134,654.3305459518474,0.0,51.04009381786073,654.3305459518474,0.0,31.194401694838486,654.3305459518474
0.0,1.8041538293656585,654.3305459518474,0.0,55.579577646587225,654.3305459518474,0.0,8.089592976833115,654.3305459518474,0.0,37.30524531043184,654.3305459518474,0.0,50.98189530723602,654.3305459518474,0.0,22.29002956925959,654.3305459518474
0.0,0.6401836168716852,654.3305459518474,0.0,55.754173178461315,654.3305459518474,0.0,7.624004891835525,654.3305459518474,0.0,27.877086589230657,654.3305459518474,0.0,48.77035190349748,654.3305459518474,0.0,16.004590421792134,654.3305459518474
0.0,0.4655880849975893,654.3305459518474,0.0,55.92876871033541,654.3305459518474,0.0,6.92562276433914,654.3305459518474,0.0,21.242456378015014,654.3305459518474,0.0,44.98744871289207,654.3305459518474,0.0,12.338084252436117,654.3305459518474
0.0,0.5237865956222879,654.3305459518474,0.0,54.93939402971553,654.3305459518474,0.0,6.0526451049686605,654.3305459518474,0.0,16.17918595366623,654.3305459518474,0.0,40.447964884165565,654.3305459518474,0.0,10.126540848697566,654.3305459518474
0.0,0.5819851062469866,654.3305459518474,0.0,52.49505658347819,654.3305459518474,0.0,5.7034540412204695,654.3305459518474,0.0,12.454481273685513,654.3305459518474,0.0,35.67568701294028,654.3305459518474,0.0,9.253563189327087,654.3305459518474
0.0,0.4655880849975893,654.3305459518474,0.0,49.93432211599145,654.3305459518474,0.0,5.470659998721674,654.3305459518474,0.0,9.893746806198772,654.3305459518474,0.0,31.659989779836074,654.3305459518474,0.0,9.369960210576485,654.3305459518474
0.0,0.23279404249879465,654.3305459518474,0.0,46.442411478509534,654.3305459518474,0.0,5.354262977472277,654.3305459518474,0.0,7.85679893433432,654.3305459518474,0.0,26.713116376736686,654.3305459518474,0.0,8.380585529956607,654.3305459518474
0.0,0.05819851062469866,654.3305459518474,0.0,41.84472913915834,654.3305459518474,0.0,4.946873403099386,654.3305459518474,0.0,6.401836168716853,654.3305459518474,0.0,23.337602760504165,654.3305459518474,0.0,6.460034679341552,654.3305459518474
0.0,5.119968054545136,654.3305459518474,0.0,45.899903401806846,654.3305459518474,0.0,12.766051646287861,654.3305459518474,0.0,10.757363725029055,654.3305459518474,0.0,30.493017806485405,654.3305459518474,0.0,9.659451883271633,654.3305459518474
0.0,34.81578277090692,654.3305459518474,0.0,77.20805581500815,654.3305459518474,0.0,44.3462974025472,654.3305459518474,0.0,40.26286318929304,654.3305459518474,0.0,62.5309917876305,654.3305459518474,0.0,30.930523669862406,654.3305459518474
0.0,89.42877535272169,654.3305459518474,0.0,140.98047099379286,654.3305459518474,0.0,113.55475364976445,654.3305459518474,0.0,84.11213306639524,654.3305459518474,0.0,124.77284736053595,654.3305459518474,0.0,109.94626826204808,654.3305459518474
0.0,159.74300330180822,654.3305459518474,0.0,189.35368270838293,654.3305459518474,0.0,178.17488829817069,654.3305459518474,0.0,125.06401764264449,654.3305459518474,0.0,174.25333165742364,654.3305459518474,0.0,191.5337866716741,654.3305459518474
0.0,214.69732708725934,654.3305459518474,0.0,237.14641019715438,654.3305459518474,0.0,228.69190643634937,654.3305459518474,0.0,162.60259018253032,654.3305459518474,0.0,223.59851972299649,654.3305459518474,0.0,238.04446831728876,654.3305459518474
0.0,247.12379143271184,654.3305459518474,0.0,274.9634350597817,654.3305459518474,0.0,262.4836955963473,654.3305459518474,0.0,197.8100428075864,654.3305459518474,0.0,261.64515913828086,654.3305459518474,0.0,265.31952516774874,654.3305459518474
0.0,265.84666898219785,654.3305459518474,0.0,289.81845183786027,654.3305459518474,0.0,280.23291818543703,654.3305459518474,0.0,228.35525560298314,654.3305459518474,0.0,287.0279250887315,654.3305459518474,0.0,286.71803332554254,654.3305459518474
0.0,272.0535095285468,654.3305459518474,0.0,288.4216875828675,654.3305459518474,0.0,282.62223661089143,654.3305459518474,0.0,239.79378085485652,654.3305459518474,0.0,299.312668929798,654.3305459518474,0.0,263.9416601228214,654.3305459518474
0.0,263.48243101750734,654.3305459518474,0.0,263.93865836196477,654.3305459518474,0.0,269.99298207634683,654.3305459518474,0.0,232.41661111633007,654.3305459518474,0.0,291.2386179442036,654.3305459518474,0.0,209.50326307288074,654.3305459518474
0.0,237.13069047693068,654.3305459518474,0.0,198.5855226557729,654.3305459518474,0.0,241.3793594815187,654.3305459518474,0.0,200.60357131757195,654.3305459518474,0.0,269.7755522961016,654.3305459518474,0.0,201.78158264087625,654.3305459518474
0.0,193.6809503140895,654.3305459518474,0.0,135.57922658463457,654.3305459518474,0.0,196.66497180515785,654.3305459518474,0.0,151.82146914818063,654.3305459518474,0.0,230.53968447857423,654.3305459518474,0.0,193.33476101119803,654.3305459518474
0.0,137.0356902306804,654.3305459518474,0.0,76.24579566253567,630.5763416143831,0.0,137.73107059732007,654.3305459518474,0.0,103.91234463815981,654.3305459518474,0.0,174.8302809354304,654.3305459518474,0.0,137.9352492312431,654.3305459518474
0.0,75.77066910801285,654.3305459518474,0.0,31.732762588226233,654.3305459518474,0.0,70.79553575430782,654.3305459518474,0.0,62.31391746535539,654.3305459518474,0.0,108.46569184871154,654.3305459518474,0.0,79.94824391362415,654.3305459518474
0.0,26.905287967232944,654.3305459518474,0.0,7.133336346074039,654.3305459518474,0.0,21.016199044184777,654.3305459518474,0.0,35.55160786056409,654.3305459518474,0.0,60.144497394047725,654.3305459518474,0.0,37.646754243053245,654.3305459518474
0.0,4.714079360600592,654.3305459518474,0.0,0.4655880849975893,654.3305459518474,0.0,3.7247046799807144,654.3305459518474,0.0,25.72374169611681,654.3305459518474,0.0,39.86597977791859,654.3305459518474,0.0,21.417051909889107,654.3305459518474
0.0,3.259116594983125,654.3305459518474,0.0,0.174595531874096,654.3305459518474,0.0,1.8041538293656585,654.3305459518474,0.0,29.506644886722224,654.3305459518474,0.0,38.00362743792823,654.3305459518474,0.0,18.914515953027067,654.3305459518474
0.0,2.2115434037385495,654.3305459518474,0.0,0.0,654.3305459518474,0.0,0.6401836168716852,654.3305459518474,0.0,32.940357013579444,654.3305459518474,0.0,39.3421931822963,654.3305459518474,0.0,20.660471271768024,654.3305459518474
0.0,2.0951463824891516,654.3305459518474,0.0,0.0,654.3305459518474,0.0,0.05819851062469866,654.3305459518474,0.0,34.97730488544389,654.3305459518474,0.0,42.193920202906526,654.3305459518474,0.0,22.813816164881878,654.3305459518474
0.0,2.560734467486741,654.3305459518474,0.0,0.0,654.3305459518474,0.0,0.0,654.3305459518474,0.0,36.490466161686065,654.3305459518474,0.0,44.75465467039327,654.3305459518474,0.0,21.7662429736373,654.3305459518474
0.0,4.015697233104208,654.3305459518474,0.0,0.0,654.3305459518474,0.0,0.0,654.3305459518474,0.0,37.94542892730353,654.3305459518474,0.0,46.03502190413665,654.3305459518474,0.0,20.136684676145737,654.3305459518474
0.0,5.528858509346373,654.3305459518474,0.0,0.0,654.3305459518474,0.0,0.05819851062469866,654.3305459518474,0.0,40.33156786291617,654.3305459518474,0.0,47.25719062725532,654.3305459518474,0.0,18.79811893177767,654.3305459518474
0.0,9.195364678702388,654.3305459518474,0.0,0.0,654.3305459518474,0.0,0.174595531874096,654.3305459518474,0.0,42.65950828790412,654.3305459518474,0.0,48.18836679725049,654.3305459518474,0.0,17.983339783031887,654.3305459518474
0.0,19.72929510177285,654.3305459518474,0.0,0.0,654.3305459518474,0.0,0.5237865956222879,654.3305459518474,0.0,44.114471053521584,654.3305459518474,0.0,48.362962329124585,654.3305459518474,0.0,17.110362123661407,654.3305459518474
0.0,33.05675403482884,654.3305459518474,0.0,0.0,654.3305459518474,0.0,0.87297765937048,654.3305459518474,0.0,44.17266956414628,654.3305459518474,0.0,48.130168286625796,654.3305459518474,0.0,16.819369570537912,654.3305459518474
0.0,50.95999433631388,654.3305459518474,0.0,10.581267312726613,654.3305459518474,0.0,10.088920157551724,654.3305459518474,0.0,49.835323424379155,654.3305459518474,0.0,57.563185107082134,654.3305459518474,0.0,26.4191220627565,654.3305459518474
0.0,86.3892016539152,654.3305459518474,0.0,45.39705008363354,654.3305459518474,0.0,43.58185690431427,654.3305459518474,0.0,83.42107761205556,654.3305459518474,0.0,92.44502624872561,654.3305459518474,0.0,60.827515259290536,654.3305459518474
0.0,141.58417934197695,654.3305459518474,0.0,115.71127803272007,654.3305459518474,0.0,100.35137386908465,654.3305459518474,0.0,141.43166251001006,654.3305459518474,0.0,154.44772879944875,654.3305459518474,0.0,130.4559013112626,654.3305459518474
0.0,202.98599757638766,654.3305459518474,0.0,181.24686913089778,654.3305459518474,0.0,138.580468676355,654.3305459518474,0.0,194.70140897718667,654.3305459518474,0.0,213.28563307653098,654.3305459518474,0.0,194.01742341847068,654.3305459518474
0.0,253.06568758017443,654.3305459518474,0.0,232.1052184727128,654.3305459518474,0.0,172.71358903998922,654.3305459518474,0.0,243.36243375505848,654.3305459518474,0.0,243.1717630449906,654.3305459518474,0.0,241.20608710108795,654.3305459518474
0.0,287.68011574902994,654.3305459518474,0.0,266.92100124361974,654.3305459518474,0.0,207.8707030145325,654.3305459518474,0.0,269.19674667969633,654.3305459518474,0.0,214.6163389607872,654.3305459518474,0.0,271.71200059592536,654.3305459518474
0.0,300.92597432011075,654.3305459518474,0.0,284.6702238327095,654.3305459518474,0.0,244.3931418036211,654.3305459518474,0.0,286.60313718472145,654.3305459518474,0.0,228.9522495135136,654.3305459518474,0.0,285.275610790307,654.3305459518474
0.0,297.5394213539246,654.3305459518474,0.0,287.0595422581639,654.3305459518474,0.0,272.04096929816484,654.3305459518474,0.0,288.8100002181899,654.3305459518474,0.0,259.22218947601056,654.3305459518474,0.0,280.59765124042394,654.3305459518474
0.0,263.83576926457044,654.3305459518474,0.0,273.46449262333493,654.3305459518474,0.0,267.77825918276653,654.3305459518474,0.0,279.04819242447917,654.3305459518474,0.0,268.4381319741918,654.3305459518474,0.0,273.87638483899286,654.3305459518474
0.0,237.0672784090807,654.3305459518474,0.0,244.6259358461199,654.3305459518474,0.0,240.67779786418058,654.3305459518474,0.0,248.938629154061,654.3305459518474,0.0,257.7986661508404,654.3305459518474,0.0,253.63080754373948,654.3305459518474
0.0,204.86574824601513,654.3305459518474,0.0,199.51987831560984,654.3305459518474,0.0,197.58510862519944,654.3305459518474,0.0,204.44599617024537,654.3305459518474,0.0,197.65831594010763,654.3305459518474,0.0,216.136214674683,654.3305459518474
0.0,161.49460668429245,654.3305459518474,0.0,139.33704931447608,654.3305459518474,0.0,139.45812670599557,654.3305459518474,0.0,148.07918840957774,654.3305459518474,0.0,156.23298341874897,654.3305459518474,0.0,162.55189607404736,654.3305459518474
0.0,109.97399502569856,654.3305459518474,0.0,70.50454320118432,654.3305459518474,0.0,73.24773306065701,654.3305459518474,0.0,87.63530541533953,654.3305459518474,0.0,110.2618080889803,654.3305459518474,0.0,96.48465852013547,654.3305459518474
0.0,71.49320696586398,654.3305459518474,0.0,16.799147209029172,654.3305459518474,0.0,21.132596065434175,654.3305459518474,0.0,38.29647632945018,654.3305459518474,0.0,63.76684616358934,654.3305459518474,0.0,40.56303875397168,654.3305459518474
0.0,52.3786595622288,654.3305459518474,0.0,0.5819851062469866,654.3305459518474,0.0,2.61893297811144,654.3305459518474,0.0,15.364406804920447,654.3305459518474,0.0,50.749101264737234,654.3305459518474,0.0,14.840620209298159,654.3305459518474
0.0,55.87057019971072,654.3305459518474,0.0,0.4655880849975893,654.3305459518474,0.0,2.0951463824891516,654.3305459518474,0.0,16.237384464290926,654.3305459518474,0.0,47.25719062725532,654.3305459518474,0.0,7.216615317462634,654.3305459518474
0.0,54.99759254034023,654.3305459518474,0.0,0.5237865956222879,654.3305459518474,0.0,2.15334489311385,654.3305459518474,0.0,20.136684676145737,654.3305459518474,0.0,41.029949990412554,654.3305459518474,0.0,1.5131612762421651,654.3305459518474
0.0,43.00869935165231,654.3305459518474,0.0,0.9893746806198773,654.3305459518474,0.0,1.920550850615056,654.3305459518474,0.0,25.374550632368617,654.3305459518474,0.0,34.104327226073416,654.3305459518474,0.0,0.0,654.3305459518474
0.0,22.98841169675597,654.3305459518474,0.0,1.74595531874096,654.3305459518474,0.0,0.9893746806198773,654.3305459518474,0.0,29.85583595047041,654.3305459518474,0.0,27.877086589230657,654.3305459518474,0.0,0.0,654.3305459518474
0.0,18.79811893177767,654.3305459518474,0.0,2.3861389356126455,654.3305459518474,0.0,0.23279404249879465,654.3305459518474,0.0,31.834585311710175,654.3305459518474,0.0,22.930213186131272,654.3305459518474,0.0,1.0475731912445758,654.3305459518474
0.0,29.85583595047041,654.3305459518474,0.0,2.61893297811144,654.3305459518474,0.0,0.11639702124939733,654.3305459518474,0.0,30.728813609840895,654.3305459518474,0.0,18.79811893177767,654.3305459518474,0.0,3.3755136162325226,654.3305459518474
0.0,37.770833395429435,654.3305459518474,0.0,2.0951463824891516,654.3305459518474,0.0,0.23279404249879465,654.3305459518474,0.0,29.15745382297403,654.3305459518474,0.0,16.17918595366623,654.3305459518474,0.0,4.248491275603002,654.3305459518474
0.0,38.76020807604931,654.3305459518474,0.0,1.0475731912445758,654.3305459518474,0.0,0.6401836168716852,654.3305459518474,0.0,27.00410892986018,654.3305459518474,0.0,13.385657443680692,654.3305459518474,0.0,3.899300211854811,654.3305459518474
0.0,42.07752318165713,654.3305459518474,0.0,0.4655880849975893,654.3305459518474,0.0,2.2115434037385495,654.3305459518474,0.0,21.882639994886695,654.3305459518474,0.0,10.708525954944554,654.3305459518474,0.0,3.4337121268572206,654.3305459518474
0.0,51.79835306539521,654.3305459518474,0.0,9.107405337043694,654.3305459518474,0.0,14.054278740143081,654.3305459518474,0.0,22.06677399628605,654.3305459518474,0.0,18.895794471946672,654.3305459518474,0.0,13.73970660668404,654.3305459518474
0.0,87.67742874777042,654.3305459518474,0.0,42.2747306003936,654.3305459518474,0.0,48.08672180275162,654.3305459518474,0.0,46.011975510756265,654.3305459518474,0.0,50.32820376650922,654.3305459518474,0.0,46.89131214981025,654.3305459518474
0.0,128.31156170071887,654.3305459518474,0.0,112.24762734584378,654.3305459518474,0.0,103.36665707161536,654.3305459518474,0.0,80.733439960321,654.3305459518474,0.0,115.99123123588994,654.3305459518474,0.0,104.81693946696274,654.3305459518474
0.0,159.7486513655515,654.3305459518474,0.0,176.7010263224878,654.3305459518474,0.0,168.08111004136381,654.3305459518474,0.0,125.16787443351195,654.3305459518474,0.0,178.19846787850625,654.3305459518474,0.0,165.11616548934595,654.3305459518474
0.0,204.82326945561414,654.3305459518474,0.0,226.8767132570301,654.3305459518474,0.0,230.7883759702818,654.3305459518474,0.0,169.5330710461246,654.3305459518474,0.0,226.82637460651728,654.3305459518474,0.0,221.31155720798117,654.3305459518474
0.0,261.91053804368534,654.3305459518474,0.0,260.50176674526574,654.3305459518474,0.0,269.92188787737,654.3305459518474,0.0,212.21519122089109,654.3305459518474,0.0,260.04403852038,654.3305459518474,0.0,258.14388776025874,654.3305459518474
0.0,303.2305128937482,654.3305459518474,0.0,279.41495954684956,654.3305459518474,0.0,285.560244363747,654.3305459518474,0.0,231.96674275155618,654.3305459518474,0.0,278.13459231310617,654.3305459518474,0.0,275.24506687236504,654.3305459518474
0.0,307.90379207336116,654.3305459518474,0.0,280.8856420326907,654.3305459518474,0.0,280.4073359883261,654.3305459518474,0.0,235.1251820455136,654.3305459518474,0.0,280.9313003129334,654.3305459518474,0.0,278.7983555103134,654.3305459518474
0.0,300.8050746575763,654.3305459518474,0.0,254.47570298148932,654.3305459518474,0.0,260.65896394750274,654.3305459518474,0.0,226.43770651322478,654.3305459518474,0.0,269.7570085440063,654.3305459518474,0.0,270.0180625371107,654.3305459518474
0.0,276.62875771002064,654.3305459518474,0.0,189.3789408981319,654.3305459518474,0.0,232.4794899972249,654.3305459518474,0.0,209.35224712134217,654.3305459518474,0.0,244.08793041070228,654.3305459518474,0.0,244.33476556401138,654.3305459518474
0.0,235.65011406359415,654.3305459518474,0.0,130.8020906141541,654.3305459518474,0.0,191.5936637917122,654.3305459518474,0.0,176.53411292174047,654.3305459518474,0.0,200.41325606547414,654.3305459518474,0.0,195.51018460421906,654.3305459518474
0.0,178.04691874001253,654.3305459518474,0.0,86.7043069743294,641.0348529261768,0.0,146.02501993706124,654.3305459518474,0.0,132.1531965889041,654.3305459518474,0.0,140.54817868764118,654.3305459518474,0.0,125.36269232689479,654.3305459518474
0.0,108.3257152471266,654.3305459518474,0.0,56.53504431285817,654.3305459518474,0.0,96.43114037978089,654.3305459518474,0.0,76.70970513811987,654.3305459518474,0.0,72.54149107304877,654.3305459518474,0.0,61.64079352760796,654.3305459518474
0.0,50.07297556613311,654.3305459518474,0.0,22.56079976087434,654.3305459518474,0.0,56.28449648275217,654.3305459518474,0.0,29.63275810648193,654.3305459518474,0.0,19.444839257317913,654.3305459518474,0.0,19.41490069729886,654.3305459518474
0.0,24.967161057995725,654.3305459518474,0.0,4.888674892474688,654.3305459518474,0.0,39.691384246044485,654.3305459518474,0.0,8.380585529956607,654.3305459518474,0.0,1.4549627656174666,654.3305459518474,0.0,1.8623523399903572,654.3305459518474
0.0,15.946391911167435,654.3305459518474,0.0,4.015697233104208,654.3305459518474,0.0,38.70200956542461,654.3305459518474,0.0,7.624004891835525,654.3305459518474,0.0,1.6295582974915626,654.3305459518474,0.0,0.349191063748192,654.3305459518474
0.0,8.846173614954198,654.3305459518474,0.0,3.3755136162325226,654.3305459518474,0.0,39.2257961610469,654.3305459518474,0.0,6.634630211215648,654.3305459518474,0.0,2.2115434037385495,654.3305459518474,0.0,0.05819851062469866,654.3305459518474
0.0,4.655880849975893,654.3305459518474,0.0,2.444337446237344,654.3305459518474,0.0,41.37914105416075,654.3305459518474,0.0,6.401836168716853,654.3305459518474,0.0,3.6665061693560155,654.3305459518474,0.0,0.0,654.3305459518474
0.0,2.15334489311385,654.3305459518474,0.0,1.5713597868668638,654.3305459518474,0.0,42.135721692281834,654.3305459518474,0.0,6.92562276433914,654.3305459518474,0.0,5.528858509346373,654.3305459518474,0.0,0.0,654.3305459518474
0.0,1.5713597868668638,654.3305459518474,0.0,4.772277871225291,654.3305459518474,0.0,39.80778126729388,654.3305459518474,0.0,8.32238701933191,654.3305459518474,0.0,5.645255530595771,654.3305459518474,0.0,0.4655880849975893,654.3305459518474
0.0,1.6295582974915626,654.3305459518474,0.0,6.867424253714441,654.3305459518474,0.0,35.26829743856739,654.3305459518474,0.0,10.47573191244576,654.3305459518474,0.0,2.8517270206102348,654.3305459518474,0.0,1.4549627656174666,654.3305459518474
0.0,1.5713597868668638,654.3305459518474,0.0,7.740401913084923,654.3305459518474,0.0,29.215652333598733,654.3305459518474,0.0,12.279885741811418,654.3305459518474,0.0,2.3279404249879465,654.3305459518474,0.0,2.2115434037385495,654.3305459518474
0.0,1.74595531874096,654.3305459518474,0.0,7.914997444959019,654.3305459518474,0.0,24.094183398625244,654.3305459518474,0.0,13.443855954305391,654.3305459518474,0.0,4.830476381849989,654.3305459518474,0.0,3.3755136162325226,654.3305459518474
0.0,2.61893297811144,654.3305459518474,0.0,7.682203402460224,654.3305459518474,0.0,22.581022122383082,654.3305459518474,0.0,14.142238081801773,654.3305459518474,0.0,8.380585529956607,654.3305459518474,0.0,3.7829031906054134,654.3305459518474
0.0,13.049184339299506,654.3305459518474,0.0,12.27052500127122,654.3305459518474,0.0,30.982185471818546,654.3305459518474,0.0,24.1572400085051,654.3305459518474,0.0,16.075506891783835,654.3305459518474,0.0,13.972500649182834,654.3305459518474
0.0,45.51812747515303,654.3305459518474,0.0,40.07722830746535,654.3305459518474,0.0,58.12044521053534,654.3305459518474,0.0,53.99939030613533,654.3305459518474,0.0,44.70334832640725,654.3305459518474,0.0,47.41509874543253,654.3305459518474
0.0,113.90862508378274,654.3305459518474,0.0,79.88086239144431,654.3305459518474,0.0,116.92072879647172,654.3305459518474,0.0,116.07451020727855,654.3305459518474,0.0,108.61724098720526,654.3305459518474,0.0,112.0619924640161,654.3305459518474
0.0,176.93064087514483,654.3305459518474,0.0,116.3797216001974,654.3305459518474,0.0,178.3100068005005,654.3305459518474,0.0,176.64900906256153,654.3305459518474,0.0,170.89839586066998,654.3305459518474,0.0,168.06706893055352,654.3305459518474
0.0,230.14686920196684,654.3305459518474,0.0,151.26942260195267,654.3305459518474,0.0,225.2894560209545,654.3305459518474,0.0,223.60487870268,654.3305459518474,0.0,221.29901697759922,654.3305459518474,0.0,212.19947150066739,654.3305459518474
